75294.118
134736.842
53706.294
76800.0
80000.0
79175.258
80842.105
81702.128
80842.105
80000.0
80842.105
79175.258
79175.258
78367.347
78367.347
76800.0
74563.107
76039.604
75294.118
75294.118
72452.83
72452.83
74563.107
73142.857
76039.604
75294.118
74563.107
76039.604
76039.604
76039.604
75294.118
75294.118
75294.118
74563.107
75294.118
73846.154
74563.107
74563.107
97215.19
65084.746
73846.154
75294.118
82580.645
69189.189
76039.604
75294.118
76039.604
94814.815
66206.897
75294.118
90352.941
65641.026
73846.154
132413.793
49870.13
73142.857
73846.154
75294.118
75294.118
74563.107
75294.118
94814.815
64000.0
72452.83
150588.235
137142.857
73846.154
187317.073
121904.762
307200.0
307200.0
142222.222
256000.0
102400.0
76039.604
333913.043
98461.538
76800.0
77575.758
76039.604
156734.694
147692.308
264827.586
108169.014
192000.0
130169.492
256000.0
111304.348
78367.347
256000.0
112941.176
333913.043
103783.784
79175.258
79175.258
79175.258
80000.0
77575.758
78367.347
75294.118
76800.0
93658.537
63471.074
71111.111
67964.602
73846.154
62950.82
67964.602
67368.421
68571.429
71775.701
71111.111
74563.107
96000.0
333913.043
73846.154
74563.107
73142.857
76039.604
74563.107
320000.0
99740.26
77575.758
77575.758
76800.0
76039.604
77575.758
137142.857
52602.74
77575.758
79175.258
80000.0
80842.105
81702.128
80842.105
139636.364
153600.0
55652.174
66782.609
80842.105
81702.128
83478.261
83478.261
84395.604
83478.261
84395.604
88275.862
1536000.0
81702.128
83478.261
82580.645
81702.128
79175.258
81702.128
320000.0
102400.0
80000.0
78367.347
79175.258
79175.258
78367.347
79175.258
79175.258
78367.347
78367.347
132413.793
55251.799
77575.758
79175.258
80842.105
78367.347
80000.0
80000.0
78367.347
79175.258
79175.258
77575.758
78367.347
76800.0
232727.273
114626.866
75294.118
75294.118
75294.118
75294.118
75294.118
80842.105
1536000.0
76800.0
75294.118
75294.118
137142.857
51200.0
75294.118
76800.0
76039.604
77575.758
78367.347
76800.0
75294.118
75294.118
73142.857
202105.263
118153.846
93658.537
63471.074
71775.701
72452.83
72452.83
72452.83
70458.716
88275.862
62950.82
71775.701
71775.701
73142.857
71775.701
71775.701
94814.815
64000.0
74563.107
74563.107
74563.107
75294.118
75294.118
75294.118
76039.604
75294.118
76039.604
77575.758
86292.135
71775.701
77575.758
77575.758
78367.347
78367.347
76800.0
77575.758
77575.758
77575.758
76800.0
76800.0
77575.758
134736.842
51891.892
74563.107
77575.758
78367.347
77575.758
77575.758
78367.347
77575.758
77575.758
76800.0
77575.758
77575.758
78367.347
78367.347
78367.347
79175.258
77575.758
78367.347
134736.842
52965.517
76039.604
76800.0
78367.347
137142.857
52602.74
76800.0
79175.258
77575.758
132413.793
55251.799
77575.758
80842.105
80842.105
83478.261
81702.128
82580.645
82580.645
137142.857
56888.889
80000.0
81702.128
83478.261
80842.105
82580.645
79175.258
134736.842
56058.394
83478.261
80000.0
81702.128
79175.258
80842.105
80842.105
132413.793
56470.588
79175.258
80000.0
80842.105
80842.105
105205.479
349090.909
247741.935
116363.636
134736.842
54857.143
240000.0
118153.846
182857.143
144905.66
256000.0
120000.0
256000.0
120000.0
264827.586
114626.866
264827.586
116363.636
264827.586
114626.866
264827.586
112941.176
247741.935
114626.866
264827.586
187317.073
274285.714
78367.347
333913.043
103783.784
78367.347
78367.347
196923.077
130169.492
80000.0
79175.258
85333.333
853333.333
79175.258
78367.347
78367.347
93658.537
512000.0
320000.0
219428.571
54468.085
137142.857
174545.455
79175.258
78367.347
116363.636
264827.586
79175.258
80000.0
196923.077
134736.842
284444.444
109714.286
79175.258
78367.347
77575.758
77575.758
76800.0
76039.604
88275.862
66782.609
73846.154
73142.857
73142.857
71111.111
69818.182
137142.857
46545.455
70458.716
73142.857
73846.154
72452.83
71111.111
70458.716
69818.182
70458.716
70458.716
71775.701
71111.111
108169.014
60000.0
68571.429
70458.716
73142.857
66206.897
69189.189
69818.182
84395.604
64000.0
70458.716
69189.189
69818.182
69818.182
137142.857
50196.078
71775.701
71775.701
73142.857
71775.701
84395.604
62950.82
69189.189
67964.602
132413.793
52602.74
66206.897
68571.429
68571.429
67964.602
67368.421
105205.479
56058.394
65641.026
66782.609
94814.815
54468.085
64000.0
61935.484
70458.716
60952.381
64000.0
64000.0
64537.815
64000.0
65084.746
65084.746
64537.815
83478.261
54468.085
66782.609
66782.609
67964.602
69189.189
128000.0
46829.268
69189.189
71111.111
71111.111
71775.701
70458.716
69818.182
69818.182
68571.429
68571.429
67964.602
247741.935
96000.0
69189.189
320000.0
86292.135
144905.66
121904.762
174545.455
120000.0
274285.714
93658.537
247741.935
108169.014
333913.043
960000.0
103783.784
240000.0
102400.0
240000.0
170666.667
264827.586
71775.701
70458.716
68571.429
69818.182
132413.793
46265.06
67964.602
69189.189
67368.421
66206.897
66782.609
65641.026
64000.0
65641.026
134736.842
42197.802
65641.026
66206.897
66782.609
67368.421
66206.897
65084.746
66206.897
66206.897
65084.746
66782.609
65641.026
64537.815
66782.609
66782.609
66206.897
66206.897
67368.421
66206.897
65641.026
66782.609
65641.026
65084.746
66206.897
64000.0
64537.815
65641.026
64000.0
65084.746
66206.897
81702.128
147692.308
90352.941
130169.492
128000.0
54857.143
64537.815
130169.492
43885.714
66782.609
67368.421
66782.609
67964.602
67368.421
66782.609
66206.897
67368.421
132413.793
45443.787
67964.602
71775.701
71775.701
69818.182
71111.111
67964.602
132413.793
42905.028
64000.0
63471.074
60952.381
59534.884
59534.884
56470.588
103783.784
48000.0
52602.74
52602.74
52965.517
58181.818
56470.588
57313.433
58181.818
56888.889
56888.889
55652.174
54857.143
56888.889
55652.174
56058.394
57313.433
56470.588
56470.588
57744.361
56888.889
56470.588
58181.818
56058.394
55652.174
55251.799
54084.507
55251.799
55251.799
54468.085
55251.799
54084.507
54084.507
55652.174
54468.085
55652.174
55251.799
54857.143
55251.799
57313.433
55251.799
55652.174
56058.394
54084.507
54857.143
54468.085
54084.507
56058.394
54084.507
54857.143
54468.085
53333.333
54084.507
56888.889
54857.143
53706.294
55251.799
53333.333
53333.333
54857.143
53333.333
53333.333
54468.085
52602.74
54084.507
53333.333
52602.74
53706.294
54084.507
53333.333
54468.085
53333.333
52602.74
55652.174
54468.085
54468.085
55251.799
52965.517
52602.74
53706.294
52965.517
264827.586
1280000.0
73142.857
213333.333
75294.118
213333.333
78367.347
219428.571
77575.758
213333.333
80000.0
207567.568
94814.815
512000.0
57744.361
56470.588
54084.507
54084.507
54084.507
52965.517
53706.294
53706.294
52965.517
53333.333
51891.892
50860.927
53706.294
52602.74
54468.085
52602.74
52244.898
52602.74
81702.128
45176.471
51200.0
51200.0
51543.624
52602.74
51543.624
182857.143
71775.701
54857.143
55652.174
56470.588
88275.862
160000.0
55251.799
52602.74
51200.0
54468.085
53333.333
52244.898
52602.74
51200.0
51543.624
50526.316
51891.892
51200.0
50860.927
52244.898
51200.0
51200.0
52244.898
51891.892
52602.74
52965.517
51891.892
53333.333
52602.74
52965.517
53706.294
53706.294
52244.898
53706.294
52244.898
52244.898
54084.507
52602.74
52602.74
54857.143
54468.085
54468.085
56888.889
54468.085
54857.143
54857.143
53706.294
54468.085
54468.085
53333.333
55251.799
53706.294
53333.333
54468.085
52965.517
53706.294
53706.294
52602.74
53333.333
52602.74
51891.892
53333.333
52965.517
54084.507
52244.898
53706.294
53706.294
52602.74
53333.333
52965.517
52244.898
52965.517
52965.517
52965.517
54084.507
52602.74
52965.517
54468.085
53706.294
52965.517
55251.799
54084.507
54084.507
54857.143
53706.294
54084.507
54084.507
52965.517
54084.507
53706.294
53333.333
53706.294
52602.74
52602.74
52602.74
52244.898
52965.517
53333.333
53333.333
54084.507
53706.294
53706.294
54084.507
52965.517
52602.74
52965.517
52602.74
53706.294
52965.517
52965.517
54857.143
53333.333
52965.517
54084.507
53706.294
53706.294
51891.892
52602.74
55652.174
53333.333
52602.74
53706.294
56058.394
56058.394
56058.394
55652.174
55251.799
54084.507
54084.507
55251.799
54468.085
53333.333
54857.143
53333.333
51543.624
52244.898
51543.624
50860.927
52244.898
51200.0
52244.898
52244.898
52244.898
54084.507
54084.507
53706.294
54084.507
55652.174
54857.143
108169.014
47407.407
54468.085
55652.174
57313.433
56470.588
60472.441
52244.898
54084.507
54084.507
56058.394
55251.799
54084.507
57313.433
56888.889
59076.923
56888.889
55652.174
57313.433
55251.799
55652.174
54857.143
54468.085
55251.799
55251.799
53333.333
54857.143
125901.639
53333.333
94814.815
156734.694
48301.887
57313.433
58625.954
57744.361
56058.394
56058.394
54084.507
53706.294
54857.143
52965.517
52244.898
54084.507
53333.333
52602.74
54084.507
52244.898
51891.892
52965.517
52244.898
52965.517
54857.143
54084.507
53706.294
56058.394
54084.507
54084.507
66782.609
349090.909
207567.568
73142.857
213333.333
80000.0
58181.818
202105.263
85333.333
320000.0
71775.701
60000.0
57744.361
56470.588
57313.433
56888.889
55251.799
54468.085
55251.799
53333.333
54857.143
52244.898
51200.0
52602.74
51891.892
51200.0
52602.74
51891.892
51200.0
52965.517
50196.078
50526.316
51891.892
50860.927
52244.898
52244.898
51891.892
52965.517
53333.333
53333.333
52602.74
54468.085
52965.517
53333.333
53333.333
53333.333
52602.74
53706.294
52244.898
52602.74
52965.517
54468.085
52965.517
53706.294
54857.143
53706.294
53333.333
54468.085
52965.517
52602.74
55652.174
125901.639
37101.449
57313.433
56058.394
57313.433
58181.818
55652.174
55251.799
54857.143
52602.74
54857.143
54084.507
125901.639
37281.553
52602.74
54857.143
56888.889
56058.394
60472.441
59076.923
57313.433
57313.433
56888.889
56058.394
54084.507
54468.085
52965.517
52244.898
52965.517
51543.624
50860.927
52602.74
52244.898
97215.19
137142.857
121904.762
147692.308
156734.694
134736.842
137142.857
139636.364
137142.857
142222.222
144905.66
144905.66
147692.308
142222.222
144905.66
139636.364
132413.793
130169.492
128000.0
132413.793
53706.294
55251.799
57313.433
55251.799
54084.507
54468.085
52602.74
52965.517
54857.143
51200.0
51200.0
50860.927
50196.078
50860.927
50526.316
51543.624
52965.517
52965.517
52602.74
54084.507
52602.74
52965.517
55652.174
52965.517
52965.517
54857.143
52602.74
53333.333
54084.507
52965.517
51891.892
54084.507
53333.333
53706.294
53706.294
54468.085
53333.333
52602.74
54468.085
53333.333
53333.333
54857.143
52965.517
52602.74
54468.085
54468.085
53333.333
55251.799
125901.639
36056.338
55251.799
55251.799
55652.174
54857.143
53706.294
53333.333
54857.143
52244.898
54857.143
54468.085
53333.333
54857.143
53333.333
52244.898
54084.507
52602.74
52244.898
54084.507
53333.333
53706.294
55251.799
54468.085
53706.294
54857.143
53333.333
53333.333
54857.143
53706.294
54084.507
55652.174
54468.085
55251.799
56058.394
55251.799
54857.143
55652.174
54084.507
53333.333
54857.143
54084.507
55251.799
55251.799
125901.639
36923.077
56058.394
54468.085
57744.361
59076.923
56058.394
56888.889
54084.507
51891.892
53333.333
50526.316
51200.0
50196.078
52602.74
53333.333
51543.624
51891.892
51543.624
50860.927
112941.176
36226.415
103783.784
36226.415
54468.085
54857.143
54468.085
54084.507
55251.799
52965.517
51200.0
51200.0
51891.892
51543.624
50860.927
52965.517
50860.927
50860.927
52965.517
51200.0
51891.892
52244.898
53333.333
52244.898
53333.333
55251.799
52965.517
52602.74
53706.294
53706.294
52965.517
52602.74
54084.507
52965.517
52602.74
52602.74
51543.624
52965.517
54084.507
53333.333
52602.74
53706.294
53333.333
52244.898
54468.085
52965.517
106666.667
46265.06
53706.294
52965.517
54084.507
56058.394
52965.517
52965.517
54084.507
52244.898
52965.517
54857.143
52965.517
52965.517
55652.174
54468.085
53706.294
55251.799
125901.639
36398.104
54084.507
55652.174
55652.174
55652.174
56058.394
54468.085
53333.333
53706.294
52602.74
51891.892
52965.517
51543.624
53333.333
54084.507
53333.333
54857.143
52602.74
51891.892
51891.892
51891.892
52602.74
54468.085
52602.74
52965.517
54857.143
53333.333
53333.333
55251.799
53333.333
54084.507
54857.143
52602.74
54857.143
54857.143
53333.333
53706.294
53706.294
52965.517
54857.143
54084.507
52965.517
53706.294
55652.174
56470.588
56470.588
54468.085
56058.394
54084.507
128000.0
36398.104
54084.507
53333.333
52602.74
65641.026
43885.714
51543.624
51891.892
52602.74
50860.927
50860.927
52602.74
51200.0
51200.0
51200.0
52965.517
52244.898
51891.892
52244.898
52965.517
51891.892
51543.624
51200.0
52602.74
51891.892
51543.624
53333.333
52965.517
52602.74
54084.507
53706.294
53333.333
53333.333
52965.517
52602.74
52244.898
52602.74
53333.333
53333.333
52244.898
52244.898
53706.294
52244.898
52602.74
53333.333
52244.898
52965.517
53333.333
51891.892
53333.333
52965.517
52965.517
54857.143
54084.507
54084.507
54084.507
55652.174
53706.294
53706.294
54857.143
51543.624
52602.74
53706.294
51891.892
51891.892
54084.507
52602.74
52965.517
54084.507
52244.898
52602.74
53333.333
91428.571
44393.064
54468.085
52965.517
52244.898
53706.294
52244.898
52244.898
52244.898
51891.892
51891.892
52602.74
51891.892
51891.892
53333.333
52602.74
52244.898
53706.294
52602.74
53333.333
55251.799
54857.143
120000.0
36571.429
55652.174
54084.507
55652.174
56058.394
53706.294
52965.517
56058.394
52602.74
54084.507
51891.892
56058.394
48607.595
51543.624
52244.898
53333.333
51200.0
52602.74
52602.74
125901.639
33982.301
53706.294
52965.517
54468.085
53333.333
52244.898
52602.74
109714.286
35391.705
52965.517
52965.517
52965.517
52965.517
109714.286
35720.93
53706.294
52244.898
52965.517
52965.517
53333.333
51200.0
50860.927
51891.892
50196.078
51891.892
50860.927
50860.927
51891.892
51891.892
50860.927
51891.892
51200.0
50526.316
50860.927
52244.898
51543.624
51200.0
52244.898
52965.517
51891.892
52244.898
51891.892
51200.0
53333.333
52244.898
51891.892
54084.507
52602.74
53333.333
53333.333
52602.74
52602.74
52244.898
51891.892
51543.624
52244.898
52244.898
52965.517
54857.143
53706.294
54468.085
53706.294
53333.333
54084.507
52965.517
52602.74
53333.333
52244.898
52602.74
53333.333
52602.74
51891.892
52602.74
51200.0
52244.898
54084.507
51543.624
52244.898
53333.333
52602.74
52244.898
52965.517
52602.74
51891.892
52244.898
53333.333
52965.517
53333.333
54084.507
52965.517
53706.294
53706.294
52244.898
52602.74
53333.333
52244.898
52965.517
54084.507
52965.517
53706.294
54468.085
53706.294
54857.143
54468.085
52602.74
53706.294
52965.517
52244.898
53333.333
51543.624
51891.892
53333.333
51891.892
51891.892
52965.517
51200.0
52965.517
52244.898
105205.479
35887.85
51891.892
53333.333
55652.174
53706.294
53333.333
52965.517
52602.74
52244.898
51200.0
52244.898
51200.0
51200.0
52965.517
50860.927
50196.078
50860.927
51891.892
50860.927
50860.927
52602.74
51200.0
51543.624
52244.898
51543.624
51891.892
52244.898
51543.624
52244.898
52602.74
52965.517
52602.74
52965.517
105205.479
45176.471
53706.294
54468.085
53706.294
54084.507
53706.294
53333.333
53333.333
54468.085
52602.74
52244.898
53333.333
51543.624
53706.294
52965.517
50526.316
53333.333
51543.624
52244.898
53706.294
53333.333
51891.892
52965.517
53333.333
54084.507
55652.174
56058.394
56888.889
58181.818
56888.889
54857.143
55251.799
55251.799
53333.333
51543.624
52244.898
51543.624
50860.927
50860.927
50196.078
48917.197
50860.927
49548.387
50526.316
51200.0
50526.316
51200.0
51891.892
50860.927
50860.927
108169.014
45714.286
49548.387
51200.0
52602.74
53706.294
52244.898
51543.624
54468.085
54857.143
54857.143
55652.174
120000.0
36923.077
56058.394
53706.294
52602.74
53706.294
49230.769
49870.13
49548.387
49230.769
49548.387
50196.078
49870.13
49870.13
50526.316
50196.078
49548.387
51891.892
50860.927
51200.0
53333.333
51543.624
51200.0
52965.517
52244.898
52244.898
52602.74
51891.892
52602.74
108169.014
45988.024
52602.74
53706.294
53706.294
52965.517
53333.333
52244.898
51891.892
53706.294
51543.624
52602.74
55652.174
54468.085
55652.174
55652.174
54468.085
54084.507
54468.085
54468.085
52965.517
53333.333
53706.294
53706.294
54084.507
52244.898
52602.74
51891.892
51200.0
52244.898
51891.892
51200.0
51543.624
50860.927
50526.316
111304.348
36226.415
121904.762
39792.746
58625.954
58181.818
58625.954
56470.588
61440.0
60000.0
60000.0
61440.0
59076.923
60000.0
57744.361
58181.818
60472.441
59534.884
61935.484
62950.82
63471.074
62439.024
61935.484
60000.0
57313.433
56888.889
54857.143
54468.085
54468.085
53706.294
53706.294
51200.0
51543.624
51891.892
51200.0
50860.927
53706.294
51200.0
51543.624
50860.927
51200.0
49870.13
50860.927
99740.26
61440.0
44912.281
51891.892
55251.799
53333.333
52602.74
52244.898
52965.517
52602.74
51891.892
52965.517
52244.898
51543.624
274285.714
65641.026
54468.085
54468.085
56470.588
307200.0
67964.602
57744.361
56470.588
54084.507
54084.507
54084.507
54084.507
52602.74
51543.624
49870.13
56888.889
54468.085
55652.174
57744.361
53333.333
52244.898
50860.927
50860.927
50196.078
51200.0
49230.769
51543.624
52602.74
51200.0
51543.624
52965.517
52244.898
51543.624
51200.0
111304.348
36226.415
54084.507
54857.143
54857.143
55652.174
54857.143
54468.085
53706.294
53333.333
54084.507
53333.333
54468.085
53706.294
52965.517
54084.507
52602.74
52965.517
52244.898
52965.517
52602.74
52244.898
53333.333
53333.333
52965.517
54084.507
54084.507
54084.507
53706.294
53333.333
54857.143
54468.085
53706.294
54468.085
55652.174
54857.143
54857.143
56058.394
55251.799
55652.174
57313.433
56058.394
54857.143
52602.74
53333.333
53333.333
53706.294
53333.333
55251.799
55652.174
55652.174
54857.143
52602.74
51200.0
51543.624
51200.0
52244.898
52244.898
52244.898
51891.892
53706.294
52244.898
52602.74
52965.517
51543.624
52965.517
53706.294
53333.333
55251.799
54468.085
53706.294
56058.394
52602.74
52602.74
54857.143
52244.898
52602.74
53333.333
51891.892
52965.517
52965.517
50860.927
52244.898
50860.927
49870.13
52244.898
182857.143
71111.111
52602.74
54084.507
54084.507
108169.014
80842.105
74563.107
55652.174
57744.361
55251.799
54857.143
54857.143
52965.517
51891.892
52602.74
51543.624
50860.927
51891.892
50860.927
50860.927
52965.517
51891.892
50860.927
52244.898
51200.0
51543.624
52602.74
51891.892
51543.624
52965.517
52602.74
52602.74
53333.333
284444.444
65641.026
54084.507
55652.174
60000.0
1280000.0
163404.255
89302.326
57313.433
