60975.61
151515.152
61728.395
57471.264
89820.359
52083.333
59055.118
122950.82
62240.664
58593.75
109489.051
61728.395
66666.667
60483.871
78125.0
59760.956
60240.964
153061.224
62240.664
58139.535
61224.49
60000.0
63559.322
59523.81
88757.396
60240.964
59760.956
73529.412
89820.359
90361.446
87209.302
87209.302
83333.333
88757.396
70422.535
78947.368
131578.947
65502.183
96774.194
76923.077
60240.964
64655.172
71770.335
65789.474
78534.031
89285.714
83798.883
106382.979
61475.41
60483.871
68181.818
142857.143
140186.916
57251.908
77720.207
83798.883
153061.224
136363.636
75000.0
60000.0
76923.077
140186.916
140186.916
56179.775
77319.588
68807.339
151515.152
135135.135
75376.884
58593.75
65789.474
150000.0
140186.916
60240.964
72463.768
65502.183
69767.442
145631.068
147058.824
62500.0
131578.947
61224.49
68493.151
108695.652
60240.964
63829.787
137614.679
117187.5
56603.774
71770.335
74626.866
132743.363
57471.264
63829.787
69444.444
66371.681
153061.224
142857.143
53571.429
79365.079
71770.335
71090.047
151515.152
137614.679
69124.424
58139.535
71428.571
71770.335
147058.824
141509.434
54744.526
80213.904
73891.626
71428.571
154639.175
148514.851
56390.977
76142.132
75757.576
72115.385
151515.152
153061.224
57251.908
78947.368
75757.576
131578.947
117187.5
58365.759
72463.768
77319.588
71770.335
150000.0
137614.679
56390.977
75000.0
76142.132
70093.458
150000.0
166666.667
55762.082
74257.426
78534.031
71428.571
148514.851
144230.769
55762.082
76923.077
73529.412
72115.385
150000.0
145631.068
54744.526
75376.884
71428.571
71090.047
153061.224
163043.478
54744.526
75757.576
71090.047
69444.444
151515.152
141509.434
52447.552
72815.534
69124.424
150000.0
144230.769
52447.552
71770.335
66964.286
150000.0
142857.143
51724.138
69124.424
62761.506
164835.165
142857.143
50335.57
67567.568
60000.0
163043.478
145631.068
50000.0
62500.0
59288.538
153061.224
145631.068
50167.224
56390.977
54151.625
166666.667
148514.851
49833.887
50505.051
136363.636
116279.07
50167.224
49668.874
174418.605
52631.579
50167.224
126050.42
117187.5
50167.224
49833.887
123966.942
117187.5
49668.874
49180.328
123966.942
116279.07
50847.458
49833.887
122950.82
118110.236
49180.328
49342.105
123966.942
116279.07
49504.95
49180.328
122950.82
117187.5
49833.887
51020.408
122950.82
115384.615
49504.95
49668.874
122950.82
116279.07
48859.935
49833.887
122950.82
116279.07
49504.95
50505.051
122950.82
115384.615
48543.689
98684.211
102040.816
108695.652
48387.097
48701.299
166666.667
133928.571
102739.726
49342.105
46875.0
180722.892
230769.231
220588.235
100671.141
87719.298
43988.27
47169.811
180722.892
241935.484
214285.714
182926.829
51194.539
43859.649
90909.091
102040.816
48701.299
46875.0
102739.726
101351.351
47169.811
47021.944
47619.048
48387.097
102739.726
102739.726
48076.923
47770.701
94936.709
100671.141
49668.874
48701.299
49180.328
156250.0
49833.887
46296.296
127118.644
117187.5
47021.944
46583.851
126050.42
115384.615
47021.944
84269.663
102040.816
108695.652
47021.944
44910.18
170454.545
154639.175
102739.726
45045.045
93750.0
102739.726
110294.118
43478.261
43604.651
127118.644
137614.679
45871.56
104166.667
41436.464
119047.619
44378.698
44378.698
127118.644
200000.0
44776.119
77720.207
40106.952
121951.22
43731.778
42492.918
44378.698
101351.351
102040.816
111111.111
42492.918
41899.441
180722.892
217391.304
230769.231
157894.737
43103.448
91463.415
102040.816
107913.669
174418.605
41208.791
52264.808
114503.817
140186.916
42372.881
77319.588
103448.276
113636.364
40106.952
48387.097
115384.615
187500.0
40214.477
87719.298
37220.844
40000.0
41436.464
99337.748
102739.726
138888.889
44117.647
39062.5
182926.829
185185.185
123966.942
121951.22
118110.236
114503.817
38167.939
83798.883
102040.816
109489.051
37878.788
37128.713
176470.588
185185.185
126050.42
40871.935
37128.713
178571.429
156250.0
107142.857
107142.857
37878.788
36585.366
178571.429
166666.667
39577.836
36319.613
180722.892
75000.0
137614.679
174418.605
36764.706
34722.222
36764.706
37406.484
38071.066
38560.411
39787.798
40322.581
128205.128
166666.667
40214.477
37878.788
39893.617
151515.152
45317.221
38265.306
39267.016
40322.581
40214.477
96153.846
47619.048
114503.817
47318.612
86206.897
104166.667
166666.667
43103.448
40983.607
40983.607
166666.667
168539.326
42979.943
40983.607
41095.89
154639.175
117187.5
119047.619
153061.224
41551.247
40871.935
40540.541
40431.267
40650.407
157894.737
142857.143
163043.478
67264.574
112781.955
46012.27
41551.247
80213.904
104895.105
154639.175
41551.247
39893.617
75376.884
104895.105
156250.0
40871.935
39473.684
82872.928
104166.667
43103.448
39473.684
39577.836
176470.588
156250.0
122950.82
67567.568
35971.223
86705.202
102040.816
83333.333
168539.326
40983.607
38961.039
86206.897
103448.276
42735.043
39164.491
39370.079
180722.892
145631.068
125000.0
45454.545
40214.477
40540.541
174418.605
150000.0
135135.135
43859.649
40322.581
90909.091
157894.737
41666.667
40214.477
40322.581
176470.588
153061.224
116279.07
211267.606
217391.304
208333.333
208333.333
197368.421
208333.333
180722.892
42372.881
39267.016
348837.209
1540.199
2142857.143
46439.628
6318.45
55970.149
69444.444
48701.299
60000.0
87209.302
92024.54
90909.091
66666.667
58365.759
57915.058
69124.424
58139.535
75000.0
70754.717
62500.0
121951.22
39787.798
76923.077
48076.923
178571.429
121951.22
178571.429
144230.769
133928.571
189873.418
128205.128
185185.185
150000.0
156250.0
140186.916
151515.152
135135.135
151515.152
49504.95
70093.458
94339.623
42735.043
118110.236
130434.783
136363.636
49504.95
103448.276
99337.748
53380.783
125000.0
43988.27
148514.851
187500.0
151515.152
103448.276
91463.415
150000.0
144230.769
