241935.484
182926.829
159574.468
156250.0
172413.793
163043.478
154639.175
154639.175
163043.478
154639.175
176470.588
153061.224
168539.326
164835.165
163043.478
172413.793
163043.478
148514.851
161290.323
170454.545
182926.829
182926.829
151515.152
159574.468
194805.195
178571.429
159574.468
127118.644
182926.829
200000.0
170454.545
163043.478
200000.0
151515.152
172413.793
164835.165
154639.175
166666.667
164835.165
161290.323
178571.429
159574.468
166666.667
172413.793
153061.224
174418.605
148514.851
166666.667
161290.323
172413.793
161290.323
151515.152
166666.667
156250.0
189873.418
187500.0
172413.793
147058.824
159574.468
170454.545
166666.667
154639.175
164835.165
114503.817
180722.892
180722.892
151515.152
357142.857
140186.916
625000.0
154639.175
178571.429
294117.647
88235.294
576923.077
141509.434
185185.185
161290.323
166666.667
154639.175
170454.545
164835.165
168539.326
168539.326
163043.478
166666.667
142857.143
428571.429
168539.326
416666.667
159574.468
208333.333
168539.326
153061.224
164835.165
174418.605
172413.793
150000.0
172413.793
148514.851
153061.224
197368.421
133928.571
185185.185
211267.606
138888.889
182926.829
156250.0
192307.692
172413.793
137614.679
468750.0
159574.468
375000.0
157894.737
159574.468
154639.175
159574.468
159574.468
157894.737
180722.892
170454.545
168539.326
170454.545
156250.0
166666.667
306122.449
141509.434
416666.667
197368.421
164835.165
174418.605
166666.667
140186.916
161290.323
128205.128
172413.793
180722.892
172413.793
187500.0
156250.0
150000.0
164835.165
189873.418
170454.545
187500.0
200000.0
180722.892
174418.605
176470.588
168539.326
159574.468
166666.667
159574.468
153061.224
180722.892
176470.588
154639.175
163043.478
156250.0
159574.468
172413.793
163043.478
170454.545
170454.545
189873.418
180722.892
140186.916
129310.345
163043.478
129310.345
166666.667
192307.692
159574.468
168539.326
156250.0
157894.737
161290.323
161290.323
174418.605
454545.455
107142.857
1071428.571
178571.429
170454.545
176470.588
159574.468
365853.659
125000.0
454545.455
200000.0
192307.692
250000.0
115384.615
468750.0
163043.478
176470.588
164835.165
174418.605
180722.892
157894.737
168539.326
161290.323
163043.478
151515.152
170454.545
168539.326
159574.468
154639.175
168539.326
163043.478
170454.545
166666.667
161290.323
168539.326
166666.667
174418.605
110294.118
154639.175
202702.703
153061.224
182926.829
166666.667
163043.478
166666.667
172413.793
161290.323
176470.588
163043.478
172413.793
164835.165
166666.667
174418.605
174418.605
170454.545
148514.851
170454.545
170454.545
161290.323
178571.429
150000.0
174418.605
163043.478
178571.429
154639.175
172413.793
176470.588
147058.824
178571.429
154639.175
174418.605
159574.468
156250.0
144230.769
174418.605
202702.703
176470.588
150000.0
176470.588
168539.326
159574.468
182926.829
194805.195
122950.82
141509.434
182926.829
154639.175
164835.165
166666.667
161290.323
166666.667
153061.224
168539.326
178571.429
157894.737
164835.165
144230.769
159574.468
172413.793
154639.175
172413.793
147058.824
182926.829
166666.667
144230.769
178571.429
189873.418
159574.468
187500.0
178571.429
197368.421
174418.605
192307.692
176470.588
153061.224
189873.418
189873.418
178571.429
185185.185
130434.783
168539.326
174418.605
187500.0
168539.326
153061.224
172413.793
170454.545
157894.737
157894.737
153061.224
172413.793
192307.692
194805.195
161290.323
154639.175
189873.418
176470.588
189873.418
168539.326
156250.0
202702.703
194805.195
172413.793
164835.165
163043.478
164835.165
157894.737
454545.455
130434.783
416666.667
141509.434
214285.714
176470.588
145631.068
178571.429
200000.0
166666.667
157894.737
166666.667
176470.588
189873.418
136363.636
148514.851
176470.588
170454.545
176470.588
176470.588
172413.793
163043.478
161290.323
172413.793
157894.737
156250.0
208333.333
176470.588
166666.667
156250.0
189873.418
138888.889
187500.0
156250.0
180722.892
194805.195
161290.323
202702.703
153061.224
187500.0
166666.667
163043.478
159574.468
153061.224
161290.323
182926.829
166666.667
172413.793
153061.224
153061.224
194805.195
197368.421
151515.152
197368.421
178571.429
189873.418
187500.0
174418.605
185185.185
120000.0
180722.892
205479.452
154639.175
156250.0
180722.892
161290.323
156250.0
159574.468
166666.667
172413.793
194805.195
187500.0
157894.737
205479.452
163043.478
150000.0
174418.605
180722.892
157894.737
159574.468
176470.588
176470.588
172413.793
161290.323
151515.152
157894.737
180722.892
157894.737
161290.323
153061.224
131578.947
178571.429
176470.588
156250.0
189873.418
136363.636
156250.0
144230.769
157894.737
170454.545
164835.165
180722.892
164835.165
166666.667
172413.793
163043.478
156250.0
157894.737
154639.175
163043.478
185185.185
192307.692
500000.0
107142.857
405405.405
147058.824
159574.468
163043.478
166666.667
182926.829
174418.605
150000.0
168539.326
187500.0
172413.793
174418.605
145631.068
180722.892
157894.737
151515.152
185185.185
185185.185
138888.889
153061.224
145631.068
164835.165
176470.588
164835.165
157894.737
174418.605
164835.165
156250.0
182926.829
170454.545
135135.135
112781.955
197368.421
153061.224
161290.323
176470.588
174418.605
170454.545
148514.851
166666.667
161290.323
159574.468
156250.0
164835.165
178571.429
185185.185
145631.068
214285.714
168539.326
141509.434
176470.588
164835.165
166666.667
163043.478
170454.545
172413.793
148514.851
189873.418
185185.185
157894.737
154639.175
159574.468
178571.429
153061.224
164835.165
161290.323
178571.429
166666.667
161290.323
168539.326
154639.175
164835.165
153061.224
200000.0
168539.326
164835.165
168539.326
166666.667
166666.667
161290.323
172413.793
205479.452
157894.737
192307.692
129310.345
187500.0
168539.326
202702.703
182926.829
153061.224
170454.545
172413.793
172413.793
153061.224
164835.165
168539.326
163043.478
153061.224
182926.829
178571.429
153061.224
180722.892
168539.326
178571.429
187500.0
172413.793
194805.195
145631.068
168539.326
163043.478
208333.333
176470.588
168539.326
189873.418
166666.667
189873.418
156250.0
174418.605
185185.185
189873.418
176470.588
166666.667
157894.737
159574.468
151515.152
172413.793
182926.829
148514.851
153061.224
200000.0
164835.165
163043.478
194805.195
178571.429
157894.737
174418.605
153061.224
159574.468
176470.588
168539.326
153061.224
187500.0
194805.195
180722.892
172413.793
154639.175
135135.135
189873.418
157894.737
159574.468
157894.737
159574.468
163043.478
161290.323
185185.185
174418.605
159574.468
151515.152
156250.0
157894.737
174418.605
154639.175
170454.545
150000.0
166666.667
170454.545
166666.667
161290.323
159574.468
156250.0
154639.175
187500.0
159574.468
151515.152
180722.892
185185.185
185185.185
164835.165
182926.829
180722.892
154639.175
140186.916
180722.892
170454.545
187500.0
174418.605
194805.195
150000.0
194805.195
180722.892
185185.185
174418.605
174418.605
145631.068
178571.429
150000.0
220588.235
156250.0
200000.0
176470.588
163043.478
174418.605
159574.468
159574.468
180722.892
151515.152
172413.793
174418.605
182926.829
172413.793
189873.418
157894.737
157894.737
157894.737
168539.326
161290.323
142857.143
192307.692
150000.0
176470.588
172413.793
156250.0
185185.185
185185.185
178571.429
172413.793
154639.175
164835.165
131578.947
159574.468
170454.545
178571.429
140186.916
164835.165
154639.175
168539.326
157894.737
180722.892
153061.224
159574.468
187500.0
153061.224
178571.429
164835.165
163043.478
154639.175
154639.175
159574.468
156250.0
163043.478
187500.0
200000.0
170454.545
151515.152
164835.165
180722.892
182926.829
182926.829
176470.588
154639.175
170454.545
154639.175
163043.478
192307.692
119047.619
192307.692
189873.418
164835.165
178571.429
151515.152
150000.0
202702.703
164835.165
194805.195
172413.793
174418.605
200000.0
137614.679
180722.892
208333.333
166666.667
189873.418
156250.0
156250.0
164835.165
166666.667
166666.667
161290.323
168539.326
161290.323
174418.605
154639.175
151515.152
172413.793
164835.165
151515.152
166666.667
170454.545
174418.605
168539.326
161290.323
153061.224
153061.224
180722.892
154639.175
211267.606
156250.0
197368.421
187500.0
197368.421
197368.421
319148.936
133928.571
428571.429
180722.892
151515.152
180722.892
136363.636
178571.429
189873.418
159574.468
161290.323
159574.468
166666.667
161290.323
157894.737
163043.478
194805.195
174418.605
200000.0
145631.068
172413.793
176470.588
144230.769
172413.793
168539.326
163043.478
174418.605
202702.703
111940.299
163043.478
170454.545
187500.0
187500.0
154639.175
187500.0
170454.545
156250.0
185185.185
189873.418
157894.737
172413.793
136363.636
197368.421
187500.0
157894.737
157894.737
185185.185
168539.326
178571.429
153061.224
116279.07
172413.793
163043.478
185185.185
156250.0
202702.703
141509.434
159574.468
180722.892
194805.195
96153.846
172413.793
161290.323
182926.829
159574.468
168539.326
172413.793
170454.545
154639.175
166666.667
159574.468
185185.185
200000.0
176470.588
164835.165
159574.468
168539.326
168539.326
170454.545
384615.385
164835.165
227272.727
157894.737
174418.605
148514.851
384615.385
78947.368
454545.455
150000.0
187500.0
147058.824
172413.793
176470.588
164835.165
405405.405
48387.097
535714.286
348837.209
74626.866
500000.0
197368.421
176470.588
174418.605
170454.545
176470.588
123966.942
180722.892
174418.605
194805.195
147058.824
164835.165
164835.165
170454.545
172413.793
168539.326
333333.333
52264.808
333333.333
161290.323
681818.182
107142.857
625000.0
164835.165
153061.224
164835.165
176470.588
178571.429
166666.667
172413.793
156250.0
164835.165
163043.478
168539.326
178571.429
151515.152
163043.478
174418.605
166666.667
157894.737
182926.829
133928.571
182926.829
180722.892
170454.545
131578.947
205479.452
148514.851
137614.679
172413.793
161290.323
164835.165
156250.0
180722.892
197368.421
156250.0
161290.323
185185.185
170454.545
163043.478
166666.667
172413.793
178571.429
145631.068
194805.195
170454.545
176470.588
180722.892
127118.644
182926.829
170454.545
166666.667
163043.478
161290.323
150000.0
468750.0
154639.175
652173.913
174418.605
161290.323
164835.165
161290.323
200000.0
145631.068
189873.418
178571.429
172413.793
170454.545
174418.605
151515.152
161290.323
153061.224
150000.0
182926.829
157894.737
176470.588
384615.385
159574.468
394736.842
194805.195
133928.571
185185.185
176470.588
159574.468
168539.326
182926.829
159574.468
166666.667
157894.737
176470.588
156250.0
185185.185
154639.175
166666.667
194805.195
189873.418
174418.605
174418.605
156250.0
174418.605
168539.326
150000.0
159574.468
166666.667
154639.175
170454.545
187500.0
147058.824
156250.0
197368.421
170454.545
174418.605
168539.326
178571.429
168539.326
168539.326
157894.737
187500.0
187500.0
178571.429
168539.326
140186.916
174418.605
176470.588
161290.323
176470.588
180722.892
147058.824
147058.824
174418.605
168539.326
163043.478
164835.165
145631.068
178571.429
200000.0
187500.0
187500.0
153061.224
157894.737
197368.421
115384.615
163043.478
141509.434
156250.0
164835.165
161290.323
168539.326
170454.545
164835.165
163043.478
164835.165
178571.429
182926.829
163043.478
159574.468
176470.588
164835.165
166666.667
174418.605
166666.667
178571.429
174418.605
164835.165
180722.892
161290.323
150000.0
163043.478
185185.185
159574.468
154639.175
157894.737
159574.468
174418.605
157894.737
180722.892
164835.165
153061.224
159574.468
168539.326
154639.175
172413.793
163043.478
182926.829
194805.195
168539.326
154639.175
185185.185
166666.667
182926.829
157894.737
178571.429
384615.385
135135.135
454545.455
116279.07
166666.667
500000.0
163043.478
454545.455
182926.829
185185.185
172413.793
157894.737
174418.605
153061.224
164835.165
172413.793
168539.326
164835.165
151515.152
157894.737
185185.185
166666.667
189873.418
168539.326
168539.326
156250.0
161290.323
147058.824
168539.326
156250.0
168539.326
194805.195
156250.0
180722.892
163043.478
153061.224
180722.892
166666.667
166666.667
174418.605
187500.0
163043.478
166666.667
180722.892
154639.175
176470.588
148514.851
163043.478
166666.667
159574.468
156250.0
178571.429
157894.737
163043.478
156250.0
170454.545
187500.0
161290.323
166666.667
176470.588
170454.545
164835.165
154639.175
176470.588
176470.588
163043.478
174418.605
154639.175
141509.434
168539.326
187500.0
159574.468
168539.326
168539.326
159574.468
151515.152
178571.429
168539.326
147058.824
180722.892
214285.714
127118.644
174418.605
180722.892
176470.588
164835.165
172413.793
161290.323
159574.468
151515.152
170454.545
147058.824
131578.947
189873.418
192307.692
140186.916
174418.605
168539.326
151515.152
189873.418
211267.606
161290.323
166666.667
174418.605
192307.692
194805.195
267857.143
227272.727
223880.597
272727.273
230769.231
220588.235
250000.0
277777.778
258620.69
241935.484
238095.238
238095.238
254237.288
214285.714
263157.895
238095.238
241935.484
214285.714
238095.238
217391.304
223880.597
211267.606
118110.236
154639.175
161290.323
189873.418
217391.304
238095.238
238095.238
254237.288
230769.231
234375.0
263157.895
245901.639
250000.0
250000.0
250000.0
833333.333
727.202
