106666.667
108169.014
108169.014
108169.014
130169.492
106666.667
109714.286
108169.014
108169.014
109714.286
132413.793
102400.0
120000.0
130169.492
123870.968
118153.846
101052.632
125901.639
93658.537
108169.014
108169.014
109714.286
108169.014
109714.286
132413.793
102400.0
108169.014
108169.014
109714.286
109714.286
137142.857
94814.815
109714.286
109714.286
132413.793
102400.0
132413.793
94814.815
132413.793
92530.12
106666.667
130169.492
144905.66
150588.235
87272.727
153600.0
86292.135
123870.968
98461.538
108169.014
108169.014
132413.793
103783.784
109714.286
134736.842
96000.0
108169.014
132413.793
91428.571
108169.014
109714.286
109714.286
130169.492
101052.632
108169.014
109714.286
109714.286
125901.639
98461.538
109714.286
109714.286
128000.0
103783.784
109714.286
109714.286
121904.762
101052.632
111304.348
125901.639
98461.538
134736.842
98461.538
139636.364
97215.19
120000.0
101052.632
139636.364
114626.866
118153.846
112941.176
120000.0
114626.866
106666.667
116363.636
105205.479
93658.537
128000.0
96000.0
142222.222
111304.348
116363.636
134736.842
89302.326
93658.537
130169.492
94814.815
139636.364
90352.941
109714.286
132413.793
130169.492
105205.479
121904.762
102400.0
128000.0
81702.128
106666.667
108169.014
130169.492
101052.632
123870.968
109714.286
109714.286
109714.286
156734.694
83478.261
109714.286
109714.286
108169.014
108169.014
109714.286
111304.348
109714.286
134736.842
187317.073
73142.857
105205.479
108169.014
109714.286
132413.793
163404.255
77575.758
106666.667
108169.014
109714.286
108169.014
108169.014
106666.667
134736.842
98461.538
106666.667
108169.014
108169.014
108169.014
130169.492
108169.014
108169.014
130169.492
125901.639
84395.604
106666.667
128000.0
128000.0
106666.667
144905.66
93658.537
111304.348
90352.941
147692.308
99740.26
132413.793
81702.128
144905.66
85333.333
108169.014
106666.667
166956.522
111304.348
142222.222
79175.258
105205.479
134736.842
153600.0
73142.857
105205.479
109714.286
144905.66
86292.135
132413.793
105205.479
108169.014
109714.286
163404.255
103783.784
125901.639
83478.261
108169.014
130169.492
128000.0
86292.135
108169.014
130169.492
123870.968
92530.12
132413.793
112941.176
102400.0
130169.492
97215.19
108169.014
109714.286
108169.014
109714.286
134736.842
94814.815
108169.014
109714.286
106666.667
108169.014
108169.014
132413.793
103783.784
108169.014
109714.286
123870.968
99740.26
137142.857
112941.176
123870.968
125901.639
103783.784
114626.866
105205.479
102400.0
123870.968
99740.26
130169.492
150588.235
83478.261
108169.014
109714.286
109714.286
132413.793
105205.479
108169.014
108169.014
120000.0
99740.26
132413.793
93658.537
137142.857
134736.842
112941.176
73142.857
108169.014
109714.286
108169.014
108169.014
109714.286
142222.222
89302.326
108169.014
108169.014
108169.014
109714.286
108169.014
108169.014
108169.014
109714.286
109714.286
108169.014
109714.286
134736.842
93658.537
108169.014
108169.014
109714.286
108169.014
109714.286
108169.014
109714.286
108169.014
139636.364
111304.348
590769.231
106666.667
108169.014
108169.014
106666.667
134736.842
98461.538
108169.014
219428.571
213333.333
132413.793
97215.19
109714.286
109714.286
109714.286
109714.286
128000.0
96000.0
132413.793
99740.26
108169.014
108169.014
116363.636
1920000.0
106666.667
108169.014
109714.286
109714.286
109714.286
109714.286
109714.286
137142.857
137142.857
139636.364
1536000.0
92530.12
130169.492
94814.815
139636.364
174545.455
202105.263
108169.014
111304.348
150588.235
147692.308
384000.0
125901.639
85333.333
111304.348
109714.286
111304.348
111304.348
112941.176
111304.348
111304.348
111304.348
112941.176
125901.639
142222.222
83478.261
121904.762
102400.0
121904.762
320000.0
96000.0
92530.12
111304.348
111304.348
139636.364
98461.538
116363.636
106666.667
142222.222
97215.19
125901.639
120000.0
112941.176
103783.784
130169.492
98461.538
144905.66
109714.286
123870.968
88275.862
109714.286
130169.492
698181.818
109714.286
132413.793
166956.522
76039.604
105205.479
123870.968
73846.154
202105.263
365714.286
85333.333
108169.014
160000.0
144905.66
76800.0
111304.348
111304.348
142222.222
97215.19
109714.286
112941.176
111304.348
219428.571
112941.176
147692.308
82580.645
109714.286
109714.286
134736.842
128000.0
88275.862
320000.0
170666.667
139636.364
96000.0
109714.286
142222.222
118153.846
94814.815
139636.364
98461.538
112941.176
137142.857
97215.19
128000.0
134736.842
85333.333
132413.793
640000.0
111304.348
121904.762
123870.968
116363.636
99740.26
111304.348
137142.857
103783.784
99740.26
114626.866
111304.348
114626.866
128000.0
99740.26
112941.176
320000.0
170666.667
144905.66
156734.694
78367.347
139636.364
97215.19
111304.348
213333.333
365714.286
99740.26
137142.857
99740.26
137142.857
98461.538
137142.857
132413.793
130169.492
84395.604
125901.639
101052.632
139636.364
118153.846
114626.866
118153.846
120000.0
225882.353
264827.586
102400.0
74563.107
137142.857
89302.326
125901.639
101052.632
112941.176
112941.176
111304.348
111304.348
139636.364
97215.19
144905.66
108169.014
118153.846
91428.571
142222.222
121904.762
103783.784
98461.538
142222.222
87272.727
137142.857
80000.0
109714.286
139636.364
147692.308
98461.538
130169.492
84395.604
111304.348
139636.364
109714.286
125901.639
182857.143
196923.077
80842.105
99740.26
112941.176
114626.866
112941.176
147692.308
134736.842
137142.857
116363.636
108169.014
150588.235
451764.706
112941.176
163404.255
101052.632
121904.762
97215.19
120000.0
132413.793
99740.26
111304.348
112941.176
111304.348
142222.222
101052.632
109714.286
111304.348
112941.176
134736.842
96000.0
109714.286
178604.651
125901.639
99740.26
123870.968
247741.935
134736.842
111304.348
111304.348
147692.308
89302.326
111304.348
112941.176
147692.308
91428.571
144905.66
92530.12
142222.222
108169.014
320000.0
187317.073
94814.815
132413.793
98461.538
134736.842
98461.538
123870.968
101052.632
121904.762
123870.968
101052.632
108169.014
137142.857
98461.538
134736.842
97215.19
120000.0
98461.538
134736.842
116363.636
109714.286
94814.815
139636.364
94814.815
134736.842
116363.636
147692.308
77575.758
137142.857
96000.0
137142.857
96000.0
108169.014
111304.348
108169.014
137142.857
150588.235
79175.258
137142.857
92530.12
109714.286
112941.176
139636.364
98461.538
111304.348
139636.364
114626.866
96000.0
139636.364
97215.19
114626.866
134736.842
80000.0
85333.333
137142.857
96000.0
125901.639
99740.26
142222.222
98461.538
112941.176
109714.286
111304.348
130169.492
99740.26
111304.348
120000.0
105205.479
112941.176
111304.348
112941.176
111304.348
142222.222
160000.0
78367.347
109714.286
112941.176
139636.364
99740.26
109714.286
111304.348
156734.694
88275.862
139636.364
97215.19
109714.286
137142.857
112941.176
112941.176
98461.538
166956.522
86292.135
134736.842
97215.19
111304.348
139636.364
97215.19
109714.286
109714.286
112941.176
112941.176
111304.348
111304.348
111304.348
112941.176
139636.364
128000.0
90352.941
112941.176
139636.364
102400.0
111304.348
114626.866
112941.176
139636.364
108169.014
111304.348
112941.176
112941.176
120000.0
1920000.0
111304.348
111304.348
139636.364
121904.762
144905.66
84395.604
118153.846
106666.667
111304.348
111304.348
142222.222
101052.632
111304.348
116363.636
108169.014
142222.222
139636.364
121904.762
320000.0
187317.073
109714.286
139636.364
99740.26
111304.348
139636.364
160000.0
97215.19
84395.604
130169.492
80842.105
93658.537
137142.857
1920000.0
98461.538
132413.793
137142.857
307200.0
147692.308
93658.537
139636.364
93658.537
112941.176
112941.176
147692.308
96000.0
147692.308
105205.479
125901.639
109714.286
139636.364
83478.261
111304.348
142222.222
114626.866
116363.636
97215.19
109714.286
111304.348
128000.0
121904.762
134736.842
72452.83
92530.12
137142.857
97215.19
139636.364
99740.26
118153.846
123870.968
98461.538
105205.479
111304.348
128000.0
132413.793
111304.348
147692.308
87272.727
130169.492
128000.0
134736.842
102400.0
134736.842
109714.286
111304.348
109714.286
112941.176
111304.348
112941.176
112941.176
109714.286
111304.348
142222.222
150588.235
78367.347
108169.014
111304.348
111304.348
109714.286
111304.348
109714.286
163404.255
87272.727
109714.286
139636.364
114626.866
74563.107
105205.479
111304.348
111304.348
142222.222
125901.639
109714.286
105205.479
120000.0
98461.538
109714.286
134736.842
97215.19
128000.0
99740.26
109714.286
111304.348
111304.348
111304.348
142222.222
139636.364
76800.0
139636.364
98461.538
134736.842
97215.19
109714.286
137142.857
123870.968
97215.19
134736.842
94814.815
139636.364
94814.815
139636.364
219428.571
156734.694
109714.286
109714.286
153600.0
86292.135
108169.014
108169.014
139636.364
96000.0
108169.014
109714.286
108169.014
132413.793
166956.522
105205.479
130169.492
80842.105
132413.793
96000.0
108169.014
134736.842
144905.66
79175.258
139636.364
134736.842
130169.492
134736.842
105205.479
111304.348
111304.348
111304.348
112941.176
112941.176
111304.348
134736.842
102400.0
150588.235
90352.941
108169.014
142222.222
112941.176
97215.19
109714.286
132413.793
97215.19
139636.364
101052.632
108169.014
130169.492
174545.455
96000.0
93658.537
108169.014
128000.0
99740.26
139636.364
99740.26
134736.842
142222.222
404210.526
142222.222
128000.0
102400.0
109714.286
134736.842
101052.632
114626.866
92530.12
142222.222
114626.866
112941.176
94814.815
134736.842
93658.537
160000.0
1920000.0
111304.348
111304.348
93658.537
142222.222
91428.571
137142.857
121904.762
118153.846
101052.632
130169.492
97215.19
139636.364
98461.538
137142.857
77575.758
106666.667
139636.364
160000.0
75294.118
108169.014
109714.286
139636.364
118153.846
150588.235
73846.154
132413.793
97215.19
132413.793
97215.19
128000.0
98461.538
134736.842
72452.83
94814.815
109714.286
111304.348
109714.286
137142.857
76039.604
90352.941
108169.014
137142.857
99740.26
134736.842
98461.538
134736.842
116363.636
123870.968
112941.176
111304.348
111304.348
105205.479
98461.538
132413.793
94814.815
123870.968
98461.538
132413.793
106666.667
111304.348
109714.286
111304.348
108169.014
134736.842
97215.19
118153.846
123870.968
96000.0
109714.286
132413.793
97215.19
130169.492
97215.19
120000.0
118153.846
102400.0
125901.639
96000.0
108169.014
128000.0
150588.235
187317.073
130169.492
108169.014
111304.348
132413.793
103783.784
109714.286
111304.348
125901.639
98461.538
108169.014
111304.348
320000.0
225882.353
96000.0
108169.014
139636.364
98461.538
109714.286
137142.857
97215.19
196923.077
264827.586
139636.364
94814.815
139636.364
90352.941
320000.0
196923.077
98461.538
144905.66
89302.326
106666.667
137142.857
134736.842
79175.258
109714.286
108169.014
108169.014
109714.286
134736.842
102400.0
109714.286
109714.286
111304.348
132413.793
150588.235
98461.538
132413.793
81702.128
137142.857
93658.537
102400.0
94814.815
111304.348
130169.492
178604.651
74563.107
109714.286
111304.348
112941.176
111304.348
139636.364
101052.632
142222.222
92530.12
144905.66
108169.014
116363.636
93658.537
130169.492
97215.19
137142.857
132413.793
132413.793
73142.857
142222.222
105205.479
125901.639
85333.333
109714.286
134736.842
139636.364
81702.128
109714.286
111304.348
112941.176
111304.348
156734.694
88275.862
137142.857
130169.492
101052.632
170666.667
111304.348
130169.492
101052.632
109714.286
111304.348
112941.176
111304.348
150588.235
87272.727
144905.66
88275.862
128000.0
97215.19
108169.014
108169.014
109714.286
108169.014
108169.014
109714.286
108169.014
109714.286
134736.842
99740.26
106666.667
137142.857
108169.014
72452.83
150588.235
105205.479
134736.842
94814.815
163404.255
1280000.0
78367.347
134736.842
94814.815
137142.857
96000.0
108169.014
109714.286
320000.0
274285.714
112941.176
111304.348
94814.815
132413.793
128000.0
91428.571
109714.286
109714.286
134736.842
98461.538
109714.286
109714.286
111304.348
109714.286
111304.348
118153.846
1920000.0
111304.348
150588.235
88275.862
111304.348
111304.348
112941.176
109714.286
120000.0
116363.636
103783.784
105205.479
139636.364
320000.0
144905.66
132413.793
98461.538
121904.762
102400.0
125901.639
98461.538
137142.857
96000.0
144905.66
90352.941
112941.176
112941.176
134736.842
102400.0
111304.348
111304.348
156734.694
94814.815
134736.842
130169.492
132413.793
80842.105
108169.014
132413.793
192000.0
1920000.0
76039.604
109714.286
111304.348
112941.176
147692.308
196923.077
853333.333
73846.154
118153.846
1920000.0
137142.857
163404.255
99740.26
150588.235
93658.537
156734.694
853333.333
102400.0
134736.842
81702.128
111304.348
112941.176
137142.857
98461.538
109714.286
112941.176
109714.286
111304.348
111304.348
112941.176
139636.364
106666.667
150588.235
88275.862
137142.857
97215.19
111304.348
132413.793
128000.0
103783.784
125901.639
103783.784
123870.968
88275.862
132413.793
98461.538
137142.857
97215.19
108169.014
111304.348
134736.842
96000.0
109714.286
139636.364
160000.0
74563.107
134736.842
94814.815
106666.667
132413.793
134736.842
83478.261
134736.842
94814.815
106666.667
134736.842
134736.842
70458.716
106666.667
109714.286
111304.348
111304.348
111304.348
132413.793
132413.793
91428.571
125901.639
98461.538
137142.857
75294.118
89302.326
132413.793
174545.455
73846.154
137142.857
97215.19
118153.846
1536000.0
111304.348
160000.0
91428.571
142222.222
103783.784
120000.0
207567.568
240000.0
106666.667
1920000.0
112941.176
139636.364
137142.857
94814.815
128000.0
101052.632
111304.348
320000.0
174545.455
130169.492
99740.26
139636.364
103783.784
111304.348
137142.857
99740.26
139636.364
116363.636
187317.073
71111.111
134736.842
111304.348
960000.0
134736.842
97215.19
111304.348
112941.176
112941.176
111304.348
153600.0
102400.0
320000.0
284444.444
89302.326
125901.639
120000.0
101052.632
137142.857
98461.538
137142.857
99740.26
137142.857
98461.538
111304.348
139636.364
99740.26
139636.364
98461.538
137142.857
98461.538
111304.348
137142.857
97215.19
142222.222
94814.815
111304.348
137142.857
97215.19
111304.348
137142.857
92530.12
75294.118
106666.667
132413.793
192000.0
74563.107
101052.632
112941.176
112941.176
132413.793
101052.632
111304.348
125901.639
123870.968
106666.667
112941.176
213333.333
451764.706
121904.762
92530.12
139636.364
170666.667
150588.235
118153.846
225882.353
163404.255
121904.762
86292.135
320000.0
219428.571
118153.846
106666.667
121904.762
98461.538
111304.348
137142.857
103783.784
137142.857
102400.0
111304.348
111304.348
111304.348
112941.176
139636.364
96000.0
109714.286
139636.364
97215.19
137142.857
91428.571
109714.286
109714.286
116363.636
105205.479
94814.815
118153.846
105205.479
120000.0
118153.846
105205.479
105205.479
112941.176
108169.014
139636.364
98461.538
112941.176
132413.793
94814.815
134736.842
103783.784
109714.286
108169.014
109714.286
134736.842
103783.784
109714.286
108169.014
109714.286
137142.857
97215.19
108169.014
109714.286
109714.286
111304.348
109714.286
108169.014
109714.286
109714.286
109714.286
139636.364
89302.326
111304.348
106666.667
137142.857
132413.793
83478.261
80000.0
106666.667
108169.014
137142.857
96000.0
109714.286
132413.793
130169.492
106666.667
120000.0
87272.727
108169.014
134736.842
112941.176
94814.815
134736.842
96000.0
132413.793
102400.0
114626.866
99740.26
121904.762
142222.222
89302.326
128000.0
106666.667
108169.014
108169.014
132413.793
111304.348
156734.694
99740.26
121904.762
83478.261
132413.793
94814.815
147692.308
85333.333
106666.667
109714.286
153600.0
106666.667
114626.866
118153.846
349090.909
137142.857
96000.0
121904.762
116363.636
96000.0
109714.286
109714.286
109714.286
130169.492
111304.348
111304.348
106666.667
109714.286
139636.364
96000.0
106666.667
109714.286
109714.286
109714.286
156734.694
86292.135
320000.0
163404.255
137142.857
105205.479
123870.968
98461.538
137142.857
98461.538
109714.286
109714.286
109714.286
109714.286
108169.014
132413.793
166956.522
77575.758
109714.286
109714.286
142222.222
112941.176
120000.0
134736.842
118153.846
134736.842
97215.19
111304.348
134736.842
121904.762
109714.286
99740.26
128000.0
139636.364
96000.0
96000.0
134736.842
98461.538
108169.014
137142.857
97215.19
137142.857
103783.784
132413.793
94814.815
137142.857
94814.815
108169.014
134736.842
97215.19
139636.364
105205.479
108169.014
111304.348
137142.857
98461.538
132413.793
83478.261
94814.815
132413.793
132413.793
99740.26
144905.66
80000.0
130169.492
97215.19
109714.286
134736.842
142222.222
83478.261
170666.667
84395.604
109714.286
134736.842
121904.762
111304.348
108169.014
98461.538
121904.762
99740.26
123870.968
98461.538
134736.842
121904.762
91428.571
130169.492
94814.815
89302.326
118153.846
102400.0
123870.968
97215.19
132413.793
93658.537
134736.842
76039.604
123870.968
94814.815
108169.014
137142.857
163404.255
73142.857
106666.667
137142.857
163404.255
73142.857
134736.842
96000.0
108169.014
109714.286
109714.286
111304.348
134736.842
163404.255
85333.333
137142.857
590769.231
96000.0
105205.479
134736.842
96000.0
111304.348
130169.492
96000.0
118153.846
1280000.0
132413.793
72452.83
123870.968
106666.667
108169.014
108169.014
132413.793
103783.784
102400.0
106666.667
134736.842
94814.815
108169.014
160000.0
142222.222
73142.857
103783.784
134736.842
170666.667
73142.857
134736.842
93658.537
109714.286
134736.842
142222.222
102400.0
123870.968
98461.538
121904.762
118153.846
99740.26
105205.479
109714.286
134736.842
101052.632
134736.842
98461.538
106666.667
144905.66
90352.941
106666.667
134736.842
96000.0
106666.667
134736.842
97215.19
108169.014
108169.014
109714.286
109714.286
109714.286
109714.286
108169.014
132413.793
108169.014
109714.286
134736.842
96000.0
109714.286
111304.348
125901.639
98461.538
114626.866
108169.014
120000.0
121904.762
111304.348
74563.107
109714.286
163404.255
156734.694
76039.604
108169.014
109714.286
111304.348
137142.857
192000.0
73846.154
108169.014
111304.348
111304.348
137142.857
160000.0
77575.758
108169.014
132413.793
163404.255
80000.0
109714.286
130169.492
153600.0
76800.0
108169.014
134736.842
174545.455
116363.636
99740.26
102400.0
120000.0
87272.727
109714.286
137142.857
156734.694
77575.758
108169.014
111304.348
150588.235
92530.12
109714.286
139636.364
112941.176
97215.19
128000.0
118153.846
98461.538
111304.348
139636.364
134736.842
120000.0
137142.857
134736.842
137142.857
73142.857
106666.667
111304.348
134736.842
125901.639
147692.308
99740.26
139636.364
96000.0
139636.364
80000.0
109714.286
137142.857
153600.0
78367.347
137142.857
94814.815
109714.286
134736.842
137142.857
80000.0
139636.364
93658.537
108169.014
134736.842
134736.842
116363.636
108169.014
84395.604
109714.286
132413.793
120000.0
109714.286
103783.784
120000.0
96000.0
106666.667
137142.857
163404.255
142222.222
108169.014
98461.538
121904.762
114626.866
108169.014
99740.26
153600.0
87272.727
137142.857
98461.538
112941.176
106666.667
118153.846
116363.636
98461.538
109714.286
111304.348
73846.154
96000.0
134736.842
160000.0
74563.107
139636.364
96000.0
109714.286
134736.842
137142.857
78367.347
108169.014
108169.014
109714.286
106666.667
106666.667
111304.348
134736.842
97215.19
106666.667
130169.492
142222.222
102400.0
125901.639
83478.261
108169.014
132413.793
147692.308
83478.261
134736.842
101052.632
102400.0
125901.639
139636.364
102400.0
121904.762
105205.479
116363.636
87272.727
130169.492
130169.492
94814.815
94814.815
123870.968
112941.176
106666.667
130169.492
98461.538
106666.667
111304.348
108169.014
109714.286
109714.286
134736.842
97215.19
108169.014
132413.793
97215.19
137142.857
97215.19
134736.842
99740.26
128000.0
96000.0
132413.793
98461.538
134736.842
128000.0
101052.632
97215.19
109714.286
134736.842
98461.538
111304.348
134736.842
98461.538
137142.857
97215.19
137142.857
97215.19
137142.857
94814.815
108169.014
109714.286
109714.286
108169.014
130169.492
105205.479
108169.014
134736.842
85333.333
137142.857
79175.258
134736.842
94814.815
134736.842
101052.632
132413.793
103783.784
134736.842
87272.727
93658.537
109714.286
109714.286
109714.286
111304.348
111304.348
109714.286
137142.857
89302.326
137142.857
101052.632
132413.793
96000.0
139636.364
98461.538
139636.364
90352.941
132413.793
105205.479
130169.492
101052.632
108169.014
109714.286
109714.286
108169.014
137142.857
97215.19
108169.014
109714.286
109714.286
132413.793
192000.0
75294.118
128000.0
84395.604
93658.537
134736.842
96000.0
137142.857
116363.636
92530.12
108169.014
121904.762
99740.26
111304.348
111304.348
109714.286
118153.846
1920000.0
112941.176
156734.694
86292.135
123870.968
132413.793
102400.0
112941.176
142222.222
1536000.0
111304.348
112941.176
112941.176
163404.255
89302.326
109714.286
125901.639
134736.842
170666.667
178604.651
109714.286
130169.492
128000.0
137142.857
96000.0
93658.537
116363.636
128000.0
512000.0
134736.842
103783.784
111304.348
134736.842
166956.522
93658.537
94814.815
142222.222
99740.26
111304.348
112941.176
111304.348
137142.857
109714.286
111304.348
111304.348
137142.857
98461.538
109714.286
111304.348
163404.255
86292.135
137142.857
1536000.0
99740.26
142222.222
112941.176
125901.639
89302.326
132413.793
98461.538
109714.286
320000.0
170666.667
142222.222
97215.19
111304.348
111304.348
111304.348
144905.66
182857.143
76039.604
123870.968
98461.538
109714.286
111304.348
111304.348
111304.348
139636.364
97215.19
109714.286
137142.857
170666.667
91428.571
92530.12
109714.286
111304.348
111304.348
109714.286
139636.364
174545.455
81702.128
91428.571
112941.176
142222.222
98461.538
111304.348
112941.176
111304.348
125901.639
132413.793
89302.326
142222.222
116363.636
102400.0
103783.784
139636.364
98461.538
130169.492
97215.19
114626.866
128000.0
103783.784
142222.222
94814.815
139636.364
89302.326
93658.537
111304.348
134736.842
163404.255
96000.0
96000.0
105205.479
137142.857
106666.667
111304.348
108169.014
114626.866
108169.014
118153.846
103783.784
125901.639
99740.26
139636.364
96000.0
139636.364
121904.762
103783.784
102400.0
137142.857
97215.19
114626.866
134736.842
106666.667
108169.014
109714.286
111304.348
111304.348
109714.286
109714.286
128000.0
98461.538
132413.793
96000.0
142222.222
98461.538
142222.222
96000.0
109714.286
142222.222
99740.26
111304.348
111304.348
142222.222
108169.014
109714.286
112941.176
109714.286
111304.348
111304.348
130169.492
116363.636
98461.538
111304.348
160000.0
84395.604
121904.762
142222.222
82580.645
120000.0
98461.538
132413.793
94814.815
123870.968
97215.19
108169.014
109714.286
111304.348
130169.492
150588.235
96000.0
144905.66
77575.758
132413.793
94814.815
142222.222
97215.19
108169.014
109714.286
109714.286
139636.364
196923.077
70458.716
103783.784
111304.348
111304.348
111304.348
109714.286
111304.348
111304.348
139636.364
130169.492
99740.26
116363.636
98461.538
125901.639
96000.0
111304.348
139636.364
96000.0
106666.667
137142.857
96000.0
153600.0
84395.604
106666.667
109714.286
109714.286
109714.286
137142.857
90352.941
120000.0
88275.862
108169.014
111304.348
156734.694
88275.862
109714.286
111304.348
150588.235
94814.815
142222.222
91428.571
142222.222
91428.571
147692.308
109714.286
130169.492
92530.12
132413.793
96000.0
142222.222
111304.348
114626.866
93658.537
142222.222
91428.571
144905.66
112941.176
112941.176
94814.815
128000.0
99740.26
142222.222
98461.538
137142.857
98461.538
120000.0
125901.639
98461.538
111304.348
137142.857
98461.538
111304.348
137142.857
97215.19
109714.286
139636.364
153600.0
101052.632
128000.0
85333.333
109714.286
109714.286
111304.348
112941.176
139636.364
108169.014
139636.364
93658.537
139636.364
114626.866
109714.286
96000.0
125901.639
99740.26
125901.639
103783.784
123870.968
88275.862
109714.286
109714.286
160000.0
86292.135
111304.348
109714.286
160000.0
98461.538
121904.762
93658.537
132413.793
112941.176
108169.014
125901.639
97215.19
112941.176
112941.176
112941.176
139636.364
130169.492
139636.364
123870.968
85333.333
112941.176
112941.176
144905.66
94814.815
144905.66
94814.815
142222.222
137142.857
94814.815
109714.286
111304.348
132413.793
178604.651
174545.455
83478.261
134736.842
106666.667
112941.176
134736.842
125901.639
90352.941
150588.235
90352.941
130169.492
98461.538
109714.286
111304.348
144905.66
97215.19
108169.014
137142.857
137142.857
84395.604
109714.286
134736.842
142222.222
108169.014
137142.857
76800.0
109714.286
112941.176
134736.842
99740.26
130169.492
132413.793
130169.492
125901.639
101052.632
142222.222
97215.19
114626.866
111304.348
112941.176
114626.866
114626.866
114626.866
114626.866
114626.866
116363.636
114626.866
112941.176
120000.0
2560000.0
114626.866
112941.176
114626.866
137142.857
99740.26
114626.866
137142.857
99740.26
114626.866
114626.866
114626.866
320000.0
207567.568
156734.694
83478.261
137142.857
99740.26
111304.348
114626.866
219428.571
240000.0
144905.66
134736.842
87272.727
112941.176
123870.968
1920000.0
320000.0
307200.0
89302.326
111304.348
112941.176
156734.694
109714.286
118153.846
93658.537
139636.364
120000.0
137142.857
89302.326
116363.636
116363.636
1920000.0
116363.636
114626.866
142222.222
99740.26
114626.866
114626.866
112941.176
114626.866
114626.866
112941.176
112941.176
111304.348
114626.866
114626.866
114626.866
114626.866
114626.866
114626.866
144905.66
120000.0
96000.0
114626.866
116363.636
137142.857
101052.632
114626.866
114626.866
114626.866
116363.636
114626.866
114626.866
116363.636
144905.66
109714.286
125901.639
102400.0
114626.866
147692.308
99740.26
137142.857
98461.538
142222.222
109714.286
111304.348
114626.866
116363.636
114626.866
114626.866
112941.176
139636.364
98461.538
114626.866
112941.176
112941.176
114626.866
166956.522
89302.326
142222.222
240000.0
153600.0
147692.308
98461.538
112941.176
112941.176
112941.176
137142.857
150588.235
96000.0
128000.0
105205.479
125901.639
89302.326
112941.176
112941.176
153600.0
111304.348
116363.636
106666.667
853333.333
144905.66
94814.815
142222.222
98461.538
137142.857
98461.538
142222.222
98461.538
134736.842
97215.19
139636.364
118153.846
106666.667
101052.632
130169.492
101052.632
116363.636
109714.286
112941.176
178604.651
82580.645
108169.014
116363.636
150588.235
89302.326
144905.66
98461.538
111304.348
137142.857
118153.846
105205.479
105205.479
109714.286
112941.176
144905.66
160000.0
1536000.0
81702.128
112941.176
114626.866
132413.793
134736.842
99740.26
101052.632
132413.793
147692.308
103783.784
139636.364
101052.632
111304.348
114626.866
112941.176
112941.176
147692.308
114626.866
134736.842
83478.261
111304.348
134736.842
99740.26
150588.235
103783.784
98461.538
128000.0
125901.639
512000.0
111304.348
112941.176
144905.66
202105.263
75294.118
109714.286
108169.014
256000.0
264827.586
102400.0
109714.286
106666.667
139636.364
94814.815
105205.479
137142.857
166956.522
97215.19
139636.364
99740.26
139636.364
77575.758
130169.492
96000.0
137142.857
97215.19
116363.636
1920000.0
134736.842
137142.857
103783.784
125901.639
103783.784
123870.968
87272.727
139636.364
96000.0
150588.235
91428.571
111304.348
128000.0
121904.762
91428.571
142222.222
114626.866
111304.348
118153.846
132413.793
116363.636
142222.222
98461.538
142222.222
101052.632
108169.014
111304.348
111304.348
142222.222
101052.632
109714.286
150588.235
90352.941
111304.348
134736.842
147692.308
274285.714
144905.66
101052.632
103783.784
109714.286
132413.793
87272.727
93658.537
109714.286
108169.014
109714.286
139636.364
101052.632
108169.014
137142.857
94814.815
142222.222
98461.538
106666.667
142222.222
123870.968
106666.667
111304.348
139636.364
92530.12
144905.66
73846.154
94814.815
111304.348
111304.348
132413.793
853333.333
74563.107
109714.286
112941.176
112941.176
111304.348
166956.522
109714.286
144905.66
99740.26
137142.857
125901.639
111304.348
112941.176
112941.176
139636.364
99740.26
112941.176
114626.866
125901.639
142222.222
196923.077
207567.568
112941.176
114626.866
111304.348
112941.176
116363.636
132413.793
98461.538
144905.66
99740.26
112941.176
112941.176
139636.364
99740.26
112941.176
139636.364
132413.793
88275.862
130169.492
153600.0
99740.26
97215.19
132413.793
98461.538
139636.364
98461.538
142222.222
96000.0
144905.66
108169.014
139636.364
109714.286
114626.866
163404.255
88275.862
187317.073
698181.818
98461.538
137142.857
101052.632
130169.492
85333.333
87272.727
156734.694
111304.348
384000.0
112941.176
112941.176
123870.968
1536000.0
144905.66
139636.364
85333.333
112941.176
139636.364
590769.231
142222.222
97215.19
111304.348
134736.842
134736.842
86292.135
134736.842
97215.19
142222.222
105205.479
106666.667
109714.286
111304.348
109714.286
123870.968
99740.26
108169.014
134736.842
163404.255
75294.118
106666.667
109714.286
111304.348
109714.286
108169.014
111304.348
111304.348
109714.286
109714.286
139636.364
134736.842
82580.645
142222.222
153600.0
83478.261
86292.135
144905.66
101052.632
125901.639
88275.862
109714.286
109714.286
153600.0
91428.571
147692.308
88275.862
137142.857
98461.538
108169.014
111304.348
111304.348
109714.286
170666.667
83478.261
109714.286
112941.176
108169.014
112941.176
111304.348
137142.857
120000.0
94814.815
121904.762
116363.636
132413.793
98461.538
134736.842
97215.19
116363.636
128000.0
97215.19
111304.348
134736.842
97215.19
109714.286
139636.364
98461.538
139636.364
101052.632
139636.364
98461.538
163404.255
853333.333
93658.537
284444.444
182857.143
142222.222
142222.222
97215.19
111304.348
112941.176
112941.176
166956.522
640000.0
170666.667
108169.014
256000.0
109714.286
112941.176
139636.364
92530.12
139636.364
98461.538
142222.222
70458.716
106666.667
97215.19
111304.348
111304.348
139636.364
112941.176
102400.0
111304.348
112941.176
112941.176
112941.176
116363.636
111304.348
142222.222
139636.364
101052.632
132413.793
1920000.0
103783.784
120000.0
187317.073
187317.073
147692.308
142222.222
103783.784
1097142.857
94814.815
118153.846
109714.286
196923.077
264827.586
111304.348
120000.0
109714.286
144905.66
137142.857
590769.231
103783.784
112941.176
116363.636
108169.014
123870.968
90352.941
307200.0
182857.143
112941.176
160000.0
139636.364
512000.0
128000.0
88275.862
111304.348
111304.348
114626.866
112941.176
163404.255
112941.176
109714.286
153600.0
116363.636
295384.615
98461.538
108169.014
121904.762
1536000.0
125901.639
108169.014
132413.793
102400.0
116363.636
114626.866
114626.866
128000.0
1280000.0
144905.66
125901.639
142222.222
102400.0
97215.19
114626.866
114626.866
114626.866
142222.222
99740.26
112941.176
114626.866
147692.308
103783.784
139636.364
108169.014
120000.0
108169.014
144905.66
80000.0
147692.308
90352.941
109714.286
144905.66
105205.479
102400.0
130169.492
98461.538
144905.66
134736.842
384000.0
134736.842
125901.639
87272.727
112941.176
111304.348
109714.286
111304.348
111304.348
109714.286
264827.586
182857.143
109714.286
111304.348
139636.364
94814.815
106666.667
109714.286
108169.014
130169.492
96000.0
108169.014
108169.014
128000.0
96000.0
125901.639
97215.19
106666.667
142222.222
93658.537
108169.014
108169.014
123870.968
94814.815
144905.66
85333.333
103783.784
103783.784
134736.842
97215.19
121904.762
91428.571
137142.857
130169.492
128000.0
89302.326
102400.0
123870.968
698181.818
105205.479
105205.479
105205.479
123870.968
163404.255
103783.784
121904.762
150588.235
144905.66
150588.235
106666.667
109714.286
137142.857
88275.862
109714.286
108169.014
108169.014
106666.667
109714.286
109714.286
134736.842
93658.537
106666.667
108169.014
108169.014
106666.667
108169.014
109714.286
137142.857
90352.941
132413.793
480000.0
108169.014
108169.014
142222.222
96000.0
147692.308
86292.135
132413.793
1920000.0
121904.762
106666.667
97215.19
142222.222
88275.862
106666.667
116363.636
166956.522
76800.0
105205.479
108169.014
142222.222
97215.19
108169.014
108169.014
109714.286
142222.222
147692.308
78367.347
108169.014
111304.348
150588.235
88275.862
108169.014
109714.286
156734.694
86292.135
128000.0
112941.176
134736.842
156734.694
160000.0
106666.667
108169.014
108169.014
108169.014
109714.286
320000.0
160000.0
132413.793
96000.0
132413.793
94814.815
108169.014
108169.014
109714.286
134736.842
139636.364
81702.128
108169.014
108169.014
130169.492
96000.0
106666.667
108169.014
108169.014
108169.014
123870.968
97215.19
134736.842
105205.479
90352.941
108169.014
108169.014
106666.667
108169.014
137142.857
153600.0
73142.857
106666.667
132413.793
150588.235
137142.857
83478.261
84395.604
147692.308
86292.135
153600.0
83478.261
108169.014
132413.793
134736.842
85333.333
109714.286
109714.286
109714.286
108169.014
109714.286
109714.286
108169.014
132413.793
142222.222
80000.0
108169.014
125901.639
153600.0
73142.857
105205.479
105205.479
106666.667
106666.667
106666.667
105205.479
106666.667
137142.857
87272.727
106666.667
105205.479
106666.667
106666.667
132413.793
98461.538
103783.784
106666.667
121904.762
182857.143
69818.182
106666.667
106666.667
108169.014
105205.479
128000.0
101052.632
106666.667
150588.235
120000.0
92530.12
134736.842
73846.154
105205.479
106666.667
139636.364
85333.333
105205.479
105205.479
106666.667
105205.479
105205.479
105205.479
106666.667
68571.429
91428.571
121904.762
92530.12
163404.255
80000.0
142222.222
92530.12
130169.492
98461.538
106666.667
106666.667
108169.014
106666.667
106666.667
106666.667
106666.667
106666.667
128000.0
102400.0
103783.784
103783.784
125901.639
71775.701
92530.12
116363.636
91428.571
142222.222
84395.604
103783.784
103783.784
105205.479
105205.479
106666.667
128000.0
88275.862
130169.492
101052.632
116363.636
91428.571
105205.479
105205.479
105205.479
105205.479
106666.667
134736.842
96000.0
103783.784
105205.479
109714.286
103783.784
132413.793
87272.727
105205.479
105205.479
105205.479
105205.479
106666.667
128000.0
68571.429
88275.862
105205.479
106666.667
128000.0
103783.784
97215.19
105205.479
106666.667
105205.479
118153.846
98461.538
137142.857
87272.727
105205.479
128000.0
166956.522
72452.83
105205.479
106666.667
106666.667
142222.222
84395.604
111304.348
103783.784
132413.793
111304.348
118153.846
114626.866
130169.492
72452.83
123870.968
142222.222
144905.66
71111.111
130169.492
103783.784
108169.014
106666.667
108169.014
108169.014
109714.286
108169.014
106666.667
134736.842
106666.667
106666.667
96000.0
108169.014
106666.667
106666.667
106666.667
105205.479
106666.667
106666.667
105205.479
103783.784
105205.479
105205.479
128000.0
99740.26
105205.479
106666.667
106666.667
106666.667
106666.667
106666.667
109714.286
105205.479
106666.667
108169.014
106666.667
108169.014
106666.667
106666.667
108169.014
108169.014
128000.0
137142.857
144905.66
71775.701
130169.492
96000.0
106666.667
125901.639
94814.815
106666.667
106666.667
108169.014
106666.667
105205.479
108169.014
108169.014
128000.0
102400.0
105205.479
132413.793
187317.073
134736.842
93658.537
73846.154
106666.667
106666.667
108169.014
108169.014
108169.014
130169.492
182857.143
71111.111
106666.667
108169.014
106666.667
128000.0
99740.26
137142.857
87272.727
105205.479
105205.479
118153.846
96000.0
142222.222
83478.261
103783.784
106666.667
106666.667
134736.842
156734.694
96000.0
156734.694
71111.111
105205.479
106666.667
106666.667
106666.667
106666.667
106666.667
106666.667
108169.014
103783.784
130169.492
93658.537
137142.857
128000.0
404210.526
144905.66
85333.333
130169.492
101052.632
106666.667
106666.667
108169.014
123870.968
768000.0
106666.667
106666.667
108169.014
134736.842
96000.0
108169.014
109714.286
108169.014
134736.842
98461.538
108169.014
108169.014
125901.639
67964.602
106666.667
106666.667
106666.667
103783.784
106666.667
125901.639
94814.815
118153.846
96000.0
139636.364
88275.862
128000.0
102400.0
101052.632
106666.667
106666.667
105205.479
106666.667
132413.793
96000.0
105205.479
105205.479
106666.667
132413.793
93658.537
134736.842
94814.815
105205.479
106666.667
130169.492
94814.815
106666.667
108169.014
105205.479
106666.667
108169.014
116363.636
128000.0
93658.537
106666.667
109714.286
105205.479
121904.762
109714.286
121904.762
99740.26
132413.793
88275.862
106666.667
105205.479
106666.667
123870.968
93658.537
105205.479
106666.667
105205.479
106666.667
118153.846
96000.0
142222.222
85333.333
105205.479
105205.479
128000.0
99740.26
105205.479
105205.479
105205.479
105205.479
105205.479
128000.0
102400.0
105205.479
105205.479
105205.479
130169.492
91428.571
105205.479
106666.667
103783.784
118153.846
69818.182
139636.364
83478.261
103783.784
103783.784
125901.639
99740.26
103783.784
103783.784
112941.176
97215.19
134736.842
150588.235
108169.014
102400.0
106666.667
90352.941
128000.0
90352.941
