121951.22
121951.22
120967.742
120967.742
119047.619
120967.742
120967.742
120000.0
120000.0
120000.0
120000.0
120000.0
120000.0
120000.0
119047.619
120000.0
120000.0
120967.742
119047.619
119047.619
118110.236
118110.236
119047.619
119047.619
119047.619
119047.619
119047.619
119047.619
119047.619
119047.619
118110.236
118110.236
375000.0
154639.175
126050.42
125000.0
118110.236
245901.639
227272.727
119047.619
120000.0
120000.0
120000.0
120000.0
120967.742
120000.0
120000.0
120000.0
120000.0
119047.619
120000.0
120967.742
120000.0
119047.619
118110.236
118110.236
119047.619
118110.236
118110.236
118110.236
118110.236
118110.236
118110.236
118110.236
117187.5
118110.236
117187.5
118110.236
119047.619
118110.236
117187.5
117187.5
117187.5
118110.236
118110.236
118110.236
117187.5
119047.619
118110.236
118110.236
119047.619
118110.236
119047.619
119047.619
120000.0
120000.0
118110.236
119047.619
119047.619
118110.236
120000.0
120000.0
120000.0
119047.619
120967.742
120000.0
120967.742
120000.0
120000.0
120967.742
121951.22
121951.22
120000.0
120967.742
120967.742
120000.0
120000.0
120967.742
120967.742
120967.742
120000.0
120967.742
120967.742
120967.742
120000.0
120967.742
123966.942
119047.619
120967.742
120000.0
120967.742
120000.0
120000.0
120967.742
120967.742
120967.742
120967.742
120000.0
120967.742
120967.742
120967.742
120967.742
120000.0
121951.22
121951.22
120967.742
172413.793
140186.916
283018.868
164835.165
416666.667
118110.236
120967.742
120967.742
121951.22
120967.742
121951.22
120967.742
120967.742
120967.742
121951.22
122950.82
122950.82
122950.82
122950.82
121951.22
121951.22
120967.742
121951.22
120967.742
121951.22
120967.742
120967.742
120967.742
120000.0
120000.0
120000.0
120000.0
120000.0
120967.742
120000.0
119047.619
119047.619
118110.236
119047.619
119047.619
119047.619
119047.619
119047.619
119047.619
119047.619
119047.619
118110.236
119047.619
120000.0
120000.0
119047.619
120000.0
119047.619
119047.619
119047.619
118110.236
120000.0
120000.0
120000.0
119047.619
120967.742
120000.0
120967.742
119047.619
120000.0
121951.22
120967.742
121951.22
120967.742
120967.742
120967.742
120000.0
120967.742
120967.742
120967.742
120967.742
120967.742
120967.742
120967.742
120000.0
120967.742
120967.742
121951.22
120967.742
121951.22
120000.0
120967.742
120000.0
120967.742
120967.742
120967.742
120000.0
121951.22
120967.742
120967.742
120000.0
120967.742
121951.22
120967.742
120967.742
122950.82
121951.22
120967.742
120967.742
120000.0
120967.742
121951.22
120967.742
121951.22
120967.742
121951.22
120967.742
120967.742
121951.22
120967.742
120967.742
121951.22
121951.22
120967.742
120967.742
120967.742
120000.0
120967.742
121951.22
121951.22
120967.742
120000.0
120967.742
121951.22
121951.22
120967.742
120000.0
121951.22
122950.82
121951.22
121951.22
120967.742
120967.742
120967.742
121951.22
121951.22
120967.742
121951.22
120000.0
121951.22
121951.22
120967.742
120000.0
120967.742
121951.22
121951.22
120967.742
120967.742
120000.0
120000.0
120000.0
120967.742
120967.742
120000.0
120000.0
120000.0
120967.742
120000.0
119047.619
120967.742
120967.742
120967.742
120967.742
120000.0
120000.0
120000.0
120000.0
120000.0
120967.742
120000.0
120000.0
120967.742
120967.742
120967.742
120000.0
120967.742
120967.742
121951.22
120967.742
121951.22
120967.742
120967.742
120967.742
120967.742
120967.742
121951.22
120967.742
120967.742
121951.22
121951.22
120000.0
121951.22
120967.742
121951.22
121951.22
121951.22
121951.22
120967.742
120967.742
120000.0
120967.742
120967.742
120967.742
120967.742
120000.0
120967.742
120000.0
120967.742
120000.0
120000.0
120000.0
121951.22
120967.742
120000.0
120000.0
120000.0
119047.619
120000.0
120000.0
120967.742
120000.0
120000.0
120000.0
120967.742
120000.0
120967.742
120000.0
121951.22
120967.742
121951.22
120967.742
120967.742
120000.0
120967.742
120967.742
120967.742
120967.742
120000.0
120967.742
121951.22
120967.742
120000.0
120967.742
120967.742
126050.42
116279.07
120967.742
120000.0
120967.742
120000.0
120000.0
120000.0
120967.742
120000.0
120000.0
120967.742
120967.742
120000.0
119047.619
120000.0
120967.742
121951.22
120967.742
120000.0
118110.236
122950.82
119047.619
119047.619
120967.742
121951.22
119047.619
119047.619
120000.0
120967.742
120000.0
120000.0
120000.0
121951.22
120967.742
121951.22
120000.0
120000.0
119047.619
120000.0
120967.742
120967.742
120967.742
119047.619
120967.742
120967.742
120000.0
119047.619
120967.742
120967.742
120000.0
121951.22
120000.0
120000.0
120967.742
120000.0
119047.619
120967.742
120967.742
120967.742
120000.0
120000.0
120967.742
120967.742
120000.0
119047.619
121951.22
120967.742
121951.22
119047.619
120967.742
120000.0
120967.742
120967.742
120000.0
120967.742
120967.742
120967.742
120000.0
120967.742
120967.742
120967.742
120000.0
120000.0
121951.22
120967.742
119047.619
120000.0
120000.0
120000.0
120000.0
120000.0
120000.0
119047.619
120000.0
120000.0
119047.619
119047.619
120000.0
119047.619
120967.742
120000.0
119047.619
118110.236
119047.619
118110.236
119047.619
119047.619
119047.619
119047.619
118110.236
119047.619
118110.236
119047.619
118110.236
118110.236
119047.619
119047.619
119047.619
117187.5
117187.5
118110.236
117187.5
117187.5
118110.236
118110.236
117187.5
117187.5
118110.236
117187.5
117187.5
117187.5
118110.236
119047.619
119047.619
117187.5
117187.5
118110.236
118110.236
118110.236
119047.619
118110.236
118110.236
120967.742
118110.236
120000.0
120000.0
120967.742
119047.619
120967.742
121951.22
220588.235
57915.058
319148.936
214285.714
272727.273
121951.22
122950.82
122950.82
122950.82
120967.742
122950.82
121951.22
121951.22
120967.742
120967.742
119047.619
123966.942
121951.22
123966.942
116279.07
120967.742
120000.0
120000.0
120000.0
120967.742
119047.619
120000.0
119047.619
120000.0
120000.0
118110.236
120000.0
120000.0
120000.0
120000.0
118110.236
118110.236
119047.619
118110.236
119047.619
119047.619
118110.236
119047.619
118110.236
119047.619
119047.619
118110.236
120000.0
117187.5
120000.0
120000.0
119047.619
118110.236
119047.619
118110.236
119047.619
120000.0
120967.742
129310.345
110294.118
120967.742
120967.742
120000.0
120000.0
120967.742
120967.742
120967.742
121951.22
120967.742
120967.742
120000.0
121951.22
120967.742
121951.22
123966.942
118110.236
120967.742
120000.0
122950.82
120000.0
119047.619
125000.0
121951.22
122950.82
121951.22
120967.742
120967.742
120000.0
121951.22
121951.22
120967.742
120967.742
125000.0
119047.619
121951.22
120000.0
120967.742
121951.22
121951.22
121951.22
122950.82
121951.22
121951.22
120967.742
120000.0
121951.22
129310.345
116279.07
120967.742
121951.22
121951.22
121951.22
120000.0
121951.22
121951.22
121951.22
122950.82
121951.22
120000.0
120967.742
120967.742
122950.82
118110.236
121951.22
122950.82
118110.236
120967.742
120967.742
120000.0
120000.0
120967.742
120000.0
120967.742
120967.742
120967.742
119047.619
120000.0
119047.619
120000.0
119047.619
119047.619
120967.742
119047.619
120000.0
119047.619
120000.0
120000.0
120000.0
120000.0
120967.742
120000.0
120000.0
120967.742
119047.619
120000.0
120967.742
120967.742
120000.0
120967.742
120967.742
120967.742
120967.742
120967.742
120000.0
121951.22
123966.942
119047.619
121951.22
120000.0
120967.742
120967.742
120967.742
120967.742
120967.742
120000.0
120967.742
120967.742
120967.742
120000.0
120000.0
120967.742
120000.0
115384.615
128205.128
120967.742
120967.742
120000.0
120000.0
120967.742
120967.742
120000.0
120967.742
120967.742
120000.0
120967.742
120000.0
120000.0
118110.236
122950.82
121951.22
120967.742
119047.619
120967.742
120967.742
120967.742
120967.742
120967.742
121951.22
120967.742
120967.742
120967.742
120967.742
120967.742
120967.742
120967.742
120967.742
121951.22
120967.742
120000.0
119047.619
120000.0
120000.0
120000.0
120000.0
120000.0
119047.619
119047.619
116279.07
122950.82
119047.619
118110.236
120000.0
120000.0
119047.619
118110.236
118110.236
118110.236
118110.236
119047.619
118110.236
118110.236
118110.236
119047.619
118110.236
118110.236
119047.619
118110.236
119047.619
119047.619
120000.0
120000.0
119047.619
118110.236
120000.0
120000.0
120000.0
119047.619
120967.742
120000.0
120000.0
120967.742
120967.742
120000.0
120967.742
120967.742
121951.22
121951.22
120967.742
121951.22
120967.742
120000.0
121951.22
120967.742
120967.742
120000.0
120967.742
120967.742
120967.742
120000.0
120000.0
120967.742
120000.0
121951.22
120000.0
120000.0
119047.619
120000.0
119047.619
120000.0
119047.619
120000.0
119047.619
119047.619
119047.619
120000.0
118110.236
120000.0
120000.0
120000.0
120967.742
120000.0
119047.619
120000.0
119047.619
120000.0
120967.742
119047.619
120967.742
120000.0
120967.742
120000.0
120967.742
121951.22
120000.0
120967.742
122950.82
120967.742
120967.742
121951.22
120000.0
120967.742
120967.742
120967.742
120967.742
120967.742
120000.0
120000.0
120967.742
120000.0
119047.619
120000.0
120000.0
120967.742
119047.619
119047.619
119047.619
118110.236
119047.619
119047.619
118110.236
119047.619
118110.236
119047.619
118110.236
118110.236
118110.236
118110.236
118110.236
119047.619
118110.236
117187.5
117187.5
117187.5
117187.5
118110.236
117187.5
117187.5
118110.236
117187.5
118110.236
117187.5
118110.236
118110.236
118110.236
119047.619
119047.619
119047.619
119047.619
119047.619
119047.619
119047.619
120000.0
120000.0
120000.0
120000.0
120000.0
120967.742
120000.0
120967.742
121951.22
120967.742
121951.22
121951.22
119047.619
120967.742
120000.0
120967.742
120967.742
121951.22
120967.742
120000.0
120967.742
120967.742
120000.0
120000.0
120967.742
120000.0
120000.0
121951.22
120000.0
115384.615
192307.692
15000000.0
1389.018
