113636.364
112781.955
113636.364
111940.299
111940.299
111111.111
113636.364
113636.364
115384.615
113636.364
113636.364
114503.817
114503.817
113636.364
114503.817
113636.364
113636.364
111940.299
113636.364
111940.299
112781.955
111940.299
111940.299
113636.364
111111.111
112781.955
112781.955
112781.955
113636.364
111111.111
113636.364
111940.299
112781.955
112781.955
111111.111
112781.955
112781.955
112781.955
113636.364
112781.955
113636.364
114503.817
113636.364
115384.615
114503.817
114503.817
115384.615
115384.615
114503.817
114503.817
116279.07
115384.615
116279.07
115384.615
116279.07
117187.5
115384.615
117187.5
117187.5
117187.5
117187.5
118110.236
116279.07
118110.236
118110.236
117187.5
118110.236
118110.236
118110.236
117187.5
118110.236
119047.619
117187.5
118110.236
119047.619
119047.619
117187.5
119047.619
119047.619
118110.236
117187.5
119047.619
120000.0
117187.5
118110.236
119047.619
119047.619
117187.5
117187.5
119047.619
118110.236
117187.5
119047.619
118110.236
117187.5
116279.07
119047.619
117187.5
116279.07
117187.5
118110.236
116279.07
116279.07
118110.236
117187.5
116279.07
116279.07
117187.5
116279.07
116279.07
117187.5
115384.615
116279.07
117187.5
115384.615
116279.07
117187.5
115384.615
115384.615
117187.5
115384.615
114503.817
117187.5
116279.07
114503.817
116279.07
116279.07
115384.615
116279.07
116279.07
115384.615
115384.615
116279.07
115384.615
116279.07
116279.07
115384.615
116279.07
116279.07
115384.615
116279.07
117187.5
114503.817
116279.07
116279.07
115384.615
116279.07
117187.5
114503.817
115384.615
117187.5
116279.07
115384.615
116279.07
116279.07
116279.07
115384.615
116279.07
117187.5
115384.615
115384.615
116279.07
117187.5
115384.615
115384.615
116279.07
116279.07
115384.615
115384.615
116279.07
117187.5
114503.817
115384.615
116279.07
116279.07
114503.817
115384.615
116279.07
115384.615
114503.817
116279.07
116279.07
114503.817
114503.817
116279.07
115384.615
114503.817
114503.817
116279.07
114503.817
113636.364
116279.07
115384.615
114503.817
114503.817
116279.07
113636.364
113636.364
116279.07
115384.615
113636.364
114503.817
115384.615
115384.615
113636.364
114503.817
115384.615
113636.364
114503.817
115384.615
114503.817
113636.364
114503.817
115384.615
113636.364
113636.364
115384.615
114503.817
113636.364
114503.817
114503.817
114503.817
113636.364
115384.615
114503.817
113636.364
114503.817
115384.615
112781.955
114503.817
114503.817
114503.817
113636.364
114503.817
114503.817
114503.817
112781.955
115384.615
115384.615
113636.364
113636.364
114503.817
115384.615
113636.364
114503.817
114503.817
113636.364
114503.817
115384.615
114503.817
113636.364
114503.817
115384.615
113636.364
113636.364
115384.615
115384.615
112781.955
114503.817
115384.615
113636.364
113636.364
114503.817
115384.615
113636.364
113636.364
114503.817
114503.817
113636.364
113636.364
115384.615
114503.817
112781.955
113636.364
114503.817
114503.817
112781.955
113636.364
114503.817
112781.955
112781.955
114503.817
123966.942
178571.429
159574.468
174418.605
168539.326
164835.165
163043.478
166666.667
163043.478
159574.468
168539.326
163043.478
157894.737
168539.326
161290.323
164835.165
161290.323
164835.165
159574.468
156250.0
168539.326
161290.323
161290.323
157894.737
163043.478
161290.323
159574.468
161290.323
159574.468
159574.468
154639.175
164835.165
159574.468
159574.468
159574.468
159574.468
159574.468
159574.468
157894.737
159574.468
157894.737
159574.468
159574.468
153061.224
157894.737
163043.478
159574.468
157894.737
157894.737
157894.737
157894.737
159574.468
157894.737
156250.0
157894.737
159574.468
156250.0
157894.737
157894.737
151515.152
157894.737
163043.478
157894.737
156250.0
157894.737
156250.0
157894.737
157894.737
157894.737
157894.737
156250.0
156250.0
157894.737
159574.468
154639.175
156250.0
153061.224
156250.0
157894.737
161290.323
156250.0
157894.737
157894.737
156250.0
159574.468
154639.175
156250.0
159574.468
156250.0
156250.0
156250.0
172413.793
326086.957
183.545
