102400.0
103783.784
103783.784
102400.0
105205.479
137142.857
86292.135
102400.0
105205.479
105205.479
102400.0
105205.479
134736.842
86292.135
102400.0
105205.479
118153.846
92530.12
103783.784
103783.784
123870.968
91428.571
101052.632
103783.784
121904.762
91428.571
103783.784
102400.0
105205.479
123870.968
90352.941
102400.0
103783.784
103783.784
103783.784
103783.784
137142.857
87272.727
102400.0
103783.784
116363.636
94814.815
103783.784
103783.784
105205.479
125901.639
88275.862
103783.784
105205.479
103783.784
103783.784
103783.784
134736.842
87272.727
102400.0
105205.479
103783.784
103783.784
103783.784
137142.857
87272.727
101052.632
105205.479
118153.846
92530.12
102400.0
105205.479
125901.639
89302.326
103783.784
105205.479
102400.0
105205.479
103783.784
132413.793
87272.727
102400.0
130169.492
96000.0
93658.537
102400.0
103783.784
112941.176
96000.0
102400.0
103783.784
125901.639
90352.941
102400.0
102400.0
103783.784
105205.479
101052.632
139636.364
86292.135
103783.784
102400.0
105205.479
102400.0
105205.479
132413.793
87272.727
102400.0
103783.784
118153.846
91428.571
105205.479
102400.0
103783.784
103783.784
128000.0
89302.326
101052.632
103783.784
103783.784
103783.784
103783.784
132413.793
87272.727
102400.0
103783.784
103783.784
103783.784
102400.0
134736.842
86292.135
103783.784
103783.784
102400.0
102400.0
105205.479
130169.492
87272.727
103783.784
102400.0
102400.0
103783.784
103783.784
132413.793
87272.727
102400.0
103783.784
102400.0
103783.784
103783.784
134736.842
86292.135
102400.0
103783.784
103783.784
102400.0
103783.784
137142.857
87272.727
102400.0
102400.0
114626.866
96000.0
102400.0
103783.784
103783.784
103783.784
132413.793
88275.862
103783.784
103783.784
103783.784
103783.784
103783.784
137142.857
85333.333
103783.784
103783.784
125901.639
132413.793
75294.118
103783.784
128000.0
89302.326
103783.784
103783.784
121904.762
91428.571
103783.784
105205.479
123870.968
91428.571
102400.0
105205.479
112941.176
96000.0
103783.784
103783.784
125901.639
89302.326
102400.0
105205.479
103783.784
103783.784
102400.0
134736.842
87272.727
103783.784
103783.784
103783.784
102400.0
105205.479
137142.857
139636.364
71111.111
102400.0
125901.639
90352.941
103783.784
105205.479
103783.784
105205.479
103783.784
139636.364
86292.135
102400.0
105205.479
103783.784
139636.364
144905.66
111304.348
66782.609
108169.014
114626.866
91428.571
102400.0
128000.0
90352.941
103783.784
128000.0
90352.941
103783.784
125901.639
90352.941
103783.784
105205.479
111304.348
97215.19
123870.968
142222.222
73142.857
103783.784
105205.479
109714.286
99740.26
132413.793
116363.636
80842.105
103783.784
105205.479
103783.784
134736.842
137142.857
73142.857
103783.784
121904.762
91428.571
105205.479
103783.784
130169.492
88275.862
103783.784
137142.857
87272.727
103783.784
103783.784
147692.308
93658.537
89302.326
105205.479
103783.784
132413.793
85333.333
103783.784
139636.364
87272.727
102400.0
120000.0
92530.12
105205.479
103783.784
105205.479
105205.479
103783.784
134736.842
88275.862
102400.0
105205.479
120000.0
92530.12
103783.784
103783.784
123870.968
91428.571
105205.479
103783.784
123870.968
91428.571
103783.784
103783.784
128000.0
89302.326
103783.784
108169.014
102400.0
103783.784
105205.479
105205.479
103783.784
105205.479
134736.842
88275.862
102400.0
116363.636
96000.0
103783.784
105205.479
103783.784
105205.479
103783.784
105205.479
137142.857
87272.727
105205.479
103783.784
121904.762
92530.12
102400.0
106666.667
112941.176
96000.0
105205.479
103783.784
128000.0
90352.941
103783.784
103783.784
105205.479
103783.784
105205.479
137142.857
87272.727
103783.784
111304.348
99740.26
105205.479
103783.784
130169.492
90352.941
102400.0
105205.479
103783.784
105205.479
105205.479
130169.492
89302.326
103783.784
105205.479
103783.784
105205.479
105205.479
132413.793
88275.862
102400.0
120000.0
93658.537
103783.784
103783.784
105205.479
103783.784
105205.479
134736.842
88275.862
102400.0
118153.846
94814.815
102400.0
112941.176
98461.538
105205.479
105205.479
123870.968
92530.12
103783.784
105205.479
121904.762
92530.12
103783.784
105205.479
103783.784
106666.667
103783.784
132413.793
89302.326
105205.479
114626.866
96000.0
105205.479
105205.479
120000.0
128000.0
80000.0
105205.479
128000.0
90352.941
105205.479
103783.784
103783.784
105205.479
103783.784
137142.857
88275.862
103783.784
103783.784
105205.479
103783.784
103783.784
134736.842
88275.862
102400.0
105205.479
102400.0
105205.479
102400.0
134736.842
87272.727
103783.784
103783.784
102400.0
105205.479
102400.0
134736.842
87272.727
102400.0
103783.784
121904.762
91428.571
102400.0
103783.784
121904.762
90352.941
103783.784
103783.784
120000.0
92530.12
102400.0
103783.784
128000.0
90352.941
102400.0
105205.479
102400.0
105205.479
105205.479
134736.842
87272.727
103783.784
103783.784
123870.968
91428.571
103783.784
103783.784
106666.667
103783.784
105205.479
134736.842
121904.762
77575.758
102400.0
125901.639
91428.571
103783.784
103783.784
120000.0
92530.12
103783.784
103783.784
125901.639
90352.941
103783.784
102400.0
121904.762
91428.571
103783.784
105205.479
123870.968
90352.941
102400.0
105205.479
102400.0
105205.479
103783.784
134736.842
87272.727
102400.0
103783.784
114626.866
96000.0
101052.632
105205.479
125901.639
90352.941
103783.784
105205.479
103783.784
103783.784
103783.784
139636.364
86292.135
102400.0
105205.479
118153.846
92530.12
103783.784
105205.479
105205.479
103783.784
105205.479
134736.842
87272.727
103783.784
118153.846
93658.537
102400.0
105205.479
121904.762
91428.571
103783.784
103783.784
123870.968
90352.941
102400.0
102400.0
121904.762
88275.862
102400.0
102400.0
101052.632
101052.632
102400.0
134736.842
84395.604
99740.26
130169.492
87272.727
99740.26
137142.857
84395.604
101052.632
101052.632
101052.632
103783.784
102400.0
134736.842
84395.604
102400.0
101052.632
116363.636
91428.571
101052.632
102400.0
130169.492
86292.135
102400.0
101052.632
102400.0
102400.0
102400.0
137142.857
84395.604
101052.632
102400.0
102400.0
102400.0
102400.0
134736.842
85333.333
101052.632
102400.0
123870.968
89302.326
102400.0
102400.0
121904.762
90352.941
101052.632
103783.784
114626.866
92530.12
101052.632
101052.632
130169.492
86292.135
99740.26
101052.632
108169.014
92530.12
99740.26
99740.26
101052.632
130169.492
83478.261
99740.26
101052.632
101052.632
99740.26
101052.632
132413.793
83478.261
98461.538
102400.0
101052.632
99740.26
101052.632
134736.842
82580.645
102400.0
99740.26
101052.632
102400.0
101052.632
137142.857
84395.604
99740.26
108169.014
96000.0
102400.0
134736.842
84395.604
99740.26
102400.0
102400.0
102400.0
102400.0
134736.842
84395.604
101052.632
102400.0
125901.639
87272.727
102400.0
101052.632
120000.0
89302.326
102400.0
101052.632
120000.0
87272.727
103783.784
132413.793
92530.12
87272.727
99740.26
99740.26
123870.968
81702.128
134736.842
97215.19
80000.0
97215.19
125901.639
83478.261
98461.538
98461.538
98461.538
103783.784
94814.815
134736.842
108169.014
75294.118
98461.538
123870.968
85333.333
98461.538
99740.26
123870.968
85333.333
98461.538
121904.762
87272.727
99740.26
101052.632
120000.0
87272.727
99740.26
101052.632
125901.639
85333.333
99740.26
101052.632
116363.636
87272.727
102400.0
134736.842
83478.261
99740.26
101052.632
125901.639
86292.135
99740.26
121904.762
88275.862
101052.632
102400.0
99740.26
103783.784
125901.639
87272.727
98461.538
106666.667
98461.538
102400.0
101052.632
134736.842
84395.604
101052.632
101052.632
101052.632
102400.0
116363.636
142222.222
77575.758
97215.19
130169.492
85333.333
101052.632
130169.492
86292.135
101052.632
130169.492
86292.135
101052.632
130169.492
86292.135
102400.0
130169.492
86292.135
101052.632
134736.842
85333.333
101052.632
134736.842
85333.333
99740.26
139636.364
83478.261
102400.0
132413.793
82580.645
102400.0
101052.632
130169.492
86292.135
101052.632
103783.784
101052.632
102400.0
134736.842
84395.604
101052.632
116363.636
90352.941
101052.632
132413.793
86292.135
99740.26
134736.842
85333.333
99740.26
134736.842
84395.604
102400.0
134736.842
84395.604
101052.632
132413.793
86292.135
101052.632
132413.793
85333.333
102400.0
103783.784
102400.0
102400.0
102400.0
128000.0
87272.727
102400.0
102400.0
103783.784
101052.632
132413.793
86292.135
101052.632
103783.784
102400.0
102400.0
132413.793
86292.135
101052.632
103783.784
103783.784
103783.784
132413.793
85333.333
102400.0
103783.784
102400.0
103783.784
130169.492
87272.727
102400.0
102400.0
103783.784
102400.0
132413.793
87272.727
101052.632
105205.479
102400.0
102400.0
134736.842
87272.727
102400.0
102400.0
103783.784
103783.784
132413.793
87272.727
102400.0
120000.0
90352.941
102400.0
103783.784
103783.784
103783.784
134736.842
87272.727
102400.0
103783.784
103783.784
103783.784
134736.842
86292.135
102400.0
103783.784
103783.784
103783.784
130169.492
89302.326
102400.0
103783.784
102400.0
105205.479
132413.793
88275.862
102400.0
108169.014
99740.26
103783.784
103783.784
103783.784
105205.479
132413.793
87272.727
102400.0
121904.762
91428.571
101052.632
120000.0
93658.537
102400.0
116363.636
93658.537
103783.784
103783.784
102400.0
103783.784
132413.793
87272.727
103783.784
120000.0
90352.941
103783.784
103783.784
103783.784
105205.479
130169.492
88275.862
102400.0
105205.479
103783.784
103783.784
132413.793
88275.862
102400.0
105205.479
103783.784
103783.784
130169.492
89302.326
102400.0
118153.846
92530.12
105205.479
120000.0
92530.12
102400.0
116363.636
96000.0
102400.0
105205.479
103783.784
103783.784
120000.0
93658.537
103783.784
103783.784
103783.784
105205.479
132413.793
88275.862
103783.784
106666.667
103783.784
123870.968
90352.941
105205.479
114626.866
94814.815
105205.479
103783.784
121904.762
92530.12
102400.0
105205.479
118153.846
93658.537
102400.0
105205.479
121904.762
90352.941
103783.784
103783.784
120000.0
92530.12
103783.784
103783.784
103783.784
103783.784
102400.0
137142.857
130169.492
73846.154
102400.0
125901.639
90352.941
102400.0
105205.479
103783.784
105205.479
103783.784
134736.842
88275.862
102400.0
114626.866
96000.0
105205.479
103783.784
118153.846
93658.537
103783.784
105205.479
103783.784
105205.479
105205.479
137142.857
87272.727
103783.784
114626.866
96000.0
105205.479
103783.784
118153.846
96000.0
102400.0
102400.0
125901.639
91428.571
102400.0
105205.479
116363.636
94814.815
103783.784
105205.479
116363.636
93658.537
105205.479
103783.784
121904.762
91428.571
103783.784
103783.784
103783.784
103783.784
103783.784
134736.842
134736.842
73142.857
102400.0
103783.784
103783.784
103783.784
134736.842
88275.862
102400.0
103783.784
118153.846
94814.815
101052.632
106666.667
103783.784
123870.968
89302.326
128000.0
89302.326
103783.784
102400.0
132413.793
88275.862
102400.0
105205.479
103783.784
103783.784
102400.0
137142.857
87272.727
101052.632
120000.0
91428.571
103783.784
103783.784
123870.968
90352.941
103783.784
105205.479
118153.846
92530.12
142222.222
86292.135
98461.538
132413.793
88275.862
102400.0
105205.479
103783.784
105205.479
125901.639
89302.326
103783.784
132413.793
123870.968
76039.604
103783.784
137142.857
86292.135
103783.784
103783.784
105205.479
103783.784
103783.784
137142.857
86292.135
102400.0
125901.639
90352.941
101052.632
118153.846
93658.537
103783.784
120000.0
91428.571
103783.784
103783.784
102400.0
105205.479
130169.492
87272.727
102400.0
114626.866
93658.537
103783.784
103783.784
114626.866
93658.537
102400.0
103783.784
102400.0
102400.0
103783.784
134736.842
85333.333
102400.0
102400.0
121904.762
91428.571
102400.0
103783.784
121904.762
91428.571
101052.632
105205.479
118153.846
92530.12
102400.0
103783.784
120000.0
91428.571
101052.632
105205.479
123870.968
89302.326
102400.0
103783.784
121904.762
90352.941
102400.0
102400.0
112941.176
97215.19
102400.0
102400.0
103783.784
130169.492
88275.862
102400.0
102400.0
103783.784
103783.784
103783.784
132413.793
88275.862
102400.0
103783.784
118153.846
92530.12
101052.632
105205.479
120000.0
91428.571
102400.0
102400.0
120000.0
92530.12
102400.0
102400.0
120000.0
91428.571
102400.0
102400.0
121904.762
91428.571
102400.0
102400.0
116363.636
94814.815
101052.632
103783.784
128000.0
88275.862
102400.0
102400.0
105205.479
103783.784
103783.784
130169.492
90352.941
101052.632
103783.784
105205.479
102400.0
105205.479
134736.842
86292.135
102400.0
103783.784
116363.636
94814.815
102400.0
103783.784
120000.0
92530.12
102400.0
105205.479
102400.0
105205.479
103783.784
134736.842
153600.0
68571.429
102400.0
116363.636
94814.815
103783.784
103783.784
128000.0
89302.326
102400.0
125901.639
90352.941
102400.0
105205.479
118153.846
101052.632
94814.815
103783.784
128000.0
86292.135
105205.479
134736.842
87272.727
103783.784
102400.0
105205.479
128000.0
130169.492
76039.604
103783.784
105205.479
103783.784
105205.479
134736.842
88275.862
101052.632
105205.479
102400.0
106666.667
130169.492
87272.727
103783.784
114626.866
94814.815
103783.784
130169.492
101052.632
89302.326
101052.632
116363.636
105205.479
91428.571
114626.866
94814.815
112941.176
97215.19
118153.846
93658.537
103783.784
118153.846
92530.12
103783.784
103783.784
120000.0
134736.842
130169.492
66782.609
103783.784
134736.842
88275.862
102400.0
105205.479
103783.784
105205.479
103783.784
134736.842
89302.326
102400.0
103783.784
132413.793
86292.135
103783.784
103783.784
105205.479
103783.784
103783.784
137142.857
87272.727
102400.0
118153.846
91428.571
130169.492
132413.793
77575.758
97215.19
128000.0
88275.862
102400.0
114626.866
94814.815
105205.479
125901.639
89302.326
102400.0
103783.784
103783.784
125901.639
90352.941
99740.26
103783.784
109714.286
97215.19
130169.492
94814.815
92530.12
103783.784
103783.784
102400.0
103783.784
134736.842
85333.333
102400.0
116363.636
92530.12
101052.632
105205.479
112941.176
94814.815
101052.632
102400.0
105205.479
102400.0
137142.857
86292.135
102400.0
116363.636
93658.537
102400.0
103783.784
103783.784
103783.784
130169.492
89302.326
101052.632
109714.286
98461.538
103783.784
103783.784
103783.784
102400.0
134736.842
86292.135
103783.784
102400.0
103783.784
103783.784
102400.0
103783.784
103783.784
139636.364
85333.333
101052.632
123870.968
90352.941
102400.0
116363.636
93658.537
102400.0
120000.0
91428.571
103783.784
102400.0
123870.968
90352.941
102400.0
103783.784
121904.762
91428.571
102400.0
103783.784
121904.762
91428.571
102400.0
103783.784
121904.762
91428.571
102400.0
103783.784
123870.968
90352.941
102400.0
103783.784
123870.968
90352.941
103783.784
102400.0
118153.846
92530.12
103783.784
125901.639
105205.479
88275.862
103783.784
103783.784
103783.784
103783.784
102400.0
137142.857
87272.727
102400.0
114626.866
93658.537
103783.784
112941.176
96000.0
102400.0
103783.784
120000.0
91428.571
102400.0
105205.479
102400.0
102400.0
103783.784
134736.842
85333.333
103783.784
103783.784
102400.0
103783.784
103783.784
134736.842
86292.135
102400.0
112941.176
97215.19
102400.0
102400.0
125901.639
90352.941
102400.0
103783.784
102400.0
103783.784
105205.479
130169.492
88275.862
102400.0
102400.0
118153.846
93658.537
101052.632
105205.479
121904.762
90352.941
101052.632
105205.479
121904.762
90352.941
102400.0
102400.0
123870.968
90352.941
102400.0
118153.846
93658.537
103783.784
103783.784
102400.0
103783.784
103783.784
103783.784
103783.784
102400.0
139636.364
132413.793
71775.701
102400.0
123870.968
90352.941
102400.0
103783.784
121904.762
91428.571
102400.0
105205.479
118153.846
92530.12
102400.0
105205.479
120000.0
91428.571
103783.784
103783.784
103783.784
105205.479
103783.784
132413.793
87272.727
103783.784
103783.784
103783.784
103783.784
103783.784
134736.842
87272.727
102400.0
105205.479
105205.479
103783.784
103783.784
137142.857
86292.135
102400.0
105205.479
121904.762
91428.571
102400.0
103783.784
116363.636
93658.537
103783.784
105205.479
128000.0
89302.326
102400.0
103783.784
103783.784
103783.784
103783.784
137142.857
87272.727
102400.0
102400.0
121904.762
91428.571
103783.784
105205.479
120000.0
91428.571
103783.784
105205.479
121904.762
91428.571
102400.0
105205.479
123870.968
90352.941
103783.784
103783.784
121904.762
90352.941
103783.784
105205.479
121904.762
91428.571
103783.784
103783.784
121904.762
90352.941
105205.479
103783.784
121904.762
91428.571
102400.0
105205.479
112941.176
96000.0
102400.0
105205.479
105205.479
103783.784
134736.842
128000.0
75294.118
102400.0
105205.479
103783.784
105205.479
132413.793
88275.862
102400.0
105205.479
121904.762
91428.571
103783.784
102400.0
123870.968
91428.571
103783.784
116363.636
93658.537
103783.784
103783.784
121904.762
90352.941
103783.784
102400.0
121904.762
91428.571
103783.784
103783.784
121904.762
91428.571
103783.784
102400.0
105205.479
103783.784
105205.479
137142.857
132413.793
72452.83
103783.784
123870.968
90352.941
103783.784
105205.479
103783.784
103783.784
103783.784
134736.842
87272.727
103783.784
102400.0
103783.784
132413.793
85333.333
134736.842
96000.0
91428.571
103783.784
125901.639
89302.326
102400.0
105205.479
121904.762
90352.941
102400.0
132413.793
101052.632
89302.326
103783.784
103783.784
103783.784
103783.784
105205.479
134736.842
134736.842
99740.26
75294.118
102400.0
130169.492
90352.941
103783.784
105205.479
105205.479
103783.784
105205.479
134736.842
88275.862
102400.0
147692.308
80842.105
103783.784
105205.479
132413.793
88275.862
103783.784
103783.784
123870.968
90352.941
105205.479
121904.762
103783.784
91428.571
103783.784
103783.784
103783.784
106666.667
102400.0
134736.842
88275.862
102400.0
105205.479
123870.968
91428.571
102400.0
105205.479
125901.639
90352.941
102400.0
105205.479
121904.762
91428.571
103783.784
144905.66
92530.12
91428.571
103783.784
118153.846
109714.286
91428.571
103783.784
105205.479
111304.348
102400.0
101052.632
103783.784
125901.639
92530.12
102400.0
106666.667
105205.479
123870.968
92530.12
105205.479
103783.784
105205.479
105205.479
103783.784
137142.857
88275.862
103783.784
105205.479
103783.784
105205.479
130169.492
90352.941
102400.0
105205.479
103783.784
103783.784
106666.667
134736.842
87272.727
103783.784
118153.846
93658.537
103783.784
106666.667
114626.866
94814.815
102400.0
105205.479
130169.492
90352.941
102400.0
105205.479
103783.784
105205.479
105205.479
134736.842
87272.727
103783.784
105205.479
120000.0
92530.12
103783.784
103783.784
125901.639
90352.941
103783.784
103783.784
125901.639
91428.571
101052.632
106666.667
125901.639
90352.941
103783.784
103783.784
123870.968
91428.571
103783.784
105205.479
116363.636
94814.815
103783.784
103783.784
125901.639
90352.941
102400.0
105205.479
103783.784
105205.479
103783.784
134736.842
87272.727
103783.784
105205.479
106666.667
102400.0
105205.479
123870.968
90352.941
103783.784
130169.492
89302.326
103783.784
105205.479
137142.857
132413.793
74563.107
102400.0
130169.492
90352.941
105205.479
103783.784
125901.639
91428.571
103783.784
103783.784
118153.846
94814.815
103783.784
103783.784
105205.479
105205.479
130169.492
88275.862
103783.784
105205.479
105205.479
103783.784
118153.846
92530.12
103783.784
105205.479
130169.492
90352.941
102400.0
105205.479
105205.479
105205.479
103783.784
137142.857
88275.862
103783.784
114626.866
96000.0
105205.479
105205.479
125901.639
91428.571
103783.784
105205.479
105205.479
125901.639
90352.941
103783.784
105205.479
103783.784
105205.479
105205.479
134736.842
88275.862
102400.0
105205.479
121904.762
91428.571
103783.784
103783.784
116363.636
96000.0
102400.0
106666.667
103783.784
132413.793
88275.862
103783.784
105205.479
103783.784
106666.667
102400.0
137142.857
87272.727
102400.0
105205.479
120000.0
93658.537
103783.784
105205.479
121904.762
91428.571
105205.479
103783.784
114626.866
97215.19
102400.0
105205.479
105205.479
130169.492
89302.326
103783.784
105205.479
121904.762
92530.12
102400.0
106666.667
114626.866
96000.0
114626.866
98461.538
105205.479
132413.793
130169.492
76039.604
103783.784
105205.479
105205.479
130169.492
90352.941
102400.0
105205.479
106666.667
105205.479
103783.784
134736.842
88275.862
101052.632
108169.014
103783.784
130169.492
89302.326
103783.784
103783.784
118153.846
96000.0
103783.784
103783.784
125901.639
91428.571
103783.784
103783.784
105205.479
106666.667
103783.784
134736.842
87272.727
105205.479
105205.479
121904.762
92530.12
103783.784
105205.479
120000.0
93658.537
103783.784
105205.479
121904.762
91428.571
105205.479
103783.784
125901.639
91428.571
103783.784
103783.784
116363.636
96000.0
105205.479
105205.479
123870.968
90352.941
103783.784
106666.667
118153.846
93658.537
103783.784
106666.667
103783.784
105205.479
130169.492
90352.941
103783.784
103783.784
118153.846
96000.0
105205.479
103783.784
120000.0
94814.815
103783.784
105205.479
123870.968
92530.12
102400.0
106666.667
103783.784
105205.479
105205.479
137142.857
88275.862
105205.479
114626.866
96000.0
105205.479
120000.0
94814.815
103783.784
105205.479
114626.866
98461.538
105205.479
105205.479
105205.479
125901.639
91428.571
105205.479
105205.479
105205.479
105205.479
109714.286
137142.857
86292.135
103783.784
120000.0
93658.537
103783.784
106666.667
116363.636
96000.0
105205.479
103783.784
114626.866
97215.19
137142.857
139636.364
80842.105
101052.632
125901.639
90352.941
103783.784
128000.0
90352.941
103783.784
105205.479
137142.857
87272.727
99740.26
134736.842
88275.862
102400.0
105205.479
105205.479
121904.762
108169.014
89302.326
142222.222
81702.128
137142.857
103783.784
83478.261
137142.857
103783.784
86292.135
103783.784
105205.479
105205.479
132413.793
123870.968
77575.758
134736.842
98461.538
90352.941
102400.0
105205.479
105205.479
105205.479
132413.793
89302.326
102400.0
103783.784
132413.793
88275.862
101052.632
142222.222
85333.333
102400.0
134736.842
87272.727
102400.0
105205.479
103783.784
103783.784
130169.492
89302.326
103783.784
103783.784
103783.784
105205.479
132413.793
87272.727
103783.784
105205.479
105205.479
103783.784
132413.793
87272.727
105205.479
120000.0
92530.12
103783.784
103783.784
105205.479
103783.784
142222.222
85333.333
102400.0
116363.636
93658.537
103783.784
123870.968
90352.941
103783.784
105205.479
105205.479
102400.0
132413.793
88275.862
102400.0
120000.0
91428.571
105205.479
103783.784
121904.762
91428.571
102400.0
134736.842
85333.333
103783.784
130169.492
89302.326
102400.0
105205.479
103783.784
105205.479
128000.0
90352.941
102400.0
116363.636
96000.0
103783.784
134736.842
125901.639
74563.107
132413.793
87272.727
105205.479
105205.479
103783.784
105205.479
103783.784
105205.479
105205.479
137142.857
86292.135
105205.479
116363.636
93658.537
105205.479
103783.784
105205.479
103783.784
103783.784
137142.857
87272.727
103783.784
103783.784
105205.479
105205.479
130169.492
88275.862
105205.479
118153.846
93658.537
103783.784
105205.479
103783.784
103783.784
134736.842
88275.862
105205.479
114626.866
96000.0
118153.846
96000.0
103783.784
103783.784
132413.793
90352.941
102400.0
105205.479
105205.479
103783.784
130169.492
89302.326
103783.784
121904.762
94814.815
103783.784
103783.784
137142.857
88275.862
101052.632
120000.0
94814.815
102400.0
125901.639
92530.12
103783.784
118153.846
94814.815
102400.0
106666.667
121904.762
93658.537
103783.784
105205.479
103783.784
130169.492
91428.571
105205.479
142222.222
86292.135
103783.784
132413.793
89302.326
103783.784
105205.479
105205.479
105205.479
132413.793
88275.862
106666.667
105205.479
105205.479
105205.479
132413.793
89302.326
103783.784
106666.667
105205.479
105205.479
130169.492
89302.326
103783.784
123870.968
92530.12
103783.784
116363.636
97215.19
103783.784
108169.014
102400.0
106666.667
103783.784
105205.479
103783.784
139636.364
87272.727
103783.784
130169.492
88275.862
105205.479
132413.793
88275.862
103783.784
103783.784
106666.667
121904.762
92530.12
102400.0
105205.479
103783.784
105205.479
134736.842
87272.727
105205.479
105205.479
103783.784
105205.479
130169.492
88275.862
103783.784
118153.846
93658.537
102400.0
120000.0
93658.537
102400.0
105205.479
103783.784
102400.0
134736.842
88275.862
102400.0
120000.0
92530.12
103783.784
105205.479
103783.784
105205.479
132413.793
88275.862
103783.784
112941.176
98461.538
105205.479
132413.793
88275.862
106666.667
103783.784
103783.784
105205.479
130169.492
90352.941
103783.784
103783.784
103783.784
118153.846
139636.364
81702.128
99740.26
132413.793
88275.862
102400.0
132413.793
89302.326
102400.0
103783.784
120000.0
93658.537
103783.784
132413.793
88275.862
103783.784
103783.784
105205.479
105205.479
132413.793
88275.862
103783.784
120000.0
94814.815
103783.784
137142.857
86292.135
102400.0
103783.784
103783.784
105205.479
134736.842
87272.727
103783.784
103783.784
121904.762
94814.815
102400.0
142222.222
85333.333
102400.0
105205.479
102400.0
103783.784
134736.842
87272.727
102400.0
118153.846
94814.815
105205.479
139636.364
85333.333
102400.0
103783.784
105205.479
103783.784
137142.857
86292.135
103783.784
123870.968
93658.537
102400.0
139636.364
85333.333
103783.784
121904.762
91428.571
102400.0
105205.479
121904.762
92530.12
101052.632
132413.793
89302.326
101052.632
137142.857
86292.135
103783.784
103783.784
103783.784
105205.479
134736.842
86292.135
103783.784
137142.857
87272.727
99740.26
108169.014
99740.26
102400.0
105205.479
105205.479
103783.784
137142.857
87272.727
102400.0
103783.784
147692.308
142222.222
80000.0
98461.538
132413.793
87272.727
102400.0
130169.492
90352.941
102400.0
132413.793
94814.815
130169.492
99740.26
85333.333
144905.66
90352.941
87272.727
102400.0
103783.784
103783.784
103783.784
144905.66
82580.645
102400.0
134736.842
88275.862
99740.26
139636.364
85333.333
102400.0
132413.793
88275.862
102400.0
123870.968
89302.326
103783.784
139636.364
85333.333
98461.538
103783.784
102400.0
103783.784
132413.793
87272.727
102400.0
102400.0
103783.784
144905.66
85333.333
97215.19
139636.364
83478.261
102400.0
102400.0
105205.479
103783.784
134736.842
85333.333
103783.784
139636.364
86292.135
98461.538
103783.784
128000.0
88275.862
102400.0
105205.479
102400.0
103783.784
134736.842
86292.135
102400.0
150588.235
85333.333
96000.0
101052.632
103783.784
103783.784
130169.492
132413.793
74563.107
101052.632
134736.842
134736.842
80000.0
101052.632
130169.492
87272.727
103783.784
130169.492
88275.862
103783.784
134736.842
86292.135
103783.784
134736.842
88275.862
102400.0
103783.784
103783.784
105205.479
103783.784
130169.492
88275.862
103783.784
103783.784
102400.0
132413.793
139636.364
79175.258
97215.19
130169.492
88275.862
102400.0
103783.784
105205.479
102400.0
134736.842
88275.862
103783.784
103783.784
105205.479
102400.0
137142.857
88275.862
102400.0
105205.479
105205.479
105205.479
134736.842
87272.727
103783.784
103783.784
103783.784
105205.479
134736.842
88275.862
102400.0
103783.784
105205.479
103783.784
137142.857
87272.727
103783.784
123870.968
91428.571
103783.784
130169.492
89302.326
103783.784
105205.479
103783.784
105205.479
134736.842
125901.639
76039.604
118153.846
96000.0
105205.479
139636.364
86292.135
103783.784
102400.0
106666.667
103783.784
132413.793
89302.326
102400.0
105205.479
123870.968
130169.492
83478.261
101052.632
130169.492
89302.326
102400.0
114626.866
97215.19
102400.0
123870.968
91428.571
103783.784
153600.0
86292.135
98461.538
134736.842
85333.333
103783.784
105205.479
105205.479
103783.784
137142.857
88275.862
102400.0
144905.66
88275.862
98461.538
118153.846
92530.12
103783.784
106666.667
102400.0
106666.667
105205.479
103783.784
142222.222
139636.364
81702.128
98461.538
121904.762
91428.571
103783.784
103783.784
105205.479
102400.0
134736.842
89302.326
102400.0
134736.842
88275.862
102400.0
137142.857
86292.135
105205.479
130169.492
89302.326
105205.479
130169.492
90352.941
102400.0
130169.492
90352.941
103783.784
128000.0
90352.941
102400.0
105205.479
105205.479
103783.784
132413.793
89302.326
102400.0
105205.479
103783.784
105205.479
134736.842
87272.727
105205.479
103783.784
105205.479
102400.0
137142.857
87272.727
103783.784
103783.784
105205.479
105205.479
142222.222
86292.135
103783.784
103783.784
105205.479
103783.784
137142.857
88275.862
103783.784
105205.479
103783.784
106666.667
139636.364
86292.135
103783.784
105205.479
105205.479
105205.479
137142.857
88275.862
103783.784
105205.479
105205.479
105205.479
139636.364
132413.793
75294.118
102400.0
103783.784
108169.014
134736.842
88275.862
105205.479
103783.784
106666.667
105205.479
139636.364
88275.862
105205.479
118153.846
93658.537
105205.479
105205.479
130169.492
90352.941
103783.784
120000.0
94814.815
105205.479
116363.636
96000.0
103783.784
123870.968
92530.12
103783.784
123870.968
91428.571
105205.479
118153.846
94814.815
137142.857
144905.66
81702.128
106666.667
142222.222
83478.261
101052.632
108169.014
103783.784
105205.479
105205.479
130169.492
90352.941
105205.479
142222.222
87272.727
99740.26
137142.857
86292.135
103783.784
137142.857
87272.727
103783.784
134736.842
88275.862
105205.479
142222.222
88275.862
98461.538
121904.762
91428.571
103783.784
105205.479
105205.479
128000.0
120000.0
80000.0
153600.0
97215.19
87272.727
137142.857
106666.667
84395.604
103783.784
106666.667
128000.0
90352.941
103783.784
123870.968
160000.0
111304.348
85333.333
96000.0
102400.0
106666.667
139636.364
101052.632
88275.862
105205.479
112941.176
96000.0
142222.222
108169.014
82580.645
139636.364
96000.0
92530.12
105205.479
103783.784
105205.479
137142.857
88275.862
103783.784
125901.639
92530.12
106666.667
144905.66
84395.604
103783.784
139636.364
85333.333
103783.784
105205.479
105205.479
102400.0
105205.479
137142.857
87272.727
105205.479
102400.0
105205.479
105205.479
132413.793
132413.793
73846.154
102400.0
105205.479
105205.479
134736.842
88275.862
102400.0
105205.479
103783.784
130169.492
89302.326
105205.479
103783.784
105205.479
103783.784
139636.364
87272.727
103783.784
128000.0
91428.571
103783.784
120000.0
94814.815
103783.784
106666.667
105205.479
128000.0
89302.326
105205.479
118153.846
98461.538
103783.784
139636.364
88275.862
103783.784
105205.479
106666.667
125901.639
91428.571
103783.784
105205.479
137142.857
134736.842
82580.645
101052.632
137142.857
88275.862
103783.784
132413.793
89302.326
105205.479
128000.0
92530.12
103783.784
132413.793
90352.941
147692.308
333913.043
132413.793
89302.326
105205.479
105205.479
106666.667
125901.639
91428.571
166956.522
264827.586
105205.479
106666.667
142222.222
88275.862
99740.26
142222.222
86292.135
102400.0
134736.842
89302.326
105205.479
130169.492
89302.326
105205.479
147692.308
130169.492
71775.701
139636.364
86292.135
105205.479
105205.479
103783.784
130169.492
90352.941
105205.479
105205.479
144905.66
137142.857
80842.105
99740.26
137142.857
87272.727
103783.784
134736.842
89302.326
102400.0
105205.479
103783.784
144905.66
86292.135
101052.632
139636.364
85333.333
103783.784
137142.857
88275.862
105205.479
103783.784
105205.479
105205.479
125901.639
142222.222
82580.645
99740.26
144905.66
84395.604
105205.479
103783.784
105205.479
105205.479
105205.479
134736.842
87272.727
105205.479
139636.364
88275.862
99740.26
139636.364
86292.135
103783.784
103783.784
105205.479
125901.639
91428.571
102400.0
121904.762
93658.537
150588.235
147692.308
80842.105
98461.538
139636.364
86292.135
102400.0
103783.784
105205.479
128000.0
90352.941
103783.784
144905.66
88275.862
97215.19
139636.364
86292.135
102400.0
112941.176
98461.538
120000.0
105205.479
90352.941
121904.762
121904.762
84395.604
99740.26
130169.492
88275.862
103783.784
103783.784
105205.479
125901.639
90352.941
103783.784
134736.842
99740.26
90352.941
137142.857
98461.538
91428.571
134736.842
103783.784
87272.727
105205.479
105205.479
103783.784
147692.308
142222.222
82580.645
99740.26
139636.364
86292.135
103783.784
105205.479
111304.348
99740.26
103783.784
137142.857
89302.326
103783.784
132413.793
90352.941
102400.0
142222.222
86292.135
103783.784
134736.842
89302.326
103783.784
139636.364
85333.333
144905.66
87272.727
101052.632
139636.364
86292.135
103783.784
105205.479
105205.479
130169.492
91428.571
102400.0
106666.667
105205.479
144905.66
87272.727
98461.538
103783.784
105205.479
105205.479
134736.842
88275.862
105205.479
103783.784
105205.479
142222.222
137142.857
71111.111
112941.176
125901.639
85333.333
139636.364
88275.862
105205.479
111304.348
101052.632
106666.667
106666.667
134736.842
90352.941
105205.479
105205.479
106666.667
130169.492
90352.941
105205.479
105205.479
106666.667
103783.784
139636.364
160000.0
67964.602
103783.784
105205.479
130169.492
91428.571
103783.784
105205.479
105205.479
103783.784
142222.222
87272.727
103783.784
105205.479
105205.479
105205.479
137142.857
88275.862
103783.784
105205.479
105205.479
128000.0
90352.941
105205.479
103783.784
112941.176
99740.26
134736.842
89302.326
102400.0
103783.784
105205.479
105205.479
137142.857
89302.326
102400.0
105205.479
