82580.645
83478.261
81702.128
81702.128
80842.105
81702.128
80000.0
82580.645
82580.645
83478.261
84395.604
83478.261
85333.333
84395.604
85333.333
83478.261
85333.333
83478.261
83478.261
81702.128
83478.261
80000.0
84395.604
82580.645
83478.261
83478.261
85333.333
83478.261
87272.727
87272.727
91428.571
89302.326
93658.537
92530.12
91428.571
88275.862
86292.135
82580.645
81702.128
82580.645
83478.261
80842.105
80842.105
82580.645
82580.645
82580.645
84395.604
84395.604
86292.135
88275.862
86292.135
85333.333
82580.645
80842.105
79175.258
79175.258
76800.0
77575.758
76800.0
79175.258
76800.0
79175.258
79175.258
81702.128
79175.258
80000.0
80000.0
81702.128
80842.105
80000.0
82580.645
82580.645
81702.128
79175.258
77575.758
76800.0
73846.154
76039.604
77575.758
76039.604
73142.857
73846.154
74563.107
74563.107
72452.83
73142.857
73846.154
75294.118
73142.857
73846.154
75294.118
77575.758
75294.118
76039.604
76039.604
76800.0
75294.118
77575.758
78367.347
76800.0
79175.258
79175.258
78367.347
79175.258
79175.258
80000.0
79175.258
79175.258
78367.347
77575.758
77575.758
77575.758
78367.347
76800.0
78367.347
80000.0
78367.347
79175.258
80000.0
78367.347
80000.0
79175.258
80000.0
80000.0
80000.0
80842.105
81702.128
81702.128
80842.105
80842.105
81702.128
80842.105
82580.645
80842.105
80842.105
80000.0
79175.258
79175.258
77575.758
78367.347
76800.0
77575.758
78367.347
79175.258
79175.258
80000.0
80842.105
80842.105
80842.105
80842.105
81702.128
81702.128
81702.128
81702.128
82580.645
82580.645
81702.128
83478.261
80842.105
80000.0
81702.128
81702.128
80000.0
78367.347
79175.258
79175.258
78367.347
80000.0
78367.347
78367.347
81702.128
80842.105
80842.105
80842.105
82580.645
83478.261
81702.128
82580.645
81702.128
80000.0
80842.105
81702.128
82580.645
80000.0
81702.128
80000.0
80842.105
80842.105
81702.128
80842.105
81702.128
82580.645
80842.105
82580.645
81702.128
82580.645
83478.261
83478.261
84395.604
86292.135
88275.862
87272.727
87272.727
84395.604
83478.261
80000.0
78367.347
75294.118
74563.107
76039.604
75294.118
74563.107
77575.758
80000.0
80000.0
81702.128
82580.645
83478.261
83478.261
85333.333
85333.333
87272.727
85333.333
83478.261
87272.727
82580.645
80000.0
80000.0
78367.347
79175.258
75294.118
75294.118
79175.258
78367.347
75294.118
76039.604
77575.758
78367.347
78367.347
77575.758
76800.0
79175.258
74563.107
76039.604
76039.604
75294.118
74563.107
75294.118
76800.0
76039.604
76800.0
78367.347
79175.258
79175.258
79175.258
80842.105
80000.0
80000.0
79175.258
79175.258
79175.258
78367.347
80842.105
79175.258
78367.347
80000.0
80842.105
80000.0
79175.258
79175.258
78367.347
79175.258
80000.0
80842.105
79175.258
80000.0
80842.105
79175.258
79175.258
80842.105
80000.0
80000.0
80842.105
80842.105
80842.105
82580.645
81702.128
80842.105
81702.128
84395.604
84395.604
87272.727
86292.135
88275.862
87272.727
84395.604
80000.0
79175.258
75294.118
76039.604
77575.758
79175.258
80842.105
80000.0
78367.347
79175.258
78367.347
80842.105
80842.105
80842.105
80000.0
82580.645
80000.0
80000.0
80842.105
80000.0
80000.0
80000.0
80842.105
83478.261
81702.128
86292.135
84395.604
86292.135
88275.862
90352.941
86292.135
85333.333
80000.0
80842.105
77575.758
77575.758
74563.107
76800.0
77575.758
77575.758
77575.758
78367.347
80000.0
80000.0
78367.347
80842.105
80842.105
80000.0
80842.105
80000.0
80000.0
80000.0
79175.258
77575.758
79175.258
77575.758
79175.258
78367.347
78367.347
77575.758
78367.347
78367.347
77575.758
79175.258
79175.258
78367.347
78367.347
80000.0
80000.0
80000.0
80000.0
80842.105
81702.128
80842.105
82580.645
83478.261
83478.261
83478.261
85333.333
82580.645
84395.604
83478.261
83478.261
82580.645
83478.261
82580.645
83478.261
83478.261
83478.261
83478.261
84395.604
83478.261
83478.261
83478.261
82580.645
84395.604
83478.261
84395.604
82580.645
82580.645
81702.128
82580.645
82580.645
82580.645
81702.128
82580.645
83478.261
82580.645
83478.261
81702.128
83478.261
82580.645
82580.645
83478.261
82580.645
82580.645
84395.604
83478.261
83478.261
84395.604
86292.135
84395.604
85333.333
85333.333
86292.135
85333.333
85333.333
83478.261
82580.645
82580.645
80842.105
80000.0
80000.0
80842.105
80000.0
80000.0
80842.105
80842.105
81702.128
82580.645
83478.261
82580.645
81702.128
83478.261
83478.261
82580.645
82580.645
84395.604
84395.604
86292.135
84395.604
84395.604
84395.604
83478.261
84395.604
86292.135
87272.727
88275.862
88275.862
85333.333
83478.261
80842.105
80000.0
79175.258
77575.758
78367.347
80842.105
78367.347
80842.105
80842.105
81702.128
83478.261
83478.261
83478.261
83478.261
82580.645
84395.604
84395.604
85333.333
86292.135
88275.862
88275.862
90352.941
90352.941
87272.727
86292.135
83478.261
82580.645
82580.645
80842.105
79175.258
77575.758
78367.347
79175.258
76800.0
78367.347
78367.347
80000.0
77575.758
78367.347
77575.758
78367.347
79175.258
78367.347
80000.0
80842.105
79175.258
78367.347
78367.347
79175.258
79175.258
80000.0
79175.258
80000.0
80000.0
80000.0
80842.105
81702.128
83478.261
83478.261
84395.604
84395.604
82580.645
83478.261
84395.604
83478.261
82580.645
83478.261
83478.261
80842.105
83478.261
81702.128
82580.645
82580.645
81702.128
81702.128
80000.0
81702.128
80842.105
81702.128
80842.105
81702.128
81702.128
81702.128
81702.128
81702.128
81702.128
82580.645
80842.105
80842.105
80842.105
81702.128
80842.105
80000.0
81702.128
80000.0
81702.128
81702.128
82580.645
82580.645
82580.645
81702.128
83478.261
83478.261
82580.645
83478.261
81702.128
82580.645
82580.645
82580.645
83478.261
83478.261
83478.261
83478.261
84395.604
84395.604
84395.604
85333.333
85333.333
85333.333
86292.135
87272.727
86292.135
88275.862
86292.135
86292.135
85333.333
85333.333
83478.261
82580.645
82580.645
80842.105
80842.105
82580.645
83478.261
83478.261
85333.333
86292.135
86292.135
88275.862
88275.862
89302.326
89302.326
90352.941
89302.326
88275.862
91428.571
91428.571
91428.571
92530.12
92530.12
89302.326
85333.333
83478.261
80842.105
79175.258
79175.258
77575.758
78367.347
79175.258
81702.128
82580.645
80842.105
82580.645
80000.0
80842.105
80000.0
82580.645
80842.105
79175.258
81702.128
81702.128
79175.258
79175.258
79175.258
80000.0
80842.105
80000.0
80000.0
81702.128
78367.347
80842.105
81702.128
83478.261
83478.261
81702.128
84395.604
83478.261
82580.645
80842.105
79175.258
78367.347
74563.107
76800.0
79175.258
80000.0
82580.645
82580.645
80000.0
78367.347
76039.604
74563.107
79175.258
80000.0
80842.105
80842.105
81702.128
80842.105
80000.0
79175.258
76039.604
74563.107
71775.701
71111.111
73846.154
74563.107
75294.118
76800.0
79175.258
80000.0
79175.258
77575.758
79175.258
79175.258
78367.347
76800.0
75294.118
76039.604
73142.857
73846.154
74563.107
76039.604
73142.857
74563.107
75294.118
76800.0
75294.118
76800.0
76039.604
79175.258
76800.0
77575.758
78367.347
79175.258
80000.0
80842.105
81702.128
82580.645
81702.128
84395.604
84395.604
83478.261
83478.261
81702.128
81702.128
80842.105
81702.128
85333.333
84395.604
87272.727
88275.862
88275.862
84395.604
83478.261
80842.105
80000.0
79175.258
77575.758
76039.604
76800.0
77575.758
75294.118
75294.118
76800.0
77575.758
80000.0
80000.0
83478.261
82580.645
81702.128
80000.0
79175.258
77575.758
75294.118
74563.107
73846.154
76800.0
76039.604
78367.347
78367.347
79175.258
78367.347
77575.758
78367.347
76800.0
76039.604
76039.604
76800.0
76800.0
76039.604
79175.258
80000.0
78367.347
77575.758
78367.347
80842.105
79175.258
79175.258
80842.105
80000.0
80000.0
78367.347
80000.0
80000.0
80000.0
80000.0
80842.105
81702.128
80842.105
82580.645
82580.645
81702.128
82580.645
83478.261
82580.645
82580.645
83478.261
83478.261
83478.261
83478.261
84395.604
83478.261
84395.604
83478.261
83478.261
82580.645
83478.261
82580.645
80842.105
81702.128
80842.105
81702.128
80842.105
79175.258
80000.0
79175.258
77575.758
79175.258
78367.347
79175.258
78367.347
79175.258
80842.105
79175.258
80000.0
80000.0
80842.105
80000.0
80000.0
80000.0
79175.258
80000.0
79175.258
79175.258
79175.258
79175.258
80842.105
80000.0
80000.0
80000.0
80000.0
80000.0
80842.105
81702.128
80000.0
82580.645
82580.645
80842.105
80842.105
80842.105
80842.105
81702.128
82580.645
82580.645
83478.261
82580.645
83478.261
83478.261
83478.261
83478.261
84395.604
83478.261
82580.645
81702.128
83478.261
81702.128
81702.128
83478.261
82580.645
83478.261
84395.604
83478.261
83478.261
82580.645
83478.261
82580.645
84395.604
83478.261
83478.261
84395.604
82580.645
84395.604
82580.645
83478.261
84395.604
83478.261
83478.261
81702.128
82580.645
80842.105
81702.128
81702.128
80842.105
80842.105
81702.128
82580.645
80842.105
80842.105
82580.645
82580.645
82580.645
81702.128
82580.645
83478.261
82580.645
82580.645
83478.261
82580.645
81702.128
81702.128
82580.645
80842.105
80000.0
80842.105
81702.128
78367.347
78367.347
79175.258
80000.0
78367.347
77575.758
79175.258
80842.105
79175.258
80842.105
81702.128
83478.261
84395.604
84395.604
86292.135
88275.862
88275.862
88275.862
90352.941
90352.941
90352.941
91428.571
90352.941
91428.571
89302.326
89302.326
89302.326
87272.727
85333.333
86292.135
84395.604
85333.333
85333.333
86292.135
85333.333
86292.135
85333.333
85333.333
86292.135
85333.333
85333.333
85333.333
86292.135
84395.604
83478.261
83478.261
83478.261
83478.261
84395.604
84395.604
83478.261
83478.261
85333.333
84395.604
85333.333
84395.604
86292.135
85333.333
86292.135
87272.727
87272.727
86292.135
87272.727
88275.862
86292.135
90352.941
89302.326
89302.326
89302.326
88275.862
89302.326
87272.727
87272.727
87272.727
85333.333
84395.604
85333.333
85333.333
84395.604
85333.333
86292.135
86292.135
85333.333
87272.727
88275.862
89302.326
88275.862
89302.326
88275.862
89302.326
89302.326
90352.941
90352.941
89302.326
90352.941
89302.326
90352.941
88275.862
88275.862
86292.135
87272.727
87272.727
87272.727
88275.862
88275.862
89302.326
89302.326
89302.326
89302.326
89302.326
89302.326
90352.941
89302.326
89302.326
88275.862
88275.862
88275.862
86292.135
85333.333
86292.135
85333.333
85333.333
86292.135
87272.727
85333.333
86292.135
88275.862
87272.727
89302.326
88275.862
89302.326
90352.941
91428.571
90352.941
90352.941
90352.941
89302.326
89302.326
89302.326
89302.326
88275.862
87272.727
86292.135
87272.727
86292.135
86292.135
88275.862
86292.135
87272.727
87272.727
87272.727
88275.862
88275.862
88275.862
87272.727
88275.862
88275.862
89302.326
88275.862
88275.862
88275.862
89302.326
89302.326
87272.727
87272.727
87272.727
87272.727
86292.135
86292.135
85333.333
86292.135
84395.604
85333.333
84395.604
84395.604
84395.604
84395.604
85333.333
84395.604
86292.135
85333.333
87272.727
86292.135
87272.727
88275.862
89302.326
89302.326
89302.326
90352.941
89302.326
90352.941
90352.941
91428.571
93658.537
94814.815
96000.0
96000.0
93658.537
90352.941
91428.571
93658.537
93658.537
92530.12
90352.941
90352.941
90352.941
88275.862
87272.727
88275.862
86292.135
87272.727
89302.326
87272.727
87272.727
90352.941
88275.862
88275.862
87272.727
89302.326
88275.862
89302.326
88275.862
89302.326
88275.862
89302.326
89302.326
90352.941
88275.862
89302.326
89302.326
88275.862
87272.727
89302.326
89302.326
90352.941
94814.815
92530.12
92530.12
91428.571
89302.326
87272.727
83478.261
83478.261
80842.105
81702.128
80842.105
80000.0
81702.128
85333.333
82580.645
92530.12
80000.0
83478.261
86292.135
116363.636
132413.793
137142.857
70458.716
80000.0
83478.261
85333.333
83478.261
83478.261
83478.261
83478.261
82580.645
84395.604
85333.333
84395.604
82580.645
81702.128
79175.258
82580.645
80842.105
82580.645
81702.128
81702.128
82580.645
82580.645
81702.128
81702.128
82580.645
81702.128
80842.105
81702.128
81702.128
81702.128
82580.645
83478.261
83478.261
83478.261
84395.604
82580.645
81702.128
82580.645
80842.105
80842.105
80842.105
81702.128
80842.105
82580.645
83478.261
83478.261
83478.261
83478.261
83478.261
83478.261
82580.645
82580.645
82580.645
82580.645
82580.645
84395.604
84395.604
84395.604
84395.604
85333.333
85333.333
85333.333
85333.333
86292.135
84395.604
84395.604
83478.261
82580.645
80842.105
81702.128
80842.105
81702.128
80842.105
82580.645
81702.128
83478.261
83478.261
82580.645
82580.645
81702.128
83478.261
82580.645
83478.261
84395.604
83478.261
82580.645
85333.333
84395.604
82580.645
82580.645
81702.128
82580.645
81702.128
82580.645
84395.604
82580.645
84395.604
83478.261
84395.604
84395.604
84395.604
85333.333
85333.333
86292.135
86292.135
86292.135
86292.135
85333.333
85333.333
84395.604
83478.261
83478.261
84395.604
83478.261
84395.604
82580.645
82580.645
82580.645
81702.128
83478.261
84395.604
85333.333
85333.333
86292.135
86292.135
86292.135
87272.727
87272.727
86292.135
88275.862
86292.135
86292.135
86292.135
85333.333
85333.333
83478.261
84395.604
85333.333
82580.645
84395.604
85333.333
84395.604
86292.135
87272.727
87272.727
87272.727
88275.862
87272.727
87272.727
87272.727
87272.727
87272.727
86292.135
87272.727
87272.727
88275.862
87272.727
88275.862
89302.326
88275.862
89302.326
90352.941
89302.326
89302.326
89302.326
89302.326
88275.862
89302.326
88275.862
89302.326
88275.862
88275.862
89302.326
90352.941
91428.571
90352.941
91428.571
90352.941
90352.941
90352.941
89302.326
89302.326
89302.326
89302.326
88275.862
88275.862
87272.727
88275.862
89302.326
89302.326
88275.862
89302.326
90352.941
90352.941
91428.571
90352.941
91428.571
92530.12
91428.571
91428.571
91428.571
91428.571
89302.326
90352.941
91428.571
93658.537
92530.12
93658.537
93658.537
93658.537
97215.19
94814.815
93658.537
93658.537
98461.538
97215.19
97215.19
98461.538
98461.538
101052.632
101052.632
97215.19
98461.538
98461.538
99740.26
98461.538
98461.538
96000.0
97215.19
98461.538
97215.19
98461.538
97215.19
98461.538
98461.538
99740.26
101052.632
101052.632
102400.0
102400.0
106666.667
106666.667
105205.479
105205.479
108169.014
108169.014
108169.014
108169.014
109714.286
109714.286
109714.286
109714.286
111304.348
111304.348
109714.286
109714.286
109714.286
108169.014
106666.667
108169.014
105205.479
105205.479
103783.784
103783.784
101052.632
102400.0
101052.632
101052.632
101052.632
99740.26
98461.538
97215.19
94814.815
97215.19
96000.0
94814.815
134736.842
97215.19
134736.842
137142.857
150588.235
101052.632
134736.842
147692.308
114626.866
111304.348
137142.857
137142.857
147692.308
142222.222
106666.667
139636.364
137142.857
150588.235
142222.222
142222.222
108169.014
137142.857
284444.444
264827.586
150588.235
147692.308
150588.235
153600.0
153600.0
153600.0
153600.0
153600.0
150588.235
150588.235
144905.66
112941.176
142222.222
284444.444
284444.444
144905.66
153600.0
153600.0
153600.0
160000.0
156734.694
156734.694
156734.694
153600.0
153600.0
150588.235
153600.0
150588.235
147692.308
144905.66
153600.0
150588.235
150588.235
156734.694
153600.0
153600.0
147692.308
156734.694
150588.235
150588.235
156734.694
156734.694
153600.0
156734.694
147692.308
150588.235
153600.0
147692.308
156734.694
153600.0
153600.0
147692.308
153600.0
147692.308
144905.66
142222.222
150588.235
768000.0
178604.651
153600.0
142222.222
147692.308
142222.222
134736.842
139636.364
144905.66
240000.0
333913.043
144905.66
240000.0
320000.0
247741.935
333913.043
137142.857
134736.842
134736.842
232727.273
333913.043
240000.0
333913.043
114626.866
130169.492
125901.639
120000.0
121904.762
121904.762
120000.0
120000.0
112941.176
67964.602
78367.347
83478.261
85333.333
87272.727
88275.862
89302.326
88275.862
88275.862
87272.727
111304.348
66206.897
82580.645
84395.604
87272.727
85333.333
86292.135
85333.333
84395.604
83478.261
83478.261
81702.128
84395.604
83478.261
84395.604
82580.645
83478.261
82580.645
84395.604
84395.604
85333.333
85333.333
87272.727
86292.135
88275.862
90352.941
90352.941
91428.571
90352.941
87272.727
88275.862
85333.333
84395.604
79175.258
77575.758
80000.0
80000.0
76039.604
76039.604
79175.258
80000.0
80000.0
80000.0
82580.645
86292.135
85333.333
85333.333
82580.645
81702.128
83478.261
83478.261
80842.105
83478.261
83478.261
85333.333
84395.604
81702.128
83478.261
84395.604
87272.727
87272.727
85333.333
87272.727
88275.862
88275.862
88275.862
89302.326
88275.862
90352.941
89302.326
89302.326
88275.862
90352.941
90352.941
88275.862
89302.326
88275.862
90352.941
90352.941
88275.862
89302.326
90352.941
90352.941
92530.12
90352.941
90352.941
92530.12
91428.571
89302.326
90352.941
88275.862
88275.862
89302.326
88275.862
88275.862
87272.727
87272.727
87272.727
88275.862
87272.727
87272.727
88275.862
87272.727
88275.862
87272.727
85333.333
84395.604
85333.333
85333.333
84395.604
82580.645
83478.261
81702.128
81702.128
79175.258
80000.0
79175.258
78367.347
76800.0
76039.604
79175.258
80000.0
77575.758
78367.347
80842.105
81702.128
80842.105
80842.105
80842.105
82580.645
80842.105
80842.105
83478.261
81702.128
81702.128
80000.0
80000.0
80000.0
76800.0
75294.118
76039.604
80000.0
76800.0
76800.0
77575.758
79175.258
80842.105
79175.258
76800.0
79175.258
80000.0
80000.0
79175.258
80000.0
84395.604
84395.604
85333.333
83478.261
83478.261
83478.261
80000.0
76800.0
75294.118
77575.758
78367.347
76800.0
76039.604
77575.758
79175.258
76800.0
76800.0
78367.347
80842.105
77575.758
76800.0
78367.347
80842.105
78367.347
79175.258
82580.645
82580.645
84395.604
84395.604
82580.645
82580.645
82580.645
79175.258
78367.347
79175.258
80842.105
80000.0
79175.258
81702.128
80842.105
79175.258
77575.758
77575.758
80000.0
76800.0
75294.118
79175.258
80842.105
77575.758
79175.258
80000.0
81702.128
78367.347
78367.347
80000.0
79175.258
77575.758
78367.347
77575.758
79175.258
82580.645
81702.128
82580.645
84395.604
83478.261
84395.604
84395.604
87272.727
86292.135
87272.727
86292.135
85333.333
88275.862
87272.727
88275.862
88275.862
90352.941
89302.326
88275.862
89302.326
89302.326
90352.941
88275.862
90352.941
89302.326
90352.941
89302.326
88275.862
88275.862
88275.862
87272.727
89302.326
87272.727
86292.135
87272.727
88275.862
87272.727
86292.135
86292.135
87272.727
87272.727
86292.135
84395.604
83478.261
83478.261
83478.261
82580.645
80842.105
80842.105
80842.105
79175.258
77575.758
79175.258
78367.347
77575.758
77575.758
77575.758
80842.105
80842.105
80000.0
79175.258
80842.105
80000.0
80842.105
80842.105
84395.604
84395.604
85333.333
83478.261
81702.128
80842.105
80000.0
76800.0
76800.0
77575.758
76039.604
75294.118
76800.0
80842.105
80842.105
81702.128
83478.261
83478.261
84395.604
81702.128
80000.0
80842.105
81702.128
80000.0
80000.0
81702.128
82580.645
84395.604
85333.333
85333.333
86292.135
85333.333
82580.645
77575.758
80000.0
77575.758
74563.107
74563.107
76039.604
76800.0
75294.118
75294.118
78367.347
79175.258
77575.758
76800.0
78367.347
80000.0
78367.347
76800.0
79175.258
80842.105
80000.0
80000.0
80000.0
81702.128
80000.0
78367.347
81702.128
82580.645
84395.604
84395.604
83478.261
85333.333
86292.135
84395.604
84395.604
83478.261
85333.333
83478.261
82580.645
82580.645
83478.261
82580.645
82580.645
81702.128
81702.128
81702.128
81702.128
81702.128
81702.128
83478.261
82580.645
82580.645
82580.645
81702.128
83478.261
85333.333
84395.604
84395.604
85333.333
85333.333
86292.135
84395.604
82580.645
83478.261
83478.261
82580.645
82580.645
81702.128
82580.645
82580.645
81702.128
80842.105
82580.645
83478.261
83478.261
81702.128
81702.128
80842.105
80842.105
79175.258
78367.347
78367.347
77575.758
76039.604
76800.0
77575.758
80000.0
81702.128
82580.645
84395.604
85333.333
83478.261
82580.645
81702.128
80842.105
79175.258
78367.347
78367.347
79175.258
80000.0
80000.0
78367.347
78367.347
80000.0
77575.758
76800.0
78367.347
79175.258
77575.758
77575.758
79175.258
80842.105
77575.758
77575.758
78367.347
80000.0
80842.105
78367.347
78367.347
82580.645
81702.128
80000.0
77575.758
80842.105
80000.0
78367.347
78367.347
79175.258
80000.0
80842.105
79175.258
80842.105
80842.105
80842.105
78367.347
80000.0
80000.0
78367.347
77575.758
78367.347
79175.258
78367.347
76039.604
76800.0
79175.258
80000.0
78367.347
76800.0
79175.258
80000.0
77575.758
77575.758
80000.0
82580.645
82580.645
81702.128
84395.604
82580.645
81702.128
78367.347
77575.758
76039.604
77575.758
78367.347
80000.0
82580.645
80842.105
81702.128
80842.105
82580.645
80842.105
79175.258
80842.105
83478.261
80842.105
80842.105
80000.0
81702.128
80842.105
79175.258
79175.258
80842.105
80842.105
81702.128
83478.261
82580.645
81702.128
79175.258
80000.0
79175.258
77575.758
76039.604
78367.347
78367.347
77575.758
76800.0
78367.347
79175.258
78367.347
78367.347
77575.758
81702.128
83478.261
83478.261
81702.128
82580.645
82580.645
77575.758
77575.758
77575.758
77575.758
75294.118
76800.0
79175.258
80000.0
80000.0
79175.258
78367.347
79175.258
76039.604
75294.118
76800.0
76800.0
76039.604
74563.107
76800.0
77575.758
77575.758
76800.0
76800.0
77575.758
76800.0
74563.107
75294.118
76800.0
79175.258
76800.0
76039.604
77575.758
77575.758
77575.758
76039.604
78367.347
80000.0
80000.0
80000.0
81702.128
82580.645
82580.645
80000.0
79175.258
82580.645
81702.128
79175.258
77575.758
77575.758
76039.604
75294.118
76800.0
79175.258
78367.347
76039.604
75294.118
76039.604
76039.604
74563.107
77575.758
79175.258
80842.105
80842.105
81702.128
82580.645
81702.128
78367.347
76800.0
76800.0
74563.107
73142.857
73142.857
76800.0
76039.604
74563.107
77575.758
77575.758
76039.604
75294.118
76800.0
78367.347
76800.0
76039.604
76800.0
78367.347
75294.118
74563.107
75294.118
76800.0
77575.758
76800.0
80000.0
81702.128
82580.645
81702.128
80000.0
83478.261
84395.604
86292.135
84395.604
88275.862
89302.326
90352.941
90352.941
92530.12
187317.073
187317.073
93658.537
96000.0
97215.19
97215.19
97215.19
101052.632
128000.0
480000.0
103783.784
101052.632
105205.479
105205.479
106666.667
106666.667
108169.014
111304.348
109714.286
111304.348
109714.286
106666.667
109714.286
105205.479
106666.667
105205.479
102400.0
103783.784
96000.0
99740.26
94814.815
91428.571
91428.571
88275.862
88275.862
88275.862
84395.604
88275.862
87272.727
88275.862
87272.727
86292.135
90352.941
88275.862
89302.326
89302.326
88275.862
90352.941
89302.326
90352.941
90352.941
89302.326
187317.073
170666.667
89302.326
320000.0
123870.968
91428.571
93658.537
90352.941
213333.333
163404.255
97215.19
94814.815
101052.632
207567.568
187317.073
97215.19
99740.26
101052.632
101052.632
102400.0
101052.632
116363.636
1097142.857
105205.479
106666.667
106666.667
106666.667
106666.667
105205.479
101052.632
130169.492
404210.526
99740.26
97215.19
97215.19
97215.19
98461.538
98461.538
99740.26
101052.632
101052.632
101052.632
102400.0
102400.0
99740.26
97215.19
96000.0
96000.0
92530.12
88275.862
88275.862
90352.941
89302.326
85333.333
88275.862
87272.727
88275.862
86292.135
87272.727
89302.326
90352.941
92530.12
93658.537
96000.0
96000.0
96000.0
99740.26
97215.19
94814.815
90352.941
88275.862
86292.135
86292.135
83478.261
82580.645
83478.261
86292.135
86292.135
84395.604
83478.261
84395.604
86292.135
85333.333
81702.128
78367.347
79175.258
80842.105
80000.0
80000.0
78367.347
80000.0
82580.645
82580.645
82580.645
82580.645
85333.333
85333.333
82580.645
82580.645
86292.135
86292.135
85333.333
86292.135
88275.862
88275.862
86292.135
84395.604
83478.261
83478.261
80842.105
81702.128
82580.645
81702.128
83478.261
82580.645
84395.604
85333.333
86292.135
87272.727
85333.333
82580.645
81702.128
81702.128
84395.604
84395.604
80000.0
80842.105
80842.105
83478.261
84395.604
81702.128
83478.261
83478.261
84395.604
84395.604
83478.261
81702.128
85333.333
85333.333
81702.128
82580.645
82580.645
81702.128
79175.258
77575.758
77575.758
79175.258
77575.758
76800.0
77575.758
78367.347
73142.857
73846.154
74563.107
77575.758
75294.118
73846.154
76800.0
80842.105
80842.105
81702.128
82580.645
82580.645
78367.347
78367.347
80000.0
80000.0
78367.347
79175.258
79175.258
81702.128
79175.258
80000.0
80000.0
80842.105
80000.0
79175.258
79175.258
80842.105
80842.105
80842.105
80842.105
81702.128
82580.645
80000.0
81702.128
81702.128
82580.645
84395.604
80842.105
82580.645
84395.604
86292.135
83478.261
85333.333
86292.135
87272.727
88275.862
90352.941
88275.862
88275.862
88275.862
90352.941
87272.727
83478.261
84395.604
82580.645
83478.261
84395.604
82580.645
82580.645
83478.261
85333.333
84395.604
85333.333
86292.135
87272.727
88275.862
87272.727
86292.135
86292.135
87272.727
89302.326
86292.135
83478.261
82580.645
84395.604
84395.604
82580.645
82580.645
83478.261
87272.727
86292.135
89302.326
88275.862
90352.941
91428.571
93658.537
92530.12
94814.815
94814.815
97215.19
96000.0
97215.19
97215.19
96000.0
94814.815
93658.537
93658.537
89302.326
88275.862
85333.333
87272.727
86292.135
84395.604
85333.333
85333.333
88275.862
88275.862
84395.604
86292.135
82580.645
85333.333
83478.261
80842.105
80000.0
82580.645
85333.333
85333.333
83478.261
80842.105
77575.758
79175.258
78367.347
77575.758
76039.604
77575.758
80000.0
80842.105
78367.347
78367.347
80000.0
82580.645
80842.105
78367.347
78367.347
76800.0
80000.0
80000.0
78367.347
77575.758
76039.604
80000.0
77575.758
78367.347
80000.0
80000.0
83478.261
83478.261
80842.105
80000.0
79175.258
80000.0
80000.0
78367.347
77575.758
80842.105
80000.0
78367.347
79175.258
80842.105
82580.645
79175.258
80842.105
80000.0
82580.645
80000.0
79175.258
79175.258
79175.258
81702.128
77575.758
78367.347
80842.105
82580.645
85333.333
86292.135
