68571.429
69189.189
66782.609
68571.429
69189.189
67368.421
67964.602
67368.421
69189.189
70458.716
69818.182
69818.182
69189.189
70458.716
70458.716
69818.182
108169.014
50526.316
69189.189
71775.701
71775.701
71111.111
103783.784
53333.333
72452.83
72452.83
72452.83
72452.83
72452.83
71775.701
69818.182
69189.189
109714.286
50860.927
69818.182
70458.716
71775.701
71775.701
71111.111
108169.014
50860.927
70458.716
68571.429
67964.602
64000.0
68571.429
66782.609
65084.746
65641.026
64537.815
65641.026
106666.667
48000.0
67368.421
69818.182
71111.111
71111.111
71775.701
71775.701
72452.83
73846.154
71775.701
71775.701
71775.701
73142.857
70458.716
71111.111
69818.182
96000.0
54084.507
69818.182
70458.716
70458.716
70458.716
71111.111
71111.111
71111.111
71775.701
71111.111
70458.716
71775.701
71775.701
69818.182
70458.716
71111.111
71111.111
71111.111
71775.701
109714.286
52602.74
73142.857
93658.537
59534.884
73846.154
73142.857
72452.83
69818.182
68571.429
67964.602
108169.014
50196.078
67964.602
68571.429
67368.421
69189.189
67964.602
68571.429
67964.602
67368.421
67368.421
67964.602
67368.421
68571.429
69189.189
103783.784
52244.898
70458.716
71775.701
72452.83
71111.111
70458.716
102400.0
50860.927
69189.189
69189.189
68571.429
67368.421
69189.189
68571.429
67368.421
103783.784
49870.13
69189.189
71111.111
69818.182
69818.182
69189.189
69818.182
67964.602
66782.609
65641.026
66206.897
66782.609
66206.897
65084.746
67368.421
67964.602
67964.602
67368.421
66782.609
66782.609
102400.0
50196.078
67368.421
68571.429
68571.429
69818.182
69818.182
68571.429
66206.897
65641.026
66206.897
66206.897
65641.026
65084.746
65084.746
65641.026
66782.609
65641.026
65641.026
64537.815
67368.421
67368.421
68571.429
66782.609
67368.421
67368.421
69189.189
68571.429
67964.602
69189.189
69818.182
69189.189
69818.182
68571.429
68571.429
69189.189
66206.897
63471.074
64537.815
67964.602
66206.897
66206.897
67368.421
67964.602
69189.189
108169.014
50860.927
69818.182
93658.537
55251.799
70458.716
71111.111
69818.182
69189.189
67964.602
69818.182
68571.429
66782.609
66782.609
66206.897
66782.609
69189.189
66782.609
66782.609
66206.897
67964.602
68571.429
97215.19
50526.316
67964.602
69818.182
69818.182
70458.716
106666.667
50860.927
69818.182
70458.716
69818.182
67964.602
67368.421
67368.421
67368.421
66782.609
65641.026
67368.421
67964.602
67368.421
66782.609
66782.609
68571.429
69189.189
67368.421
67368.421
66206.897
97215.19
50526.316
66782.609
67368.421
67368.421
67964.602
67964.602
67964.602
67368.421
65641.026
67964.602
67964.602
67964.602
67368.421
67368.421
67964.602
68571.429
67964.602
67964.602
66782.609
66782.609
67964.602
64537.815
64000.0
64000.0
65084.746
65084.746
64000.0
64537.815
65084.746
98461.538
50526.316
67964.602
70458.716
71111.111
71775.701
73142.857
71775.701
71111.111
70458.716
73142.857
73846.154
73846.154
76800.0
77575.758
78367.347
79175.258
81702.128
81702.128
83478.261
85333.333
85333.333
86292.135
88275.862
87272.727
87272.727
88275.862
87272.727
85333.333
84395.604
83478.261
82580.645
80000.0
78367.347
76039.604
73142.857
99740.26
56058.394
71775.701
71111.111
71775.701
70458.716
71111.111
71111.111
69818.182
67368.421
67368.421
67368.421
69818.182
69818.182
69189.189
70458.716
70458.716
69818.182
69189.189
67368.421
68571.429
66782.609
60952.381
61440.0
62439.024
65084.746
62439.024
108169.014
45714.286
66206.897
67368.421
66782.609
66782.609
69189.189
69818.182
67964.602
68571.429
68571.429
68571.429
67964.602
66206.897
65084.746
105205.479
46265.06
65084.746
65641.026
65641.026
66782.609
102400.0
49870.13
68571.429
69818.182
70458.716
69818.182
67368.421
65084.746
63471.074
64000.0
61440.0
60952.381
61440.0
65641.026
62950.82
63471.074
65084.746
65641.026
98461.538
48301.887
66206.897
68571.429
69189.189
67368.421
66206.897
66206.897
68571.429
67964.602
66206.897
67964.602
108169.014
49870.13
69189.189
70458.716
70458.716
71775.701
103783.784
52965.517
71111.111
73846.154
73846.154
74563.107
74563.107
73846.154
72452.83
69818.182
68571.429
67964.602
67964.602
67368.421
106666.667
49230.769
68571.429
70458.716
69189.189
69189.189
70458.716
69189.189
69189.189
67368.421
66206.897
67368.421
67964.602
108169.014
49870.13
67964.602
69818.182
97215.19
53333.333
69818.182
69189.189
68571.429
66206.897
66782.609
67964.602
65641.026
65641.026
65641.026
65641.026
105205.479
49548.387
67964.602
70458.716
71775.701
72452.83
105205.479
54084.507
72452.83
72452.83
73142.857
71111.111
69818.182
67368.421
66782.609
66206.897
103783.784
47407.407
66206.897
69189.189
66782.609
67368.421
67964.602
68571.429
68571.429
66782.609
65641.026
66206.897
67368.421
65641.026
66782.609
65641.026
67368.421
68571.429
67368.421
66782.609
65641.026
97215.19
50196.078
67964.602
69189.189
69818.182
67964.602
69189.189
69189.189
68571.429
65641.026
65641.026
65084.746
66206.897
65641.026
64000.0
65641.026
66206.897
66782.609
67964.602
67964.602
67964.602
99740.26
52602.74
68571.429
70458.716
70458.716
71111.111
71775.701
70458.716
69189.189
67964.602
67964.602
67964.602
65641.026
64537.815
66206.897
66206.897
65641.026
65641.026
66782.609
68571.429
69189.189
68571.429
68571.429
68571.429
106666.667
51891.892
71111.111
71775.701
71775.701
73846.154
73142.857
71775.701
69818.182
69189.189
69189.189
67964.602
98461.538
49870.13
67964.602
69189.189
67964.602
67368.421
68571.429
67368.421
67368.421
66206.897
65084.746
67368.421
108169.014
48917.197
67964.602
68571.429
69189.189
70458.716
69818.182
68571.429
67964.602
68571.429
69818.182
67368.421
98461.538
51543.624
69818.182
69818.182
69189.189
67964.602
66782.609
66782.609
66782.609
62950.82
62950.82
64537.815
66782.609
66782.609
66206.897
66206.897
66782.609
67964.602
99740.26
49230.769
66206.897
69189.189
67964.602
67368.421
66206.897
67368.421
68571.429
67368.421
66782.609
66206.897
66206.897
67964.602
67964.602
65641.026
66206.897
66206.897
99740.26
49870.13
65641.026
69189.189
70458.716
71775.701
69189.189
69189.189
68571.429
69818.182
69189.189
67368.421
67964.602
68571.429
69189.189
69818.182
69189.189
67964.602
108169.014
50526.316
69189.189
96000.0
54084.507
71111.111
71775.701
71111.111
70458.716
71111.111
69818.182
68571.429
67368.421
66782.609
66206.897
64000.0
66206.897
66782.609
66206.897
66206.897
67368.421
67368.421
69189.189
68571.429
67368.421
108169.014
50196.078
69818.182
71111.111
71775.701
71775.701
73142.857
73142.857
71775.701
71775.701
72452.83
71775.701
71111.111
69818.182
70458.716
70458.716
71111.111
70458.716
67964.602
66782.609
67964.602
70458.716
65641.026
65641.026
66782.609
69189.189
68571.429
68571.429
66206.897
65641.026
68571.429
99740.26
51891.892
67964.602
68571.429
70458.716
67368.421
65641.026
62950.82
64537.815
67368.421
67368.421
66206.897
103783.784
48917.197
67964.602
71775.701
70458.716
69189.189
69818.182
70458.716
70458.716
69818.182
68571.429
66782.609
66782.609
69189.189
69189.189
67368.421
66206.897
67368.421
67964.602
66206.897
65084.746
65084.746
66206.897
66782.609
64537.815
66206.897
65641.026
99740.26
50526.316
66782.609
67964.602
67964.602
69189.189
69189.189
66782.609
67368.421
66206.897
67368.421
68571.429
103783.784
50196.078
67964.602
69189.189
69189.189
69818.182
67368.421
65084.746
65084.746
66206.897
66782.609
65084.746
111304.348
45988.024
67964.602
94814.815
53333.333
69189.189
69818.182
69818.182
71111.111
69818.182
102400.0
50526.316
68571.429
71775.701
71775.701
72452.83
73142.857
99740.26
59534.884
75294.118
77575.758
91428.571
71775.701
82580.645
83478.261
84395.604
87272.727
87272.727
89302.326
89302.326
89302.326
89302.326
91428.571
89302.326
88275.862
86292.135
83478.261
83478.261
79175.258
80000.0
76800.0
73142.857
71775.701
70458.716
69818.182
70458.716
67368.421
67368.421
66782.609
67964.602
102400.0
48301.887
68571.429
67964.602
69818.182
69818.182
68571.429
66206.897
65641.026
64537.815
66206.897
61935.484
62439.024
103783.784
47407.407
65641.026
67368.421
66206.897
66782.609
66782.609
68571.429
66782.609
64537.815
64537.815
64537.815
64537.815
65084.746
62950.82
60000.0
62439.024
65084.746
105205.479
46545.455
65084.746
66206.897
66206.897
67368.421
66206.897
65641.026
64537.815
66206.897
66782.609
65641.026
64537.815
63471.074
64537.815
64537.815
65084.746
65084.746
65641.026
66782.609
66782.609
106666.667
47701.863
65641.026
67964.602
67964.602
66782.609
108169.014
47407.407
66782.609
66782.609
66206.897
65641.026
64000.0
65084.746
65084.746
111304.348
45714.286
65641.026
67964.602
67964.602
66782.609
105205.479
49230.769
69189.189
70458.716
69818.182
67964.602
67964.602
67964.602
68571.429
65641.026
63471.074
63471.074
65084.746
65084.746
63471.074
109714.286
45176.471
66206.897
67368.421
67964.602
67368.421
69189.189
68571.429
67368.421
66206.897
65641.026
66206.897
65641.026
64537.815
64537.815
105205.479
47407.407
67964.602
67368.421
67964.602
68571.429
105205.479
49548.387
67964.602
68571.429
69189.189
67964.602
97215.19
49230.769
66206.897
68571.429
66782.609
63471.074
64000.0
66782.609
66206.897
65641.026
65084.746
65641.026
66782.609
67368.421
66206.897
66206.897
66782.609
66782.609
67964.602
66782.609
66206.897
65641.026
66782.609
68571.429
66782.609
66206.897
64000.0
98461.538
50860.927
66206.897
67368.421
66782.609
68571.429
68571.429
67368.421
65641.026
64537.815
66782.609
66206.897
108169.014
45176.471
65084.746
67368.421
67964.602
66206.897
66782.609
66206.897
67964.602
67368.421
65084.746
64537.815
65641.026
66206.897
65641.026
102400.0
47116.564
66782.609
67368.421
66782.609
66206.897
108169.014
47701.863
67368.421
67368.421
66782.609
66782.609
67964.602
67368.421
66782.609
65641.026
67368.421
66206.897
112941.176
46829.268
67368.421
99740.26
51891.892
69818.182
69818.182
71111.111
71111.111
69189.189
68571.429
67964.602
68571.429
69189.189
67368.421
66206.897
65641.026
67368.421
67964.602
67368.421
66206.897
101052.632
50196.078
67368.421
67964.602
67368.421
68571.429
106666.667
49230.769
66206.897
67368.421
67964.602
67368.421
65641.026
64537.815
62950.82
64000.0
64000.0
64537.815
96000.0
48917.197
65084.746
66782.609
68571.429
66206.897
66206.897
65084.746
67368.421
69818.182
68571.429
69189.189
102400.0
51891.892
70458.716
71775.701
71111.111
70458.716
70458.716
109714.286
49230.769
68571.429
69189.189
67964.602
67368.421
66782.609
65641.026
65641.026
67368.421
66206.897
66782.609
66206.897
111304.348
47701.863
67964.602
94814.815
53706.294
68571.429
72452.83
71775.701
71775.701
70458.716
71111.111
70458.716
69818.182
68571.429
67368.421
68571.429
69818.182
96000.0
52602.74
69189.189
70458.716
70458.716
69189.189
67368.421
67964.602
68571.429
67964.602
66782.609
67368.421
68571.429
68571.429
67368.421
67368.421
67368.421
69189.189
66206.897
67368.421
67368.421
68571.429
68571.429
69189.189
69189.189
67964.602
67368.421
67964.602
67964.602
68571.429
67964.602
67368.421
68571.429
70458.716
69818.182
71775.701
70458.716
70458.716
73142.857
71775.701
72452.83
71775.701
71775.701
72452.83
71111.111
70458.716
106666.667
51891.892
70458.716
71775.701
71775.701
71775.701
71111.111
71775.701
68571.429
67964.602
67368.421
67964.602
67964.602
109714.286
48607.595
67368.421
68571.429
69818.182
67964.602
67368.421
66206.897
67368.421
67964.602
67964.602
66782.609
66782.609
67368.421
68571.429
96000.0
50860.927
67368.421
67368.421
68571.429
69189.189
68571.429
67368.421
67368.421
67368.421
68571.429
68571.429
67368.421
67368.421
66782.609
68571.429
68571.429
66782.609
99740.26
48607.595
66782.609
67964.602
69189.189
68571.429
68571.429
69189.189
69818.182
67368.421
66206.897
65641.026
65641.026
65641.026
64537.815
105205.479
47116.564
65641.026
67964.602
67964.602
67368.421
90352.941
52602.74
69189.189
69818.182
69189.189
67368.421
68571.429
68571.429
68571.429
66782.609
66782.609
67368.421
68571.429
68571.429
67368.421
66782.609
66782.609
67368.421
68571.429
67964.602
67964.602
102400.0
48917.197
67964.602
68571.429
69189.189
69189.189
69818.182
69189.189
67964.602
109714.286
48000.0
68571.429
69818.182
69189.189
68571.429
67964.602
68571.429
67368.421
66206.897
64537.815
64000.0
65084.746
65084.746
64537.815
65084.746
65084.746
67964.602
111304.348
50196.078
71111.111
73846.154
73142.857
74563.107
75294.118
76039.604
76039.604
76039.604
72452.83
71111.111
70458.716
69818.182
67964.602
67964.602
67964.602
70458.716
71775.701
73846.154
74563.107
73846.154
71775.701
69818.182
69189.189
69189.189
69189.189
69189.189
67964.602
68571.429
69189.189
68571.429
69818.182
67964.602
69189.189
70458.716
69818.182
69189.189
69189.189
69818.182
71111.111
69818.182
69818.182
70458.716
71111.111
71775.701
71111.111
71111.111
71111.111
70458.716
70458.716
69189.189
66782.609
66782.609
67368.421
66782.609
65641.026
66206.897
67368.421
68571.429
68571.429
69189.189
68571.429
108169.014
51200.0
69818.182
102400.0
52602.74
71111.111
71111.111
72452.83
70458.716
103783.784
50526.316
70458.716
69818.182
70458.716
69818.182
71775.701
72452.83
72452.83
72452.83
71111.111
70458.716
69818.182
66206.897
66206.897
68571.429
68571.429
67964.602
109714.286
50196.078
72452.83
74563.107
76039.604
80000.0
81702.128
83478.261
84395.604
86292.135
86292.135
89302.326
89302.326
91428.571
91428.571
93658.537
94814.815
94814.815
93658.537
97215.19
96000.0
94814.815
94814.815
92530.12
89302.326
87272.727
84395.604
94814.815
69818.182
76800.0
73142.857
96000.0
56470.588
72452.83
69818.182
71775.701
70458.716
72452.83
71111.111
71111.111
103783.784
50860.927
72452.83
74563.107
75294.118
73142.857
65641.026
61935.484
64537.815
64000.0
59534.884
57313.433
62439.024
60472.441
60000.0
109714.286
44651.163
65641.026
66206.897
67368.421
68571.429
69818.182
70458.716
68571.429
65641.026
64000.0
64000.0
61935.484
62439.024
63471.074
65084.746
66782.609
64537.815
94814.815
48917.197
66206.897
66206.897
64537.815
65084.746
65641.026
66206.897
67368.421
66206.897
65641.026
64537.815
66782.609
103783.784
49230.769
67964.602
70458.716
71111.111
70458.716
69189.189
108169.014
49548.387
69818.182
70458.716
70458.716
70458.716
69818.182
71111.111
68571.429
67368.421
66206.897
66782.609
103783.784
48301.887
67368.421
70458.716
70458.716
71111.111
103783.784
51543.624
71111.111
73142.857
71111.111
69189.189
67368.421
67964.602
68571.429
66206.897
65084.746
65641.026
66206.897
66782.609
65641.026
65641.026
66206.897
65641.026
66782.609
67368.421
69189.189
68571.429
103783.784
50860.927
71111.111
71775.701
69818.182
68571.429
68571.429
68571.429
67368.421
64537.815
65084.746
63471.074
66206.897
66206.897
64537.815
66782.609
66782.609
66782.609
65641.026
64537.815
65084.746
66782.609
66206.897
66206.897
109714.286
48607.595
69818.182
71111.111
70458.716
69189.189
69189.189
69818.182
67964.602
65641.026
63471.074
62950.82
63471.074
64537.815
66782.609
111304.348
45988.024
64537.815
67368.421
67964.602
68571.429
68571.429
67964.602
66206.897
68571.429
69818.182
68571.429
68571.429
68571.429
69818.182
102400.0
53706.294
71775.701
75294.118
74563.107
75294.118
78367.347
77575.758
99740.26
65641.026
80842.105
81702.128
106666.667
68571.429
82580.645
87272.727
87272.727
88275.862
90352.941
90352.941
91428.571
92530.12
92530.12
92530.12
90352.941
108169.014
76039.604
86292.135
82580.645
80000.0
80000.0
78367.347
76800.0
75294.118
72452.83
74563.107
73846.154
73846.154
73142.857
71111.111
71111.111
71111.111
71111.111
69818.182
70458.716
70458.716
71775.701
71111.111
105205.479
52965.517
73142.857
73846.154
73846.154
73846.154
69818.182
101052.632
53333.333
70458.716
69189.189
66782.609
68571.429
67964.602
66782.609
90352.941
50196.078
67964.602
66782.609
67368.421
67964.602
67368.421
103783.784
50860.927
67964.602
67964.602
67964.602
67964.602
67368.421
103783.784
48607.595
69189.189
70458.716
70458.716
68571.429
66782.609
67964.602
67368.421
66782.609
108169.014
48000.0
69189.189
71111.111
69818.182
69189.189
69189.189
68571.429
67368.421
106666.667
47407.407
67368.421
67368.421
66206.897
65641.026
65084.746
65084.746
65084.746
63471.074
64000.0
65084.746
109714.286
47701.863
66782.609
98461.538
52965.517
71775.701
73142.857
71775.701
70458.716
71111.111
70458.716
71111.111
68571.429
66782.609
67964.602
67368.421
66206.897
66206.897
66782.609
67368.421
67964.602
67964.602
105205.479
49548.387
68571.429
69189.189
69818.182
69818.182
102400.0
52602.74
70458.716
73846.154
73142.857
72452.83
103783.784
52965.517
71775.701
71775.701
71111.111
69818.182
99740.26
52965.517
68571.429
68571.429
68571.429
67964.602
68571.429
67368.421
64537.815
67964.602
67368.421
64000.0
64537.815
65084.746
65641.026
67368.421
66782.609
67368.421
67368.421
69189.189
69818.182
99740.26
51200.0
67964.602
70458.716
70458.716
69189.189
67368.421
66782.609
66206.897
66782.609
66782.609
65641.026
65084.746
64537.815
65641.026
65641.026
65084.746
65084.746
108169.014
48301.887
68571.429
98461.538
52244.898
68571.429
71111.111
70458.716
71111.111
71111.111
70458.716
71775.701
73142.857
71111.111
71111.111
69818.182
71111.111
70458.716
69189.189
68571.429
68571.429
69189.189
69818.182
69818.182
68571.429
69818.182
71775.701
71111.111
70458.716
69818.182
69189.189
69818.182
70458.716
69189.189
102400.0
50196.078
68571.429
69818.182
69818.182
69189.189
102400.0
50526.316
68571.429
71775.701
68571.429
69189.189
68571.429
69818.182
70458.716
71111.111
70458.716
71111.111
72452.83
73142.857
96000.0
57313.433
72452.83
74563.107
73846.154
73142.857
71775.701
101052.632
54857.143
72452.83
72452.83
71775.701
71111.111
71775.701
106666.667
51543.624
69189.189
70458.716
69818.182
68571.429
102400.0
49870.13
68571.429
70458.716
68571.429
68571.429
102400.0
50196.078
69818.182
70458.716
70458.716
68571.429
69818.182
69818.182
70458.716
69189.189
69189.189
69818.182
71111.111
71775.701
70458.716
70458.716
71775.701
72452.83
74563.107
75294.118
76800.0
79175.258
99740.26
69818.182
83478.261
84395.604
284444.444
125901.639
86292.135
90352.941
90352.941
90352.941
307200.0
132413.793
92530.12
92530.12
93658.537
320000.0
132413.793
94814.815
96000.0
98461.538
96000.0
101052.632
99740.26
99740.26
101052.632
99740.26
99740.26
98461.538
93658.537
91428.571
88275.862
86292.135
83478.261
98461.538
65084.746
74563.107
71775.701
71775.701
71775.701
70458.716
68571.429
68571.429
67368.421
67368.421
69189.189
67964.602
66206.897
65641.026
102400.0
48301.887
68571.429
69818.182
68571.429
66782.609
64000.0
61935.484
61440.0
62439.024
61440.0
60472.441
105205.479
43885.714
66206.897
67964.602
67368.421
66206.897
62950.82
62950.82
63471.074
60472.441
60472.441
63471.074
64537.815
64000.0
62950.82
62439.024
64537.815
65084.746
64000.0
62439.024
63471.074
65641.026
67368.421
65084.746
65084.746
65084.746
66782.609
66206.897
64000.0
64537.815
65641.026
66782.609
108169.014
48000.0
66206.897
66206.897
67964.602
67964.602
66782.609
66206.897
67964.602
67368.421
67964.602
66782.609
66782.609
68571.429
69818.182
93658.537
52244.898
68571.429
70458.716
70458.716
69818.182
69818.182
112941.176
50860.927
69818.182
71111.111
70458.716
71775.701
69818.182
68571.429
66782.609
67964.602
66782.609
64537.815
63471.074
64000.0
65084.746
99740.26
48301.887
67368.421
70458.716
71775.701
70458.716
69818.182
69189.189
71111.111
67964.602
67964.602
65084.746
66206.897
66206.897
65641.026
66782.609
67368.421
66782.609
67368.421
67964.602
68571.429
70458.716
69818.182
69189.189
69818.182
69189.189
71111.111
70458.716
69818.182
67964.602
69189.189
68571.429
66782.609
65641.026
66782.609
69189.189
69818.182
69818.182
69818.182
69818.182
69818.182
70458.716
69189.189
69189.189
69189.189
70458.716
69189.189
69189.189
68571.429
69189.189
69818.182
68571.429
68571.429
68571.429
69189.189
68571.429
67964.602
67964.602
69189.189
70458.716
69818.182
69818.182
69818.182
69189.189
70458.716
70458.716
69818.182
67964.602
69189.189
67964.602
68571.429
67368.421
65084.746
65084.746
66782.609
98461.538
50860.927
67964.602
67964.602
69818.182
71111.111
101052.632
53706.294
71775.701
72452.83
73142.857
71111.111
102400.0
51200.0
69818.182
69818.182
66782.609
66206.897
67368.421
66782.609
65641.026
64000.0
64537.815
66206.897
66206.897
66206.897
66782.609
66782.609
67964.602
69189.189
69189.189
68571.429
68571.429
67368.421
68571.429
69189.189
67368.421
65641.026
65641.026
106666.667
47116.564
67368.421
67964.602
68571.429
69189.189
88275.862
53706.294
66782.609
67368.421
67368.421
68571.429
67964.602
66206.897
65641.026
66206.897
67964.602
68571.429
67964.602
66782.609
67964.602
67964.602
68571.429
67964.602
66782.609
65641.026
67964.602
66782.609
68571.429
66206.897
66782.609
111304.348
48000.0
69818.182
69189.189
68571.429
69818.182
69818.182
67964.602
66782.609
65084.746
64000.0
64000.0
65084.746
65084.746
64000.0
