70458.716
66782.609
68571.429
67368.421
69818.182
68571.429
68571.429
81702.128
61935.484
67964.602
66782.609
66206.897
64537.815
67368.421
77575.758
61935.484
74563.107
60000.0
75294.118
63471.074
63471.074
64537.815
80000.0
60472.441
64537.815
62950.82
74563.107
60472.441
65084.746
63471.074
64000.0
71775.701
64000.0
64537.815
65084.746
65084.746
66782.609
67964.602
64537.815
66782.609
67368.421
67368.421
66782.609
70458.716
65084.746
68571.429
66782.609
68571.429
64537.815
66206.897
66206.897
65084.746
74563.107
61440.0
66206.897
67368.421
62439.024
64537.815
65084.746
66206.897
64000.0
63471.074
64537.815
66782.609
70458.716
62950.82
63471.074
66782.609
83478.261
60000.0
63471.074
65641.026
66206.897
65641.026
64000.0
65084.746
66206.897
69189.189
64000.0
66206.897
71111.111
64537.815
66782.609
68571.429
65641.026
66782.609
68571.429
66206.897
66782.609
67964.602
69818.182
69189.189
69189.189
63471.074
83478.261
118153.846
56470.588
56888.889
60952.381
65084.746
66206.897
62950.82
63471.074
65641.026
65084.746
63471.074
64537.815
65084.746
65641.026
64000.0
62950.82
63471.074
65084.746
65084.746
66206.897
58181.818
64000.0
62950.82
61935.484
61935.484
65084.746
63471.074
63471.074
60472.441
62950.82
64000.0
64000.0
62950.82
64537.815
64537.815
64537.815
64000.0
62950.82
65641.026
65641.026
67368.421
65084.746
66206.897
69189.189
60952.381
81702.128
57313.433
63471.074
65084.746
62439.024
62439.024
64000.0
64537.815
64537.815
62950.82
65084.746
82580.645
60952.381
62439.024
62950.82
65641.026
66206.897
71775.701
59076.923
63471.074
85333.333
55652.174
60952.381
64000.0
64537.815
66206.897
63471.074
64537.815
67368.421
66782.609
64000.0
66206.897
69189.189
65084.746
66782.609
66782.609
67368.421
67964.602
70458.716
67964.602
67368.421
66782.609
67368.421
69189.189
66206.897
67368.421
69818.182
114626.866
240000.0
66206.897
80842.105
61935.484
69818.182
70458.716
70458.716
67368.421
69189.189
78367.347
66206.897
101052.632
56470.588
61440.0
67964.602
66206.897
66206.897
80842.105
61935.484
66206.897
66206.897
67368.421
66206.897
69189.189
68571.429
67368.421
68571.429
66206.897
71775.701
67964.602
65084.746
69189.189
67964.602
69189.189
71775.701
62950.82
69189.189
76800.0
116363.636
59534.884
58625.954
66782.609
69818.182
67964.602
66782.609
68571.429
68571.429
71775.701
69818.182
68571.429
71775.701
73846.154
72452.83
71111.111
69818.182
74563.107
73846.154
71111.111
70458.716
69189.189
67964.602
67368.421
69818.182
66206.897
67368.421
65641.026
79175.258
63471.074
65084.746
66782.609
69189.189
68571.429
65641.026
66206.897
82580.645
64000.0
66206.897
66206.897
72452.83
64537.815
65641.026
64000.0
64000.0
64000.0
71111.111
64537.815
63471.074
65641.026
76800.0
61440.0
64537.815
64000.0
67964.602
64537.815
65641.026
66206.897
66206.897
67964.602
65641.026
64537.815
65084.746
73142.857
64537.815
64000.0
66206.897
66206.897
66782.609
64537.815
65084.746
66782.609
67368.421
67368.421
65641.026
64000.0
66206.897
67368.421
65641.026
63471.074
65084.746
67368.421
66206.897
64537.815
64537.815
64537.815
66782.609
65084.746
69818.182
59534.884
64537.815
64537.815
72452.83
61440.0
64000.0
66782.609
63471.074
63471.074
68571.429
67368.421
65641.026
65084.746
74563.107
60952.381
67368.421
64000.0
63471.074
66782.609
67368.421
66206.897
65641.026
65084.746
66206.897
68571.429
66782.609
67368.421
68571.429
67368.421
66782.609
64000.0
66206.897
65641.026
66782.609
63471.074
64537.815
65641.026
62950.82
64537.815
84395.604
60472.441
66206.897
66206.897
63471.074
64537.815
67964.602
64537.815
63471.074
63471.074
64000.0
65084.746
63471.074
71775.701
60000.0
64537.815
62439.024
62950.82
63471.074
76039.604
61935.484
64000.0
64000.0
64000.0
66206.897
65084.746
73846.154
60000.0
65084.746
65641.026
64000.0
64000.0
66206.897
65641.026
66782.609
63471.074
64000.0
67964.602
65641.026
64537.815
65084.746
64537.815
66782.609
83478.261
59534.884
65084.746
66782.609
67964.602
66206.897
67368.421
67964.602
67964.602
77575.758
60000.0
65084.746
65641.026
64537.815
79175.258
60000.0
64537.815
66782.609
67964.602
63471.074
64000.0
65641.026
77575.758
60952.381
62439.024
65084.746
73846.154
69818.182
60000.0
63471.074
65641.026
64537.815
60952.381
64000.0
64537.815
69189.189
62950.82
62439.024
64537.815
79175.258
60000.0
63471.074
63471.074
73846.154
61935.484
61935.484
62950.82
62950.82
64537.815
61935.484
62950.82
62439.024
64000.0
64000.0
61935.484
62950.82
65641.026
78367.347
58625.954
63471.074
65084.746
65641.026
65084.746
64537.815
66206.897
67964.602
66782.609
75294.118
60952.381
65641.026
66782.609
64000.0
62950.82
66206.897
65084.746
64537.815
65084.746
65084.746
65084.746
67964.602
64537.815
64537.815
66206.897
67368.421
64000.0
65084.746
65084.746
67368.421
65084.746
64537.815
67368.421
64000.0
65084.746
61935.484
62439.024
99740.26
58181.818
109714.286
57313.433
58181.818
66206.897
67368.421
66206.897
65641.026
67368.421
67964.602
67964.602
65641.026
66206.897
67964.602
69189.189
66782.609
65641.026
67964.602
67964.602
80842.105
61440.0
63471.074
66782.609
73846.154
72452.83
63471.074
65641.026
69189.189
69189.189
66206.897
67368.421
66782.609
67964.602
81702.128
60472.441
64537.815
65084.746
66206.897
64537.815
61440.0
62950.82
65641.026
65641.026
63471.074
65084.746
67368.421
66782.609
66206.897
65641.026
68571.429
66782.609
66206.897
64000.0
65084.746
65641.026
66206.897
67964.602
74563.107
64537.815
67964.602
68571.429
67368.421
67964.602
70458.716
70458.716
68571.429
66206.897
67964.602
69189.189
67964.602
67368.421
65641.026
69189.189
77575.758
63471.074
65641.026
67368.421
67964.602
66206.897
65084.746
80842.105
60952.381
67964.602
67368.421
66782.609
80000.0
64537.815
66782.609
66206.897
77575.758
62950.82
67964.602
67964.602
66206.897
66206.897
67368.421
66206.897
66782.609
64537.815
67368.421
66782.609
67368.421
65084.746
66782.609
69189.189
69818.182
69818.182
67964.602
67964.602
71111.111
84395.604
62439.024
66206.897
66782.609
67368.421
65641.026
78367.347
60952.381
66782.609
70458.716
61935.484
64537.815
65084.746
67368.421
65084.746
65084.746
65084.746
72452.83
61935.484
71111.111
61440.0
65641.026
66782.609
65641.026
63471.074
64537.815
73846.154
62950.82
63471.074
62950.82
65084.746
65084.746
63471.074
64537.815
68571.429
66206.897
66206.897
64537.815
65641.026
64000.0
67368.421
65641.026
65084.746
67964.602
67964.602
76800.0
64537.815
67368.421
69189.189
69818.182
67964.602
65084.746
67964.602
68571.429
67368.421
66206.897
66206.897
66782.609
67368.421
76800.0
60952.381
65084.746
65641.026
66782.609
64537.815
76039.604
109714.286
58625.954
58181.818
63471.074
64537.815
65641.026
65641.026
65084.746
63471.074
65641.026
66782.609
64537.815
64537.815
65084.746
66206.897
64537.815
63471.074
65641.026
65084.746
66782.609
64537.815
62950.82
66782.609
68571.429
64537.815
65084.746
68571.429
69189.189
63471.074
64000.0
65084.746
66206.897
65641.026
66206.897
63471.074
64000.0
65084.746
66206.897
67368.421
63471.074
66206.897
78367.347
60952.381
64000.0
65084.746
67964.602
66782.609
65641.026
64537.815
70458.716
62950.82
62950.82
64000.0
64000.0
65641.026
80842.105
58181.818
62439.024
64000.0
66782.609
62439.024
62439.024
69189.189
62950.82
62950.82
62950.82
63471.074
65641.026
67368.421
62950.82
64537.815
65641.026
65641.026
64537.815
64537.815
66206.897
66206.897
64000.0
81702.128
59076.923
65084.746
66206.897
63471.074
63471.074
72452.83
63471.074
64000.0
63471.074
80000.0
60000.0
64000.0
62439.024
62439.024
63471.074
66782.609
60472.441
60472.441
62950.82
62439.024
62950.82
60472.441
62439.024
62950.82
64537.815
61935.484
62950.82
74563.107
60000.0
62439.024
64000.0
63471.074
64537.815
63471.074
62439.024
64000.0
64000.0
62950.82
61440.0
62950.82
64000.0
62950.82
64000.0
64000.0
62950.82
66206.897
62950.82
65084.746
66782.609
66782.609
66206.897
64000.0
68571.429
67368.421
66206.897
62950.82
64000.0
63471.074
61440.0
62439.024
61440.0
62950.82
70458.716
106666.667
56470.588
56470.588
60952.381
65641.026
60952.381
64000.0
66206.897
65084.746
65084.746
63471.074
64000.0
65641.026
73846.154
59534.884
62950.82
65084.746
64000.0
62439.024
62950.82
63471.074
64537.815
62439.024
62950.82
63471.074
64537.815
65084.746
65641.026
64537.815
66782.609
66782.609
78367.347
60000.0
65084.746
66206.897
64000.0
64000.0
64537.815
66206.897
65084.746
64537.815
64000.0
65641.026
66782.609
66206.897
64000.0
64537.815
67964.602
66206.897
65084.746
65084.746
65084.746
66782.609
79175.258
59076.923
64000.0
65084.746
64000.0
64000.0
69189.189
62439.024
63471.074
62439.024
62950.82
63471.074
64000.0
62950.82
62439.024
62950.82
61935.484
62950.82
63471.074
64000.0
66782.609
64000.0
64000.0
64537.815
65084.746
66206.897
64537.815
66206.897
70458.716
65084.746
67368.421
66206.897
66782.609
66782.609
67368.421
81702.128
60472.441
67368.421
65641.026
67368.421
66782.609
75294.118
65084.746
67964.602
67368.421
66782.609
65641.026
68571.429
67368.421
66782.609
64537.815
66206.897
67368.421
66782.609
62439.024
66206.897
66206.897
66206.897
63471.074
65084.746
65084.746
68571.429
66206.897
64000.0
66782.609
67964.602
66782.609
65084.746
64537.815
67964.602
65084.746
70458.716
62950.82
66782.609
67964.602
66782.609
65641.026
65084.746
66782.609
66782.609
64537.815
79175.258
59076.923
63471.074
63471.074
61935.484
63471.074
63471.074
64537.815
61935.484
62950.82
64000.0
66782.609
64000.0
65084.746
65084.746
67368.421
65641.026
65641.026
65641.026
67368.421
69818.182
82580.645
59076.923
64537.815
66206.897
78367.347
60000.0
64537.815
66782.609
80842.105
60472.441
63471.074
66206.897
66206.897
65641.026
65084.746
79175.258
61935.484
66782.609
66782.609
81702.128
61935.484
68571.429
67964.602
66206.897
67964.602
67964.602
69189.189
67964.602
65084.746
67964.602
72452.83
78367.347
61440.0
64000.0
66782.609
66782.609
68571.429
63471.074
66782.609
66782.609
67368.421
65641.026
65084.746
68571.429
67368.421
70458.716
65084.746
66782.609
69189.189
69189.189
67964.602
76039.604
102400.0
59534.884
61935.484
66206.897
66782.609
83478.261
63471.074
66782.609
65641.026
66206.897
68571.429
71111.111
67368.421
66782.609
68571.429
69189.189
68571.429
77575.758
64000.0
69818.182
69818.182
69818.182
67964.602
67964.602
69818.182
73142.857
66206.897
66782.609
70458.716
68571.429
68571.429
66782.609
71775.701
65084.746
69818.182
66782.609
68571.429
69189.189
70458.716
71111.111
69189.189
68571.429
73142.857
70458.716
71111.111
73142.857
69818.182
68571.429
72452.83
68571.429
68571.429
69189.189
76800.0
68571.429
68571.429
67368.421
67368.421
67964.602
67964.602
75294.118
66206.897
65084.746
65641.026
66206.897
66782.609
64537.815
67368.421
65641.026
76800.0
62439.024
66782.609
67964.602
76800.0
74563.107
60472.441
64537.815
65641.026
63471.074
61440.0
62950.82
65641.026
62950.82
62950.82
64000.0
63471.074
64537.815
62439.024
63471.074
83478.261
60472.441
64000.0
64000.0
80842.105
60000.0
65641.026
63471.074
65084.746
66782.609
65084.746
64537.815
65084.746
69818.182
67368.421
65084.746
66206.897
67964.602
66206.897
68571.429
66206.897
64000.0
67964.602
66206.897
101052.632
57313.433
59534.884
67368.421
66206.897
78367.347
60472.441
65084.746
66782.609
66206.897
65641.026
65641.026
66782.609
66782.609
64537.815
66206.897
65641.026
66782.609
66206.897
71775.701
63471.074
65641.026
66782.609
64537.815
63471.074
66206.897
74563.107
60952.381
62439.024
64000.0
65084.746
65641.026
64537.815
62439.024
65641.026
65084.746
64000.0
62950.82
77575.758
61935.484
64000.0
65084.746
63471.074
66206.897
76800.0
60000.0
64000.0
64000.0
65641.026
63471.074
61935.484
62950.82
84395.604
58625.954
62950.82
64000.0
65084.746
65084.746
66782.609
84395.604
59534.884
65084.746
64537.815
63471.074
64000.0
65084.746
64000.0
64537.815
65084.746
64537.815
64537.815
65084.746
63471.074
63471.074
65084.746
64000.0
64000.0
63471.074
65084.746
65084.746
62950.82
64537.815
63471.074
65641.026
63471.074
64000.0
63471.074
65641.026
65641.026
64000.0
67368.421
66206.897
67368.421
66206.897
80842.105
60472.441
66206.897
66782.609
64000.0
65641.026
66782.609
66782.609
67368.421
65084.746
68571.429
66782.609
65084.746
65084.746
76800.0
111304.348
57744.361
101052.632
55652.174
108169.014
57313.433
57744.361
65641.026
63471.074
65084.746
66206.897
77575.758
58625.954
61440.0
65641.026
62950.82
62439.024
62439.024
62950.82
62950.82
61935.484
79175.258
57313.433
62950.82
64000.0
62439.024
62439.024
64000.0
78367.347
57744.361
62439.024
63471.074
65084.746
62439.024
63471.074
64000.0
79175.258
58625.954
62439.024
62439.024
66782.609
62950.82
61935.484
62439.024
64537.815
64000.0
64000.0
64000.0
63471.074
64000.0
65641.026
63471.074
62950.82
80842.105
58181.818
64000.0
61935.484
62439.024
64000.0
61935.484
62950.82
64537.815
71775.701
60472.441
62439.024
64000.0
64537.815
64537.815
78367.347
58181.818
62950.82
63471.074
62439.024
61440.0
66206.897
61935.484
61440.0
61440.0
60952.381
62950.82
61935.484
61935.484
62439.024
63471.074
77575.758
57313.433
61440.0
64000.0
64000.0
62950.82
61440.0
64537.815
64537.815
64000.0
63471.074
65084.746
66206.897
64537.815
65084.746
63471.074
65641.026
66782.609
66206.897
65084.746
65641.026
66206.897
80000.0
60472.441
64537.815
66206.897
87272.727
60952.381
62950.82
64537.815
65084.746
65641.026
63471.074
62439.024
65641.026
63471.074
62950.82
61440.0
84395.604
60000.0
62439.024
62439.024
62439.024
64537.815
80000.0
57313.433
61935.484
63471.074
62950.82
63471.074
67964.602
61935.484
62950.82
63471.074
62950.82
62950.82
65084.746
64537.815
60952.381
61440.0
64000.0
64000.0
62950.82
62439.024
65084.746
65084.746
63471.074
63471.074
61935.484
67368.421
65084.746
63471.074
63471.074
64000.0
65084.746
62439.024
61935.484
63471.074
64537.815
62439.024
62439.024
63471.074
64537.815
63471.074
64000.0
62950.82
63471.074
64000.0
76039.604
57744.361
64000.0
64000.0
62950.82
61440.0
61935.484
64000.0
62439.024
61935.484
71111.111
60472.441
63471.074
61440.0
64000.0
64000.0
63471.074
65084.746
62950.82
64537.815
65084.746
63471.074
64000.0
65084.746
66206.897
64537.815
62950.82
62950.82
70458.716
61935.484
62439.024
62439.024
62950.82
63471.074
63471.074
62950.82
62439.024
64537.815
80000.0
56888.889
62950.82
63471.074
64000.0
60952.381
64537.815
62950.82
65084.746
73846.154
58181.818
62439.024
64537.815
62439.024
61440.0
60952.381
63471.074
62439.024
61440.0
60952.381
64537.815
62950.82
64000.0
61935.484
63471.074
64000.0
62950.82
62439.024
64000.0
65084.746
64000.0
62950.82
64000.0
65641.026
65084.746
63471.074
64000.0
67368.421
65641.026
64000.0
67368.421
65084.746
66782.609
67964.602
65084.746
65641.026
67368.421
73846.154
62950.82
62439.024
67368.421
65641.026
65084.746
65084.746
63471.074
64537.815
67368.421
64537.815
63471.074
64537.815
84395.604
58625.954
62439.024
63471.074
63471.074
64000.0
61935.484
62950.82
64000.0
64000.0
63471.074
61935.484
63471.074
65084.746
64537.815
62950.82
63471.074
65084.746
64537.815
62950.82
62950.82
65084.746
65641.026
64000.0
63471.074
64537.815
65641.026
64537.815
64537.815
64537.815
65084.746
65641.026
63471.074
64537.815
65641.026
66206.897
64537.815
64000.0
67964.602
83478.261
60000.0
61440.0
63471.074
64537.815
65641.026
62950.82
63471.074
63471.074
64537.815
64000.0
64000.0
64000.0
84395.604
60000.0
61935.484
62439.024
64000.0
65084.746
62439.024
62950.82
78367.347
59534.884
62950.82
62950.82
63471.074
64537.815
66206.897
64000.0
64000.0
65084.746
65641.026
65641.026
64000.0
65084.746
65084.746
67964.602
76800.0
61935.484
66782.609
69818.182
67368.421
67368.421
68571.429
70458.716
68571.429
67368.421
69189.189
71111.111
67368.421
67964.602
66206.897
67368.421
76039.604
64537.815
69818.182
60000.0
74563.107
60952.381
65084.746
64000.0
73846.154
61440.0
65641.026
62950.82
64537.815
64000.0
65641.026
62950.82
64000.0
62950.82
65641.026
62950.82
66782.609
60952.381
66206.897
75294.118
61440.0
62439.024
67368.421
76800.0
64000.0
66206.897
66206.897
69189.189
68571.429
66782.609
65084.746
67368.421
65641.026
65641.026
77575.758
65084.746
64000.0
62950.82
64000.0
62950.82
64000.0
66206.897
75294.118
59534.884
64000.0
65084.746
64537.815
62950.82
63471.074
64000.0
65084.746
63471.074
64537.815
64000.0
62950.82
64000.0
62439.024
64000.0
65084.746
65084.746
70458.716
59534.884
64537.815
64537.815
64537.815
61935.484
62950.82
65641.026
62439.024
63471.074
70458.716
61935.484
64537.815
62950.82
62950.82
64000.0
65641.026
73846.154
59534.884
62950.82
65641.026
68571.429
58625.954
62439.024
64000.0
65641.026
63471.074
62950.82
65084.746
64000.0
64000.0
65641.026
63471.074
64537.815
64000.0
62439.024
67964.602
62950.82
63471.074
64537.815
76800.0
61935.484
65641.026
64537.815
79175.258
59534.884
65084.746
64000.0
61935.484
62950.82
62439.024
64000.0
62439.024
61440.0
64000.0
81702.128
59076.923
60000.0
62439.024
62950.82
62950.82
62439.024
62950.82
64000.0
67964.602
61440.0
61935.484
62950.82
64537.815
63471.074
62950.82
73846.154
60952.381
65084.746
62950.82
63471.074
78367.347
60472.441
62950.82
65641.026
65641.026
65641.026
64000.0
69818.182
60952.381
65084.746
79175.258
62439.024
61935.484
64537.815
65641.026
65641.026
64000.0
66206.897
67964.602
68571.429
66206.897
65641.026
64537.815
66782.609
83478.261
57744.361
61440.0
66206.897
64000.0
62950.82
62950.82
65084.746
65084.746
77575.758
59534.884
73142.857
60952.381
65641.026
62439.024
63471.074
64000.0
64537.815
61935.484
62950.82
62439.024
65084.746
61935.484
62439.024
63471.074
76039.604
59534.884
62950.82
69818.182
63471.074
64000.0
62950.82
62439.024
62950.82
65641.026
65084.746
60472.441
66206.897
64000.0
62439.024
76800.0
59076.923
64000.0
64000.0
61935.484
61440.0
63471.074
69818.182
60000.0
61440.0
63471.074
73142.857
60472.441
60000.0
60952.381
62950.82
63471.074
60000.0
63471.074
64000.0
62439.024
78367.347
58625.954
61935.484
62439.024
61935.484
60952.381
62439.024
62950.82
62439.024
60952.381
60952.381
62950.82
63471.074
60000.0
61935.484
63471.074
62950.82
62439.024
64537.815
64537.815
64537.815
65641.026
61935.484
62439.024
67368.421
64537.815
61440.0
63471.074
63471.074
63471.074
60472.441
64000.0
61440.0
64000.0
61440.0
61935.484
62439.024
62950.82
61440.0
60952.381
61935.484
63471.074
61440.0
62439.024
62950.82
62950.82
65641.026
64000.0
62439.024
64000.0
66206.897
60000.0
59534.884
61440.0
60472.441
60472.441
59076.923
62439.024
61440.0
60952.381
62439.024
61935.484
62950.82
61440.0
61440.0
62950.82
62950.82
62950.82
61935.484
63471.074
64537.815
63471.074
63471.074
71775.701
60000.0
63471.074
63471.074
60472.441
65641.026
85333.333
59534.884
61440.0
63471.074
64537.815
63471.074
64537.815
64000.0
64537.815
65084.746
63471.074
73846.154
109714.286
58625.954
59534.884
60472.441
64000.0
64537.815
106666.667
59076.923
57313.433
62950.82
65084.746
84395.604
60000.0
61440.0
65641.026
64000.0
64000.0
79175.258
59076.923
65084.746
65641.026
61440.0
66206.897
62950.82
65084.746
65084.746
62439.024
65641.026
78367.347
61440.0
63471.074
68571.429
76800.0
65641.026
66206.897
65641.026
67368.421
69818.182
63471.074
65084.746
69189.189
65641.026
66206.897
68571.429
62439.024
75294.118
61935.484
65641.026
61440.0
64000.0
