58625.954
59076.923
56888.889
59076.923
59076.923
58181.818
57744.361
58625.954
59076.923
57313.433
58181.818
59534.884
59534.884
58625.954
58181.818
59534.884
59534.884
57744.361
58625.954
59076.923
57744.361
57744.361
59076.923
60000.0
58625.954
59076.923
59534.884
59076.923
59076.923
60000.0
59076.923
58625.954
58625.954
59534.884
59076.923
58181.818
59534.884
59076.923
58625.954
58625.954
59076.923
58181.818
58625.954
59534.884
59076.923
59076.923
58625.954
59534.884
59076.923
57744.361
58625.954
60000.0
58181.818
59076.923
59076.923
59534.884
58625.954
60000.0
60000.0
59076.923
59534.884
60952.381
59076.923
59076.923
59076.923
60000.0
58181.818
58625.954
59534.884
58625.954
58625.954
59076.923
59534.884
58625.954
59534.884
59534.884
59534.884
58181.818
59076.923
59534.884
58625.954
58625.954
59076.923
58625.954
57313.433
57744.361
58181.818
58625.954
59076.923
59076.923
60000.0
60472.441
59534.884
60000.0
60472.441
61935.484
58625.954
59076.923
60952.381
59076.923
58181.818
59076.923
59076.923
58181.818
57313.433
58625.954
57313.433
57313.433
58181.818
57744.361
56888.889
56470.588
57744.361
55652.174
56470.588
56888.889
56888.889
57744.361
57313.433
57313.433
56888.889
57744.361
58625.954
58625.954
58625.954
59534.884
58625.954
56888.889
59534.884
59534.884
58181.818
58625.954
60000.0
58625.954
59076.923
59076.923
58625.954
56888.889
56888.889
57744.361
56888.889
56058.394
56470.588
56888.889
56470.588
56888.889
55652.174
54857.143
55652.174
56058.394
55251.799
55652.174
56058.394
56470.588
56888.889
56888.889
57313.433
58181.818
57744.361
57313.433
59076.923
58625.954
57744.361
57313.433
58625.954
59076.923
57313.433
59076.923
58625.954
58181.818
57744.361
57744.361
58625.954
57313.433
58181.818
58181.818
56058.394
58181.818
60000.0
58625.954
59076.923
60472.441
59534.884
58625.954
60000.0
58625.954
58181.818
59534.884
59076.923
58181.818
59076.923
59076.923
58181.818
58181.818
58625.954
58181.818
58181.818
59534.884
59534.884
59076.923
59534.884
59076.923
58625.954
57744.361
59076.923
59076.923
57744.361
58625.954
60000.0
59534.884
60000.0
58625.954
59534.884
60000.0
58625.954
57744.361
58625.954
58625.954
57313.433
57313.433
59076.923
59534.884
57744.361
58181.818
59534.884
57744.361
57313.433
59076.923
58625.954
56888.889
56888.889
59076.923
57744.361
58181.818
59076.923
59534.884
58181.818
59534.884
59534.884
58625.954
58625.954
58625.954
60000.0
56470.588
58181.818
60952.381
59076.923
58625.954
60000.0
59534.884
56888.889
58625.954
58625.954
58181.818
58181.818
59534.884
58181.818
57744.361
58181.818
58625.954
56470.588
56888.889
58625.954
57313.433
56058.394
58181.818
57744.361
56888.889
57313.433
58625.954
58181.818
56888.889
58181.818
57744.361
56888.889
56888.889
57744.361
57313.433
56888.889
57313.433
56888.889
57744.361
56470.588
57313.433
59534.884
60000.0
59534.884
57744.361
60472.441
58625.954
58625.954
60000.0
60000.0
56888.889
58181.818
59534.884
59076.923
58181.818
59076.923
59076.923
56888.889
56058.394
56888.889
58181.818
56058.394
56058.394
56888.889
59534.884
58181.818
58181.818
58625.954
60000.0
59076.923
58181.818
60472.441
60472.441
60000.0
59076.923
64000.0
58181.818
58181.818
57744.361
60000.0
59076.923
57313.433
59076.923
57744.361
55652.174
57313.433
57313.433
56888.889
56470.588
57313.433
57744.361
56888.889
58181.818
57744.361
56470.588
58625.954
58625.954
57744.361
57744.361
58181.818
57313.433
58181.818
57313.433
57744.361
57744.361
57313.433
56888.889
58181.818
58625.954
57744.361
57744.361
60000.0
59076.923
57744.361
57313.433
59076.923
59076.923
58625.954
59076.923
59534.884
61440.0
59534.884
58181.818
60952.381
60000.0
56058.394
57744.361
60952.381
56058.394
56888.889
58181.818
56470.588
54857.143
56058.394
56888.889
55652.174
56058.394
57313.433
56470.588
54857.143
56058.394
55251.799
56058.394
56058.394
55652.174
55652.174
55652.174
56058.394
56888.889
56470.588
56470.588
56058.394
57313.433
56470.588
57313.433
56888.889
57744.361
55652.174
56470.588
58625.954
57313.433
56470.588
57744.361
57313.433
55652.174
55251.799
56888.889
56058.394
52965.517
58181.818
57744.361
56058.394
55652.174
78367.347
47116.564
54084.507
56470.588
57313.433
57744.361
57313.433
58625.954
59076.923
57744.361
58181.818
59534.884
58181.818
57744.361
57313.433
57313.433
58181.818
56470.588
57313.433
57744.361
57744.361
57313.433
57313.433
57313.433
59076.923
59076.923
58181.818
58181.818
59534.884
59076.923
57744.361
59534.884
59534.884
71111.111
48607.595
58181.818
57313.433
56470.588
57744.361
56470.588
55652.174
56470.588
57744.361
55652.174
56888.889
56470.588
56058.394
55652.174
54468.085
54857.143
55652.174
56058.394
56888.889
56888.889
55652.174
56470.588
56888.889
56888.889
57744.361
58625.954
57313.433
57744.361
58625.954
58625.954
56058.394
58181.818
57744.361
54468.085
56470.588
55652.174
55251.799
55652.174
56470.588
54857.143
55652.174
56888.889
55251.799
54468.085
54857.143
55251.799
56470.588
55251.799
56470.588
57313.433
55251.799
55251.799
56058.394
56058.394
56058.394
56058.394
57313.433
56058.394
56888.889
58181.818
57744.361
55251.799
55652.174
57313.433
56058.394
56470.588
56058.394
54084.507
55251.799
55652.174
56470.588
55652.174
55652.174
56888.889
57313.433
56058.394
57313.433
58625.954
57744.361
56888.889
88275.862
50526.316
56470.588
57313.433
59076.923
59534.884
56888.889
58181.818
58625.954
57744.361
57313.433
57744.361
59076.923
57744.361
59076.923
59534.884
57313.433
59076.923
59076.923
57313.433
56888.889
56888.889
55652.174
56470.588
55652.174
56888.889
55652.174
56888.889
57313.433
56888.889
56888.889
56888.889
57744.361
57313.433
56058.394
56888.889
56470.588
55251.799
54084.507
54468.085
55652.174
54468.085
54857.143
54084.507
55652.174
55652.174
53333.333
54857.143
55652.174
55251.799
52602.74
54857.143
56058.394
53706.294
54857.143
56058.394
55251.799
54857.143
56058.394
54857.143
54468.085
55251.799
56058.394
54857.143
55251.799
55251.799
56470.588
55652.174
56058.394
56888.889
56470.588
56470.588
55251.799
55652.174
56058.394
56470.588
75294.118
47116.564
55251.799
54857.143
54468.085
56470.588
57313.433
55251.799
55251.799
57744.361
57744.361
54857.143
58625.954
56470.588
55652.174
58181.818
56888.889
54084.507
55652.174
57744.361
57313.433
54468.085
56470.588
57313.433
54857.143
54857.143
56058.394
55652.174
54857.143
56470.588
56058.394
54084.507
53706.294
55652.174
54468.085
53706.294
54468.085
54468.085
54084.507
56058.394
55251.799
55251.799
55251.799
55251.799
56470.588
54084.507
54468.085
55251.799
56058.394
56470.588
54857.143
55251.799
54857.143
55251.799
53706.294
54468.085
54468.085
54084.507
54857.143
53706.294
54857.143
55251.799
55251.799
55652.174
57313.433
57313.433
58181.818
59534.884
60952.381
62439.024
62439.024
60472.441
60952.381
62439.024
60952.381
59534.884
58625.954
60000.0
58181.818
56470.588
58181.818
57313.433
56470.588
56470.588
57313.433
56470.588
56058.394
58181.818
56888.889
56470.588
56888.889
57313.433
57744.361
56888.889
56470.588
55652.174
55652.174
54857.143
55652.174
55251.799
55652.174
55652.174
55652.174
56058.394
56888.889
58625.954
57313.433
57313.433
58625.954
59076.923
56470.588
56888.889
59076.923
57313.433
57744.361
57744.361
58625.954
56058.394
56888.889
58625.954
56470.588
56058.394
57744.361
57744.361
56058.394
57744.361
56470.588
56470.588
56058.394
56888.889
55652.174
54857.143
55251.799
55652.174
56470.588
57744.361
56058.394
56888.889
56470.588
57744.361
56470.588
56888.889
59076.923
58181.818
56888.889
57313.433
58625.954
55652.174
57313.433
58181.818
54468.085
56058.394
56058.394
54084.507
54468.085
56470.588
53706.294
54857.143
56888.889
55251.799
54857.143
55251.799
54857.143
56058.394
57313.433
55251.799
55652.174
56470.588
57313.433
55652.174
55652.174
58181.818
56470.588
54857.143
56470.588
57313.433
55251.799
56470.588
56470.588
54084.507
54468.085
56888.889
55251.799
54468.085
54857.143
56470.588
53706.294
54468.085
54857.143
56058.394
54084.507
54468.085
56888.889
56470.588
54857.143
56470.588
57313.433
54468.085
55251.799
56470.588
54857.143
53706.294
57313.433
56470.588
53706.294
56058.394
56058.394
52244.898
55652.174
55652.174
52602.74
55251.799
54468.085
52602.74
54857.143
54857.143
54084.507
55251.799
56470.588
55652.174
55652.174
57313.433
58625.954
54468.085
56470.588
57744.361
56888.889
56470.588
58625.954
57313.433
55652.174
58181.818
57313.433
55652.174
57744.361
56470.588
54468.085
55652.174
57313.433
54468.085
55652.174
56470.588
54468.085
53706.294
56058.394
55652.174
54468.085
53333.333
54084.507
55652.174
56058.394
54857.143
54084.507
56470.588
55652.174
54857.143
54468.085
56058.394
55652.174
55251.799
57744.361
58625.954
57313.433
56470.588
59076.923
57744.361
54084.507
57313.433
56470.588
53706.294
56470.588
71111.111
48000.0
53333.333
58625.954
57313.433
55251.799
59076.923
58181.818
57313.433
60000.0
56888.889
55251.799
56888.889
55652.174
55251.799
54857.143
56058.394
53333.333
52965.517
53333.333
54084.507
54084.507
53706.294
55251.799
54084.507
55251.799
55652.174
54857.143
56058.394
55251.799
55251.799
55652.174
56470.588
55251.799
54857.143
54857.143
56888.889
57313.433
55652.174
56058.394
57744.361
56470.588
54468.085
55652.174
56058.394
54468.085
56470.588
56058.394
52244.898
52602.74
56058.394
53333.333
54468.085
56888.889
54857.143
52244.898
52965.517
55251.799
53706.294
54468.085
53706.294
53706.294
55652.174
54857.143
54857.143
55652.174
56058.394
53706.294
54084.507
54084.507
55652.174
54468.085
55251.799
56888.889
55251.799
54468.085
55652.174
56888.889
54857.143
54857.143
56470.588
54084.507
53706.294
56470.588
55251.799
52602.74
56470.588
56888.889
54084.507
56888.889
57313.433
56058.394
58181.818
56470.588
57313.433
58181.818
55251.799
56058.394
56058.394
51891.892
53706.294
53333.333
52602.74
53333.333
53706.294
52244.898
52965.517
52602.74
53333.333
53706.294
54857.143
54468.085
55652.174
55652.174
55251.799
55251.799
56888.889
55652.174
56470.588
57744.361
56058.394
56470.588
57313.433
58181.818
56058.394
54084.507
55251.799
55251.799
51200.0
52602.74
54468.085
52965.517
52602.74
53706.294
55251.799
55652.174
54468.085
55251.799
56470.588
55652.174
54857.143
56058.394
54857.143
53706.294
55652.174
55652.174
53333.333
53706.294
54468.085
54468.085
54084.507
66782.609
48607.595
54084.507
54084.507
56058.394
56888.889
55251.799
55652.174
56888.889
55251.799
54468.085
56058.394
57313.433
54084.507
54468.085
56470.588
56470.588
54084.507
56058.394
56470.588
53706.294
54857.143
55652.174
56058.394
54084.507
56470.588
55251.799
54468.085
56470.588
53706.294
55251.799
56058.394
52965.517
53706.294
54857.143
50860.927
52602.74
53706.294
51891.892
51891.892
54084.507
50526.316
51200.0
51891.892
52602.74
52965.517
52602.74
52965.517
54084.507
52965.517
54468.085
55251.799
54857.143
56058.394
55652.174
56058.394
56058.394
57313.433
54468.085
53706.294
55251.799
56058.394
53333.333
51543.624
55251.799
54857.143
54084.507
55652.174
56470.588
54468.085
57744.361
56470.588
54857.143
57744.361
58181.818
54857.143
56058.394
57744.361
54468.085
56058.394
57313.433
54084.507
54468.085
56470.588
53706.294
53333.333
55652.174
54468.085
53333.333
53706.294
54857.143
53333.333
53333.333
51891.892
52244.898
54084.507
53333.333
53706.294
54084.507
54468.085
54857.143
54468.085
55251.799
54468.085
54857.143
53333.333
53706.294
54084.507
55251.799
54084.507
54084.507
55251.799
54857.143
54468.085
56470.588
56058.394
54468.085
55652.174
56470.588
55251.799
53333.333
55251.799
54468.085
54084.507
55652.174
55652.174
54084.507
55652.174
55251.799
57313.433
54468.085
56470.588
57744.361
54084.507
57744.361
57744.361
56058.394
58181.818
55652.174
56470.588
59534.884
58625.954
56888.889
56058.394
56470.588
53706.294
52965.517
52244.898
56470.588
50196.078
53333.333
52602.74
52965.517
52965.517
52965.517
52965.517
54084.507
54084.507
54084.507
54084.507
54084.507
54468.085
53333.333
54857.143
79175.258
45443.787
52244.898
53706.294
53706.294
67964.602
39183.673
49548.387
50196.078
55251.799
56058.394
56058.394
55652.174
57744.361
56888.889
54084.507
56470.588
56058.394
53706.294
53706.294
56888.889
55251.799
54468.085
56058.394
56470.588
52244.898
51891.892
55251.799
51543.624
54468.085
56470.588
55251.799
55251.799
56888.889
58181.818
55652.174
59076.923
59076.923
56470.588
58625.954
57744.361
56058.394
58625.954
56058.394
55251.799
56888.889
54857.143
53706.294
54857.143
53706.294
50526.316
49548.387
49870.13
51200.0
51891.892
49548.387
51891.892
52602.74
52602.74
53333.333
53333.333
53706.294
54468.085
54084.507
54857.143
53706.294
54468.085
54468.085
54468.085
52965.517
54468.085
54857.143
54857.143
52602.74
54084.507
54857.143
55652.174
52602.74
54084.507
55652.174
54857.143
53706.294
56888.889
57744.361
54857.143
54857.143
56470.588
53333.333
54084.507
55652.174
55251.799
54084.507
56888.889
53333.333
53333.333
54857.143
55251.799
53333.333
52965.517
56058.394
52244.898
52965.517
77575.758
44393.064
52602.74
52965.517
53706.294
54468.085
53333.333
54084.507
53706.294
54468.085
52965.517
61935.484
47407.407
54084.507
54468.085
54084.507
56888.889
56470.588
54857.143
54468.085
56058.394
56058.394
54468.085
56058.394
56058.394
55251.799
56470.588
56888.889
55251.799
57313.433
58625.954
57313.433
57744.361
60000.0
55652.174
56888.889
59076.923
55652.174
56058.394
57744.361
54857.143
54084.507
54857.143
54857.143
52602.74
51891.892
55251.799
52244.898
51891.892
52244.898
51891.892
53333.333
53333.333
53706.294
54468.085
54084.507
54468.085
54084.507
53706.294
53333.333
54084.507
54084.507
55251.799
54857.143
55251.799
56470.588
57744.361
56058.394
55251.799
56058.394
56058.394
54468.085
53333.333
56058.394
55251.799
54857.143
56058.394
55251.799
53333.333
54084.507
54857.143
52602.74
54084.507
55652.174
54468.085
53706.294
55251.799
61935.484
48917.197
54468.085
56888.889
55251.799
55251.799
58625.954
60952.381
56888.889
57744.361
59534.884
56470.588
59534.884
58181.818
57313.433
59076.923
56888.889
56888.889
58625.954
53706.294
66206.897
46545.455
52244.898
52965.517
54468.085
54468.085
54468.085
54857.143
54468.085
54857.143
54084.507
54084.507
54084.507
53706.294
52965.517
52602.74
53333.333
53333.333
54084.507
54084.507
54468.085
54857.143
56058.394
56058.394
56058.394
55251.799
57744.361
55251.799
56470.588
57313.433
56058.394
56470.588
56888.889
55251.799
56888.889
56470.588
55251.799
55652.174
57313.433
56058.394
55652.174
56888.889
56058.394
56058.394
58181.818
54468.085
54084.507
56888.889
54084.507
57744.361
58625.954
56058.394
59534.884
56470.588
56058.394
59534.884
56470.588
56470.588
58181.818
56058.394
56058.394
57313.433
56058.394
55251.799
57313.433
55251.799
54468.085
56470.588
56888.889
55652.174
67964.602
47407.407
52602.74
54857.143
54468.085
54857.143
54084.507
54084.507
53706.294
53706.294
52965.517
52602.74
51891.892
54857.143
54857.143
53333.333
53706.294
55652.174
56470.588
54084.507
56058.394
57313.433
54857.143
56058.394
56470.588
54468.085
54084.507
56470.588
55251.799
53706.294
55652.174
55652.174
52965.517
54468.085
55652.174
53706.294
54084.507
56888.889
53333.333
53706.294
54857.143
53333.333
56470.588
56888.889
55652.174
59076.923
59076.923
56058.394
58625.954
55652.174
55652.174
57313.433
54084.507
54084.507
55652.174
52965.517
53333.333
55652.174
54468.085
53333.333
54084.507
64000.0
47116.564
52602.74
53333.333
53706.294
52602.74
52244.898
52244.898
52244.898
52602.74
52602.74
52244.898
52244.898
53706.294
54468.085
53706.294
54084.507
55652.174
55251.799
56058.394
57313.433
57313.433
56058.394
57744.361
80842.105
46545.455
54857.143
56888.889
56470.588
56058.394
57313.433
57313.433
55251.799
55652.174
56470.588
55251.799
54857.143
56888.889
57313.433
54857.143
56888.889
57744.361
55652.174
59534.884
56058.394
55652.174
57744.361
53706.294
53333.333
54857.143
52965.517
51891.892
53706.294
52244.898
54084.507
52602.74
52244.898
52965.517
53706.294
52965.517
52965.517
53333.333
53706.294
53333.333
54084.507
54468.085
54084.507
55251.799
56058.394
55251.799
54857.143
56058.394
54468.085
55251.799
56470.588
55652.174
55251.799
56058.394
56470.588
55652.174
57313.433
57313.433
56058.394
56058.394
57313.433
56058.394
54468.085
56470.588
56058.394
54084.507
54084.507
55652.174
53706.294
54468.085
56888.889
54084.507
53333.333
56058.394
54857.143
53333.333
56470.588
56470.588
55251.799
56888.889
57744.361
55251.799
59076.923
57313.433
55251.799
58181.818
54857.143
56470.588
57744.361
54468.085
56888.889
55251.799
52965.517
54468.085
54857.143
52602.74
52244.898
53706.294
52244.898
52244.898
52602.74
53706.294
54084.507
53333.333
54857.143
54084.507
54084.507
54084.507
54468.085
55251.799
55251.799
56470.588
56470.588
56470.588
56058.394
56470.588
56888.889
56058.394
54857.143
55652.174
56058.394
55652.174
55652.174
56470.588
56888.889
55652.174
56470.588
