57313.433
56888.889
55251.799
56470.588
55652.174
57313.433
56470.588
55251.799
58181.818
55251.799
55652.174
55652.174
58181.818
57313.433
57313.433
61440.0
59534.884
59534.884
58625.954
61440.0
59534.884
60000.0
60952.381
61440.0
60952.381
60472.441
60472.441
60472.441
58625.954
57313.433
56470.588
54857.143
56888.889
53706.294
53706.294
54857.143
53333.333
53706.294
53706.294
56470.588
54857.143
55652.174
56470.588
59534.884
59534.884
59534.884
61935.484
62950.82
64537.815
63471.074
123870.968
142222.222
80842.105
320000.0
90352.941
295384.615
69818.182
68571.429
202105.263
116363.636
71111.111
71775.701
71775.701
69818.182
71775.701
73846.154
71111.111
68571.429
71111.111
71111.111
70458.716
68571.429
69818.182
70458.716
67964.602
66782.609
66782.609
66782.609
64000.0
64000.0
65641.026
64537.815
62439.024
63471.074
64000.0
61935.484
61440.0
61440.0
60952.381
59534.884
59534.884
59534.884
58181.818
58625.954
56888.889
56470.588
56470.588
56058.394
56470.588
56058.394
56888.889
56470.588
56470.588
56058.394
56058.394
55652.174
55652.174
56058.394
56058.394
56470.588
56470.588
55652.174
57313.433
58181.818
57313.433
57313.433
57744.361
58181.818
59076.923
59076.923
60952.381
62439.024
65084.746
62950.82
64000.0
66206.897
65641.026
63471.074
66206.897
65084.746
64000.0
64000.0
64537.815
61935.484
62439.024
63471.074
62950.82
60472.441
60472.441
61440.0
59534.884
57313.433
56888.889
57313.433
57313.433
54084.507
54857.143
54857.143
54857.143
55652.174
54468.085
54468.085
54857.143
55251.799
55251.799
55251.799
54857.143
55652.174
56470.588
56470.588
55251.799
56058.394
56888.889
56470.588
56470.588
57313.433
56470.588
56058.394
55652.174
57313.433
54857.143
56888.889
56470.588
56470.588
54084.507
55652.174
56470.588
55652.174
55251.799
56888.889
57744.361
55251.799
56058.394
57313.433
54084.507
54468.085
56058.394
56470.588
54084.507
54468.085
56888.889
55652.174
55251.799
56058.394
56470.588
55652.174
56058.394
57744.361
58625.954
58181.818
59076.923
57744.361
57313.433
57744.361
56888.889
55652.174
55652.174
55251.799
55251.799
54857.143
56058.394
56058.394
56058.394
56470.588
56470.588
56058.394
55652.174
54857.143
53333.333
55652.174
56470.588
55251.799
55251.799
55652.174
55652.174
54857.143
54084.507
56470.588
54084.507
55251.799
56470.588
55251.799
55652.174
55652.174
56470.588
55251.799
55652.174
56058.394
55251.799
54857.143
55251.799
55251.799
54857.143
55652.174
54857.143
55251.799
56470.588
57313.433
56058.394
56470.588
55652.174
53706.294
54857.143
55251.799
53333.333
53706.294
55251.799
53333.333
53333.333
53706.294
55251.799
54468.085
55251.799
54857.143
53333.333
53706.294
54084.507
52602.74
51891.892
53706.294
53706.294
53706.294
54857.143
54084.507
53706.294
54084.507
54857.143
54084.507
54857.143
55652.174
54857.143
54468.085
56470.588
54468.085
55251.799
56470.588
54857.143
55251.799
56470.588
55251.799
53333.333
55652.174
55251.799
53706.294
54468.085
55251.799
54084.507
54084.507
54857.143
52965.517
54084.507
55251.799
53333.333
54468.085
55251.799
54857.143
54084.507
54468.085
60472.441
49548.387
54084.507
54468.085
54468.085
54084.507
54857.143
54468.085
54084.507
54857.143
54857.143
55652.174
56058.394
55251.799
55652.174
56470.588
55251.799
55251.799
55652.174
54857.143
54084.507
55251.799
54084.507
53706.294
54857.143
55251.799
54084.507
55251.799
55652.174
55251.799
56470.588
58181.818
56470.588
56888.889
58625.954
58181.818
57313.433
57313.433
57744.361
55652.174
53706.294
53706.294
54857.143
51891.892
52244.898
52965.517
52965.517
50860.927
52244.898
54084.507
52602.74
51543.624
53333.333
54857.143
51891.892
52602.74
54857.143
52965.517
52602.74
52965.517
54468.085
53333.333
52965.517
55251.799
54084.507
53706.294
54857.143
54468.085
54468.085
54084.507
55251.799
54468.085
54857.143
55652.174
55652.174
54084.507
54468.085
56058.394
55652.174
54857.143
56470.588
56058.394
53706.294
54468.085
55652.174
54857.143
53333.333
54084.507
55652.174
53333.333
53333.333
54468.085
55652.174
53333.333
54084.507
55652.174
54857.143
52602.74
54084.507
55251.799
52965.517
54084.507
55251.799
54084.507
52244.898
53333.333
54084.507
51891.892
52244.898
54084.507
51891.892
52244.898
54084.507
54084.507
52965.517
54084.507
55251.799
53333.333
53706.294
55251.799
53706.294
52965.517
54468.085
55251.799
53333.333
53706.294
56058.394
53706.294
53706.294
56058.394
54468.085
54468.085
55652.174
55652.174
54084.507
54084.507
54468.085
54084.507
52244.898
53706.294
54857.143
52602.74
53333.333
54857.143
55251.799
52965.517
54857.143
56470.588
52965.517
54857.143
56058.394
54468.085
53706.294
54468.085
54468.085
52965.517
54084.507
54857.143
53333.333
53706.294
54857.143
54857.143
52602.74
54468.085
54468.085
53333.333
52965.517
54468.085
53333.333
52965.517
54468.085
52602.74
53333.333
54857.143
53706.294
53333.333
53706.294
55251.799
53706.294
54084.507
55652.174
54857.143
53333.333
55251.799
56058.394
54857.143
54084.507
55652.174
56058.394
53706.294
54468.085
55652.174
55652.174
52244.898
54857.143
54468.085
52602.74
52965.517
54084.507
53706.294
52244.898
52965.517
53706.294
51891.892
53333.333
54084.507
51543.624
52602.74
53333.333
54084.507
52244.898
52965.517
54084.507
53333.333
51891.892
52965.517
53706.294
54084.507
52602.74
54468.085
53706.294
52965.517
55251.799
54084.507
53706.294
54084.507
54857.143
53333.333
53333.333
56058.394
53333.333
53706.294
54857.143
54468.085
54857.143
52602.74
53333.333
54857.143
53706.294
52244.898
54084.507
54857.143
53333.333
53333.333
55652.174
55251.799
53706.294
54468.085
54857.143
52602.74
52244.898
54084.507
54468.085
51543.624
53333.333
54857.143
54084.507
52965.517
54084.507
54857.143
53706.294
53706.294
55652.174
54857.143
52965.517
53706.294
54857.143
52965.517
53706.294
55652.174
53333.333
53706.294
55251.799
54857.143
54084.507
54468.085
55652.174
53706.294
54468.085
55251.799
54857.143
54468.085
55251.799
53706.294
54468.085
54857.143
54084.507
54468.085
54084.507
53706.294
54857.143
54857.143
51891.892
52965.517
54468.085
53706.294
53333.333
55251.799
55251.799
54084.507
54084.507
56470.588
55652.174
52602.74
54857.143
55251.799
53706.294
53333.333
54084.507
69189.189
94814.815
92530.12
85333.333
80000.0
80842.105
98461.538
86292.135
83478.261
66782.609
75294.118
98461.538
98461.538
84395.604
59076.923
63471.074
73846.154
69189.189
51200.0
66782.609
97215.19
86292.135
46265.06
47407.407
50196.078
49230.769
49870.13
51543.624
50526.316
51543.624
52965.517
51891.892
52965.517
54468.085
54084.507
52602.74
54468.085
54857.143
52965.517
54084.507
56058.394
56888.889
52244.898
54468.085
55652.174
53706.294
54468.085
56470.588
55251.799
55251.799
56470.588
56058.394
55251.799
55652.174
57313.433
56058.394
54468.085
54857.143
56470.588
53706.294
53706.294
53706.294
54468.085
53706.294
52965.517
55652.174
54468.085
54468.085
54468.085
55251.799
53333.333
54468.085
55251.799
52602.74
53706.294
54857.143
53333.333
54084.507
54857.143
55652.174
54857.143
55251.799
57313.433
57744.361
57313.433
57313.433
59534.884
57313.433
56470.588
57313.433
58181.818
56058.394
55251.799
56058.394
56470.588
54468.085
60952.381
51543.624
54084.507
53706.294
56888.889
55251.799
54084.507
54468.085
54468.085
52965.517
53333.333
54468.085
52965.517
51891.892
54084.507
53706.294
52244.898
52965.517
54857.143
53333.333
53333.333
56058.394
54084.507
53706.294
54857.143
54468.085
52965.517
52965.517
54857.143
54084.507
54084.507
54084.507
55251.799
53706.294
54468.085
55251.799
55251.799
54084.507
55251.799
54857.143
53706.294
54468.085
56058.394
54857.143
53706.294
55652.174
55652.174
54468.085
56058.394
57313.433
56470.588
55251.799
56058.394
56058.394
54468.085
54857.143
55652.174
53333.333
54084.507
55652.174
56058.394
54084.507
55251.799
56058.394
54857.143
54857.143
55251.799
56058.394
54084.507
54468.085
55251.799
55251.799
53333.333
54084.507
55652.174
55251.799
54084.507
55251.799
54468.085
54084.507
54857.143
56058.394
54857.143
55251.799
56470.588
56470.588
54857.143
56470.588
56058.394
55251.799
54468.085
56058.394
55251.799
54084.507
54084.507
55251.799
54084.507
54468.085
56470.588
53706.294
53706.294
54084.507
54084.507
52602.74
53333.333
55251.799
53706.294
53706.294
54857.143
55251.799
54468.085
54468.085
55652.174
54468.085
54468.085
54468.085
55652.174
53706.294
54084.507
55652.174
55251.799
53706.294
54084.507
55652.174
55652.174
54857.143
55251.799
55652.174
53706.294
54468.085
56058.394
54857.143
54084.507
55652.174
56058.394
54468.085
54857.143
56058.394
55251.799
54468.085
55251.799
56058.394
54857.143
54857.143
56888.889
56888.889
55652.174
56058.394
56888.889
54468.085
55652.174
56470.588
55251.799
54468.085
54084.507
56058.394
54468.085
54468.085
55251.799
55652.174
55251.799
56058.394
57313.433
55652.174
56470.588
57313.433
55251.799
55652.174
56888.889
56470.588
56058.394
56470.588
56888.889
55251.799
56470.588
57744.361
56888.889
57313.433
58181.818
56888.889
57313.433
58625.954
56058.394
57313.433
56888.889
56058.394
56888.889
58181.818
58181.818
57313.433
59076.923
59534.884
59076.923
59076.923
60472.441
57313.433
58625.954
58181.818
59076.923
58625.954
58625.954
59076.923
57744.361
57313.433
57744.361
57313.433
55251.799
56888.889
56470.588
56888.889
56470.588
56888.889
58181.818
56888.889
57744.361
59076.923
57744.361
58181.818
57744.361
57744.361
55652.174
57313.433
57313.433
56470.588
56888.889
57313.433
57744.361
56058.394
56888.889
58181.818
57313.433
56888.889
57313.433
57313.433
56058.394
57313.433
57313.433
56470.588
56470.588
57313.433
56470.588
54857.143
55652.174
56470.588
54468.085
56888.889
57744.361
56470.588
56888.889
58625.954
56470.588
57744.361
57744.361
58181.818
58625.954
59534.884
60000.0
59534.884
60000.0
60472.441
59534.884
58181.818
57313.433
58181.818
55652.174
56058.394
56058.394
55251.799
53333.333
54084.507
54468.085
54468.085
52965.517
54468.085
56058.394
53333.333
54084.507
54857.143
55652.174
54084.507
54468.085
55652.174
54468.085
54857.143
56058.394
54468.085
55251.799
56058.394
54857.143
55251.799
56470.588
56058.394
56058.394
57313.433
57313.433
56058.394
56888.889
57313.433
56058.394
57313.433
58625.954
57744.361
58181.818
60000.0
59534.884
60000.0
60000.0
59076.923
59076.923
59076.923
59076.923
56470.588
56888.889
57313.433
55652.174
56058.394
56470.588
54468.085
56470.588
57313.433
55652.174
55251.799
56888.889
56888.889
56058.394
57744.361
60472.441
58625.954
59534.884
60472.441
60000.0
57313.433
57313.433
57744.361
56058.394
54857.143
54857.143
55251.799
54857.143
52602.74
53706.294
55251.799
53706.294
52965.517
54857.143
54857.143
53333.333
53706.294
54857.143
53706.294
53706.294
54857.143
56470.588
55652.174
56058.394
56888.889
57744.361
57313.433
56470.588
59076.923
56058.394
57313.433
58625.954
56470.588
57744.361
59076.923
57744.361
56470.588
58181.818
56058.394
55652.174
56058.394
56058.394
54468.085
54468.085
56470.588
54084.507
54857.143
56470.588
57313.433
54468.085
56058.394
58181.818
57313.433
55652.174
56888.889
57744.361
54468.085
55251.799
56470.588
56470.588
54468.085
55251.799
56888.889
55652.174
54857.143
56058.394
56470.588
54084.507
55652.174
57744.361
56058.394
73846.154
47407.407
56888.889
56888.889
56888.889
58625.954
56058.394
56470.588
57744.361
57313.433
56058.394
57313.433
58625.954
55652.174
57313.433
58625.954
57313.433
56058.394
56888.889
56888.889
54857.143
56058.394
56888.889
54468.085
55652.174
57744.361
55652.174
55251.799
57313.433
56888.889
55251.799
56888.889
57744.361
57313.433
55652.174
57313.433
58181.818
55652.174
57313.433
59534.884
57313.433
60472.441
54084.507
58625.954
56470.588
55652.174
57313.433
58181.818
55251.799
54857.143
57313.433
58625.954
56470.588
56058.394
57744.361
57744.361
56470.588
56058.394
58181.818
58181.818
56058.394
57313.433
58181.818
58181.818
56058.394
56470.588
56888.889
56058.394
56470.588
58625.954
57744.361
56888.889
56888.889
56888.889
56058.394
56058.394
56888.889
57313.433
56058.394
56470.588
58181.818
56058.394
55652.174
57313.433
56058.394
54468.085
56888.889
56888.889
54468.085
56888.889
59076.923
58181.818
57313.433
60000.0
60952.381
60000.0
59534.884
60000.0
59076.923
56058.394
56888.889
56470.588
56470.588
54084.507
54084.507
56058.394
54857.143
53706.294
54468.085
56058.394
53333.333
52965.517
54468.085
54857.143
52965.517
54857.143
55652.174
54084.507
55652.174
55652.174
56470.588
54468.085
55251.799
56470.588
54468.085
55251.799
56058.394
54857.143
54084.507
55251.799
56058.394
54857.143
54857.143
57744.361
56470.588
56888.889
58181.818
60000.0
58181.818
58625.954
60472.441
59076.923
59076.923
61440.0
58625.954
58181.818
59076.923
58625.954
56470.588
58181.818
60952.381
59076.923
59076.923
59534.884
59534.884
56888.889
57313.433
57744.361
56888.889
54468.085
54857.143
56058.394
54468.085
53706.294
54084.507
55251.799
52602.74
53706.294
54084.507
54857.143
53333.333
54084.507
54857.143
54857.143
53706.294
54468.085
55652.174
54468.085
54857.143
54857.143
55251.799
53333.333
54468.085
54857.143
53706.294
54857.143
55251.799
54468.085
55251.799
55652.174
55251.799
55652.174
56888.889
55652.174
55251.799
55652.174
56470.588
55251.799
56058.394
56888.889
56058.394
56058.394
56888.889
56470.588
55251.799
55652.174
53333.333
55652.174
56058.394
54857.143
53706.294
55652.174
56058.394
53333.333
55251.799
56888.889
56058.394
54468.085
55652.174
56470.588
53333.333
54084.507
56470.588
54857.143
55251.799
56470.588
57744.361
58181.818
54084.507
56058.394
56058.394
81702.128
112941.176
55652.174
47701.863
51200.0
49548.387
50196.078
52602.74
50526.316
51543.624
54857.143
54468.085
53706.294
54084.507
54857.143
53333.333
53706.294
54857.143
55652.174
54084.507
53706.294
55251.799
54857.143
54468.085
55652.174
54084.507
54468.085
56058.394
54084.507
54468.085
55652.174
54084.507
55251.799
56470.588
55652.174
54857.143
56058.394
57313.433
54084.507
55652.174
58181.818
58625.954
58625.954
57313.433
56058.394
59076.923
56888.889
56888.889
56888.889
56888.889
55652.174
53333.333
54084.507
56470.588
53706.294
53333.333
54468.085
55251.799
52244.898
53333.333
54468.085
54468.085
52965.517
54084.507
54084.507
54857.143
53706.294
54468.085
54857.143
53706.294
53706.294
54857.143
52965.517
53333.333
54857.143
54468.085
52965.517
54468.085
54857.143
53333.333
54468.085
56058.394
54468.085
55251.799
56470.588
56470.588
55652.174
56470.588
56470.588
56470.588
56888.889
57313.433
56888.889
58181.818
58625.954
58625.954
57313.433
57313.433
58625.954
57313.433
57744.361
56888.889
59076.923
56058.394
55251.799
56888.889
55652.174
53706.294
53333.333
54084.507
51543.624
51543.624
52965.517
52965.517
52602.74
52965.517
55251.799
52965.517
53706.294
56058.394
54468.085
54857.143
56470.588
55652.174
55251.799
56058.394
56058.394
54468.085
55251.799
56058.394
55251.799
56470.588
56888.889
56470.588
57313.433
56888.889
55652.174
57313.433
56888.889
55652.174
56888.889
56470.588
55251.799
56058.394
57313.433
55652.174
56058.394
57744.361
56470.588
53706.294
56058.394
56470.588
54084.507
53706.294
55251.799
55652.174
52965.517
55251.799
56470.588
54084.507
54857.143
56888.889
56470.588
54468.085
54468.085
56058.394
54084.507
54468.085
53706.294
55652.174
52602.74
52602.74
54468.085
53706.294
52965.517
53706.294
55652.174
53706.294
53706.294
93658.537
45443.787
50196.078
51891.892
52965.517
54084.507
54857.143
55652.174
55251.799
55652.174
56058.394
56058.394
55652.174
56058.394
56058.394
55652.174
56058.394
56888.889
56888.889
56058.394
56888.889
56470.588
56470.588
58181.818
56470.588
56470.588
57744.361
55251.799
56888.889
57744.361
59076.923
57744.361
59534.884
60952.381
58181.818
59076.923
59534.884
58625.954
57744.361
58625.954
58181.818
57313.433
54857.143
55251.799
56470.588
53333.333
52965.517
53706.294
52602.74
51200.0
50526.316
53333.333
51543.624
51543.624
54084.507
52602.74
53333.333
54468.085
54857.143
55251.799
56058.394
55652.174
56470.588
57744.361
56058.394
56888.889
57744.361
54857.143
55652.174
56470.588
56470.588
55251.799
55251.799
57313.433
55251.799
56470.588
58181.818
56058.394
55251.799
58181.818
57313.433
55652.174
55652.174
58181.818
54084.507
55652.174
56888.889
56888.889
54468.085
54468.085
56888.889
56058.394
54857.143
54468.085
56888.889
53333.333
54857.143
56058.394
56888.889
54468.085
55652.174
57313.433
55652.174
54857.143
55652.174
56888.889
54468.085
54084.507
56470.588
54468.085
53706.294
55251.799
55251.799
53706.294
55251.799
57313.433
54857.143
54857.143
56058.394
56888.889
54857.143
56058.394
58625.954
56058.394
57313.433
59076.923
58181.818
58625.954
58625.954
57313.433
56888.889
58625.954
57744.361
56058.394
56888.889
58625.954
57744.361
55652.174
56888.889
57744.361
54857.143
56058.394
57744.361
56470.588
56058.394
56058.394
57744.361
54857.143
54857.143
57744.361
56470.588
53333.333
55652.174
57313.433
54468.085
56058.394
57744.361
56470.588
54857.143
