128000.0
137142.857
137142.857
125901.639
118153.846
128000.0
128000.0
130169.492
156734.694
105205.479
153600.0
114626.866
147692.308
134736.842
132413.793
142222.222
123870.968
144905.66
142222.222
142222.222
144905.66
142222.222
137142.857
139636.364
139636.364
137142.857
130169.492
144905.66
134736.842
139636.364
130169.492
139636.364
137142.857
132413.793
139636.364
139636.364
130169.492
132413.793
156734.694
128000.0
137142.857
137142.857
142222.222
139636.364
132413.793
130169.492
137142.857
144905.66
137142.857
125901.639
134736.842
142222.222
137142.857
137142.857
134736.842
160000.0
106666.667
137142.857
139636.364
139636.364
142222.222
137142.857
132413.793
134736.842
144905.66
137142.857
121904.762
132413.793
163404.255
118153.846
139636.364
139636.364
132413.793
125901.639
123870.968
153600.0
134736.842
139636.364
137142.857
137142.857
132413.793
139636.364
139636.364
130169.492
123870.968
166956.522
101052.632
163404.255
93658.537
147692.308
134736.842
144905.66
144905.66
139636.364
128000.0
142222.222
142222.222
132413.793
132413.793
142222.222
160000.0
116363.636
142222.222
137142.857
128000.0
139636.364
142222.222
130169.492
137142.857
144905.66
123870.968
125901.639
163404.255
120000.0
137142.857
125901.639
130169.492
142222.222
139636.364
139636.364
139636.364
137142.857
130169.492
137142.857
139636.364
128000.0
132413.793
144905.66
132413.793
118153.846
132413.793
120000.0
97215.19
139636.364
160000.0
207567.568
187317.073
192000.0
196923.077
207567.568
130169.492
116363.636
111304.348
120000.0
128000.0
142222.222
130169.492
130169.492
153600.0
118153.846
142222.222
144905.66
137142.857
128000.0
137142.857
139636.364
134736.842
137142.857
137142.857
130169.492
125901.639
134736.842
163404.255
114626.866
139636.364
137142.857
132413.793
123870.968
150588.235
125901.639
134736.842
134736.842
139636.364
132413.793
132413.793
139636.364
139636.364
130169.492
130169.492
137142.857
139636.364
123870.968
137142.857
187317.073
384000.0
139636.364
147692.308
120000.0
139636.364
132413.793
134736.842
144905.66
128000.0
132413.793
174545.455
698181.818
139636.364
128000.0
123870.968
103783.784
118153.846
120000.0
130169.492
256000.0
307200.0
125901.639
112941.176
123870.968
144905.66
142222.222
142222.222
139636.364
134736.842
139636.364
1536000.0
132413.793
142222.222
134736.842
125901.639
163404.255
121904.762
137142.857
134736.842
137142.857
132413.793
134736.842
142222.222
134736.842
128000.0
139636.364
187317.073
512000.0
130169.492
116363.636
102400.0
116363.636
130169.492
69818.182
134736.842
207567.568
480000.0
139636.364
139636.364
128000.0
137142.857
139636.364
134736.842
139636.364
134736.842
123870.968
130169.492
139636.364
137142.857
134736.842
134736.842
139636.364
128000.0
134736.842
160000.0
120000.0
125901.639
120000.0
109714.286
128000.0
106666.667
132413.793
142222.222
130169.492
137142.857
139636.364
132413.793
123870.968
137142.857
132413.793
125901.639
150588.235
120000.0
128000.0
128000.0
139636.364
132413.793
123870.968
150588.235
120000.0
128000.0
112941.176
99740.26
106666.667
121904.762
137142.857
130169.492
130169.492
134736.842
118153.846
116363.636
123870.968
137142.857
128000.0
130169.492
163404.255
114626.866
130169.492
130169.492
137142.857
121904.762
130169.492
137142.857
130169.492
121904.762
121904.762
125901.639
137142.857
130169.492
130169.492
132413.793
123870.968
130169.492
137142.857
139636.364
118153.846
132413.793
156734.694
109714.286
116363.636
123870.968
139636.364
132413.793
125901.639
150588.235
120000.0
121904.762
125901.639
134736.842
132413.793
121904.762
125901.639
139636.364
132413.793
125901.639
163404.255
111304.348
130169.492
120000.0
134736.842
128000.0
114626.866
96000.0
112941.176
132413.793
137142.857
111304.348
105205.479
112941.176
132413.793
139636.364
118153.846
118153.846
137142.857
139636.364
121904.762
139636.364
147692.308
118153.846
120000.0
97215.19
111304.348
139636.364
160000.0
103783.784
108169.014
147692.308
93658.537
125901.639
139636.364
112941.176
111304.348
120000.0
139636.364
108169.014
150588.235
111304.348
116363.636
178604.651
92530.12
142222.222
130169.492
123870.968
142222.222
137142.857
137142.857
137142.857
134736.842
132413.793
123870.968
132413.793
137142.857
163404.255
118153.846
134736.842
128000.0
120000.0
108169.014
108169.014
123870.968
142222.222
123870.968
114626.866
105205.479
120000.0
118153.846
128000.0
142222.222
130169.492
137142.857
139636.364
139636.364
134736.842
142222.222
128000.0
120000.0
102400.0
111304.348
123870.968
137142.857
137142.857
121904.762
105205.479
116363.636
128000.0
139636.364
134736.842
132413.793
139636.364
134736.842
130169.492
137142.857
182857.143
99740.26
134736.842
91428.571
111304.348
123870.968
137142.857
132413.793
123870.968
134736.842
139636.364
132413.793
128000.0
142222.222
123870.968
125901.639
134736.842
139636.364
128000.0
130169.492
150588.235
123870.968
125901.639
139636.364
134736.842
121904.762
132413.793
139636.364
120000.0
121904.762
137142.857
137142.857
123870.968
132413.793
134736.842
132413.793
125901.639
163404.255
116363.636
121904.762
132413.793
139636.364
132413.793
134736.842
130169.492
125901.639
137142.857
132413.793
114626.866
128000.0
156734.694
109714.286
134736.842
134736.842
125901.639
128000.0
163404.255
116363.636
125901.639
132413.793
134736.842
128000.0
130169.492
147692.308
118153.846
114626.866
105205.479
120000.0
134736.842
123870.968
114626.866
134736.842
92530.12
121904.762
142222.222
144905.66
134736.842
134736.842
128000.0
130169.492
137142.857
132413.793
118153.846
144905.66
125901.639
123870.968
130169.492
139636.364
128000.0
116363.636
123870.968
96000.0
123870.968
142222.222
123870.968
128000.0
163404.255
116363.636
142222.222
125901.639
132413.793
121904.762
123870.968
137142.857
134736.842
130169.492
132413.793
125901.639
114626.866
101052.632
111304.348
123870.968
142222.222
125901.639
132413.793
137142.857
130169.492
132413.793
137142.857
128000.0
121904.762
128000.0
160000.0
112941.176
114626.866
101052.632
116363.636
139636.364
125901.639
111304.348
105205.479
112941.176
121904.762
142222.222
137142.857
116363.636
106666.667
132413.793
142222.222
120000.0
125901.639
153600.0
123870.968
120000.0
111304.348
139636.364
139636.364
125901.639
125901.639
139636.364
134736.842
128000.0
153600.0
116363.636
128000.0
125901.639
137142.857
137142.857
123870.968
142222.222
123870.968
134736.842
132413.793
130169.492
134736.842
116363.636
128000.0
134736.842
130169.492
125901.639
160000.0
118153.846
118153.846
128000.0
139636.364
132413.793
128000.0
144905.66
123870.968
132413.793
130169.492
132413.793
118153.846
130169.492
139636.364
123870.968
130169.492
160000.0
114626.866
114626.866
102400.0
109714.286
121904.762
139636.364
132413.793
128000.0
134736.842
137142.857
132413.793
134736.842
121904.762
121904.762
137142.857
134736.842
130169.492
142222.222
123870.968
123870.968
130169.492
134736.842
130169.492
112941.176
99740.26
109714.286
123870.968
139636.364
121904.762
130169.492
163404.255
109714.286
130169.492
132413.793
120000.0
123870.968
139636.364
132413.793
121904.762
125901.639
134736.842
130169.492
123870.968
153600.0
112941.176
130169.492
130169.492
128000.0
114626.866
116363.636
139636.364
132413.793
125901.639
150588.235
114626.866
121904.762
130169.492
139636.364
123870.968
120000.0
121904.762
139636.364
132413.793
132413.793
130169.492
116363.636
114626.866
132413.793
137142.857
134736.842
134736.842
134736.842
121904.762
130169.492
139636.364
128000.0
111304.348
101052.632
116363.636
139636.364
123870.968
123870.968
156734.694
121904.762
125901.639
130169.492
134736.842
123870.968
116363.636
98461.538
112941.176
118153.846
153600.0
116363.636
111304.348
103783.784
114626.866
118153.846
137142.857
139636.364
128000.0
134736.842
137142.857
163404.255
121904.762
130169.492
118153.846
114626.866
101052.632
109714.286
120000.0
137142.857
139636.364
134736.842
132413.793
128000.0
123870.968
132413.793
139636.364
121904.762
120000.0
156734.694
114626.866
134736.842
134736.842
132413.793
121904.762
128000.0
139636.364
123870.968
111304.348
101052.632
112941.176
121904.762
142222.222
118153.846
109714.286
103783.784
118153.846
142222.222
144905.66
142222.222
118153.846
109714.286
103783.784
111304.348
125901.639
137142.857
147692.308
130169.492
132413.793
132413.793
137142.857
137142.857
116363.636
112941.176
98461.538
130169.492
99740.26
134736.842
137142.857
116363.636
144905.66
174545.455
92530.12
109714.286
97215.19
112941.176
139636.364
112941.176
144905.66
137142.857
114626.866
108169.014
130169.492
139636.364
139636.364
139636.364
130169.492
125901.639
137142.857
132413.793
118153.846
156734.694
111304.348
125901.639
109714.286
101052.632
109714.286
125901.639
137142.857
132413.793
134736.842
139636.364
137142.857
128000.0
128000.0
160000.0
101052.632
121904.762
134736.842
137142.857
130169.492
134736.842
134736.842
125901.639
125901.639
134736.842
142222.222
101052.632
144905.66
83478.261
125901.639
144905.66
125901.639
128000.0
153600.0
121904.762
121904.762
120000.0
101052.632
112941.176
128000.0
137142.857
111304.348
102400.0
120000.0
139636.364
116363.636
103783.784
139636.364
94814.815
137142.857
142222.222
132413.793
134736.842
139636.364
108169.014
98461.538
108169.014
121904.762
139636.364
120000.0
114626.866
134736.842
134736.842
125901.639
130169.492
125901.639
121904.762
132413.793
156734.694
99740.26
116363.636
137142.857
128000.0
118153.846
156734.694
77575.758
111304.348
132413.793
128000.0
103783.784
121904.762
142222.222
123870.968
128000.0
156734.694
116363.636
116363.636
130169.492
134736.842
118153.846
125901.639
134736.842
118153.846
118153.846
130169.492
134736.842
134736.842
134736.842
128000.0
114626.866
120000.0
125901.639
137142.857
125901.639
114626.866
121904.762
139636.364
130169.492
132413.793
134736.842
121904.762
118153.846
96000.0
111304.348
118153.846
139636.364
160000.0
103783.784
139636.364
132413.793
120000.0
137142.857
156734.694
108169.014
128000.0
137142.857
125901.639
118153.846
97215.19
128000.0
102400.0
144905.66
125901.639
108169.014
102400.0
114626.866
121904.762
130169.492
139636.364
134736.842
134736.842
130169.492
118153.846
118153.846
144905.66
128000.0
109714.286
97215.19
112941.176
116363.636
137142.857
132413.793
130169.492
137142.857
132413.793
120000.0
134736.842
125901.639
111304.348
97215.19
111304.348
118153.846
121904.762
153600.0
109714.286
125901.639
137142.857
132413.793
125901.639
156734.694
101052.632
128000.0
137142.857
130169.492
112941.176
98461.538
114626.866
130169.492
116363.636
96000.0
118153.846
112941.176
139636.364
121904.762
134736.842
128000.0
128000.0
132413.793
128000.0
130169.492
130169.492
128000.0
130169.492
128000.0
128000.0
125901.639
130169.492
128000.0
128000.0
125901.639
114626.866
109714.286
116363.636
128000.0
118153.846
123870.968
130169.492
130169.492
132413.793
153600.0
105205.479
118153.846
125901.639
156734.694
114626.866
134736.842
134736.842
120000.0
125901.639
137142.857
125901.639
116363.636
121904.762
125901.639
137142.857
150588.235
112941.176
137142.857
125901.639
125901.639
128000.0
160000.0
103783.784
134736.842
134736.842
116363.636
112941.176
96000.0
116363.636
137142.857
128000.0
121904.762
134736.842
137142.857
120000.0
123870.968
139636.364
123870.968
108169.014
97215.19
109714.286
125901.639
139636.364
134736.842
92530.12
132413.793
93658.537
118153.846
137142.857
139636.364
130169.492
130169.492
120000.0
121904.762
130169.492
134736.842
118153.846
118153.846
132413.793
132413.793
125901.639
132413.793
120000.0
150588.235
109714.286
130169.492
144905.66
92530.12
137142.857
123870.968
108169.014
91428.571
121904.762
108169.014
139636.364
108169.014
96000.0
111304.348
139636.364
111304.348
97215.19
130169.492
98461.538
128000.0
111304.348
102400.0
109714.286
111304.348
112941.176
121904.762
102400.0
109714.286
137142.857
114626.866
120000.0
123870.968
134736.842
134736.842
134736.842
120000.0
118153.846
116363.636
139636.364
132413.793
132413.793
125901.639
111304.348
111304.348
134736.842
160000.0
108169.014
130169.492
130169.492
116363.636
111304.348
92530.12
112941.176
121904.762
123870.968
121904.762
105205.479
102400.0
114626.866
114626.866
112941.176
142222.222
130169.492
132413.793
137142.857
137142.857
134736.842
134736.842
120000.0
116363.636
93658.537
108169.014
128000.0
103783.784
112941.176
109714.286
112941.176
116363.636
108169.014
111304.348
111304.348
128000.0
166956.522
89302.326
103783.784
108169.014
130169.492
102400.0
147692.308
134736.842
116363.636
89302.326
112941.176
118153.846
114626.866
142222.222
120000.0
121904.762
120000.0
139636.364
134736.842
130169.492
114626.866
111304.348
91428.571
106666.667
123870.968
137142.857
108169.014
134736.842
182857.143
73142.857
118153.846
112941.176
112941.176
144905.66
118153.846
106666.667
96000.0
109714.286
137142.857
123870.968
106666.667
147692.308
130169.492
120000.0
130169.492
132413.793
125901.639
123870.968
160000.0
106666.667
121904.762
132413.793
121904.762
102400.0
134736.842
80842.105
112941.176
139636.364
109714.286
98461.538
103783.784
109714.286
120000.0
139636.364
111304.348
101052.632
105205.479
116363.636
134736.842
128000.0
130169.492
137142.857
112941.176
90352.941
106666.667
111304.348
137142.857
118153.846
105205.479
116363.636
96000.0
108169.014
116363.636
142222.222
121904.762
128000.0
156734.694
120000.0
132413.793
132413.793
123870.968
112941.176
108169.014
92530.12
118153.846
182857.143
80842.105
139636.364
120000.0
128000.0
160000.0
111304.348
114626.866
114626.866
85333.333
156734.694
116363.636
121904.762
139636.364
130169.492
120000.0
130169.492
130169.492
106666.667
89302.326
106666.667
111304.348
137142.857
153600.0
77575.758
109714.286
139636.364
130169.492
130169.492
132413.793
121904.762
102400.0
134736.842
78367.347
125901.639
118153.846
116363.636
106666.667
91428.571
125901.639
97215.19
106666.667
108169.014
108169.014
108169.014
111304.348
108169.014
109714.286
108169.014
106666.667
163404.255
82580.645
144905.66
103783.784
128000.0
125901.639
128000.0
134736.842
128000.0
114626.866
103783.784
90352.941
108169.014
112941.176
116363.636
153600.0
80842.105
130169.492
91428.571
147692.308
90352.941
108169.014
108169.014
109714.286
109714.286
109714.286
111304.348
109714.286
137142.857
90352.941
108169.014
116363.636
102400.0
111304.348
108169.014
109714.286
109714.286
111304.348
109714.286
109714.286
108169.014
109714.286
130169.492
96000.0
111304.348
114626.866
109714.286
111304.348
111304.348
114626.866
153600.0
87272.727
112941.176
112941.176
111304.348
112941.176
137142.857
128000.0
147692.308
153600.0
106666.667
139636.364
139636.364
139636.364
139636.364
116363.636
105205.479
102400.0
114626.866
118153.846
153600.0
120000.0
121904.762
120000.0
123870.968
132413.793
137142.857
114626.866
128000.0
134736.842
114626.866
132413.793
153600.0
103783.784
132413.793
128000.0
105205.479
130169.492
130169.492
106666.667
91428.571
108169.014
118153.846
139636.364
109714.286
96000.0
134736.842
94814.815
116363.636
111304.348
92530.12
106666.667
109714.286
109714.286
108169.014
108169.014
108169.014
132413.793
92530.12
111304.348
108169.014
109714.286
132413.793
91428.571
150588.235
85333.333
111304.348
111304.348
142222.222
160000.0
82580.645
98461.538
106666.667
111304.348
118153.846
134736.842
139636.364
134736.842
130169.492
123870.968
112941.176
134736.842
75294.118
121904.762
137142.857
139636.364
112941.176
91428.571
111304.348
111304.348
116363.636
130169.492
142222.222
137142.857
121904.762
114626.866
121904.762
134736.842
139636.364
114626.866
103783.784
94814.815
134736.842
118153.846
120000.0
153600.0
74563.107
125901.639
130169.492
139636.364
156734.694
112941.176
130169.492
128000.0
120000.0
116363.636
109714.286
144905.66
130169.492
106666.667
93658.537
134736.842
93658.537
139636.364
111304.348
97215.19
134736.842
97215.19
137142.857
123870.968
130169.492
139636.364
111304.348
89302.326
102400.0
106666.667
108169.014
134736.842
134736.842
123870.968
130169.492
120000.0
150588.235
73142.857
105205.479
120000.0
139636.364
125901.639
116363.636
132413.793
125901.639
120000.0
163404.255
65084.746
123870.968
139636.364
102400.0
94814.815
108169.014
106666.667
128000.0
128000.0
123870.968
139636.364
121904.762
111304.348
130169.492
153600.0
93658.537
87272.727
105205.479
123870.968
118153.846
101052.632
101052.632
106666.667
111304.348
132413.793
109714.286
99740.26
132413.793
89302.326
147692.308
90352.941
147692.308
118153.846
137142.857
132413.793
123870.968
109714.286
118153.846
142222.222
125901.639
121904.762
130169.492
118153.846
128000.0
156734.694
112941.176
106666.667
91428.571
114626.866
118153.846
139636.364
120000.0
134736.842
123870.968
106666.667
94814.815
105205.479
114626.866
142222.222
114626.866
109714.286
98461.538
109714.286
118153.846
139636.364
125901.639
130169.492
147692.308
101052.632
101052.632
96000.0
108169.014
120000.0
150588.235
101052.632
144905.66
98461.538
142222.222
76039.604
125901.639
128000.0
137142.857
116363.636
116363.636
105205.479
116363.636
132413.793
139636.364
118153.846
106666.667
93658.537
144905.66
83478.261
121904.762
139636.364
132413.793
125901.639
128000.0
128000.0
130169.492
118153.846
111304.348
109714.286
92530.12
108169.014
134736.842
116363.636
120000.0
103783.784
137142.857
116363.636
89302.326
105205.479
108169.014
125901.639
120000.0
121904.762
134736.842
139636.364
106666.667
132413.793
121904.762
120000.0
125901.639
156734.694
97215.19
114626.866
137142.857
120000.0
105205.479
91428.571
105205.479
116363.636
132413.793
153600.0
75294.118
106666.667
106666.667
111304.348
132413.793
134736.842
109714.286
109714.286
106666.667
114626.866
114626.866
112941.176
144905.66
114626.866
112941.176
118153.846
134736.842
130169.492
116363.636
130169.492
130169.492
114626.866
121904.762
134736.842
118153.846
112941.176
121904.762
137142.857
105205.479
114626.866
137142.857
116363.636
112941.176
118153.846
134736.842
118153.846
118153.846
150588.235
106666.667
105205.479
97215.19
125901.639
96000.0
114626.866
112941.176
137142.857
106666.667
101052.632
99740.26
132413.793
116363.636
120000.0
130169.492
130169.492
111304.348
128000.0
80842.105
106666.667
125901.639
137142.857
112941.176
114626.866
130169.492
132413.793
125901.639
128000.0
112941.176
112941.176
130169.492
153600.0
92530.12
102400.0
108169.014
144905.66
116363.636
114626.866
139636.364
116363.636
109714.286
88275.862
132413.793
91428.571
139636.364
118153.846
125901.639
132413.793
137142.857
170666.667
64000.0
98461.538
111304.348
105205.479
111304.348
384000.0
207567.568
106666.667
93658.537
109714.286
123870.968
112941.176
111304.348
114626.866
768000.0
102400.0
106666.667
108169.014
109714.286
134736.842
130169.492
128000.0
137142.857
130169.492
264827.586
196923.077
109714.286
92530.12
108169.014
109714.286
142222.222
116363.636
103783.784
103783.784
109714.286
111304.348
111304.348
114626.866
144905.66
139636.364
123870.968
121904.762
225882.353
307200.0
132413.793
139636.364
125901.639
109714.286
102400.0
102400.0
109714.286
125901.639
139636.364
109714.286
274285.714
150588.235
134736.842
116363.636
116363.636
102400.0
105205.479
109714.286
137142.857
174545.455
84395.604
144905.66
84395.604
118153.846
137142.857
111304.348
98461.538
111304.348
109714.286
121904.762
142222.222
123870.968
125901.639
144905.66
125901.639
120000.0
125901.639
137142.857
128000.0
125901.639
147692.308
112941.176
116363.636
118153.846
130169.492
80842.105
128000.0
142222.222
130169.492
123870.968
130169.492
137142.857
134736.842
120000.0
120000.0
137142.857
130169.492
121904.762
134736.842
132413.793
118153.846
123870.968
137142.857
121904.762
109714.286
97215.19
108169.014
128000.0
137142.857
116363.636
120000.0
130169.492
137142.857
130169.492
128000.0
114626.866
139636.364
112941.176
132413.793
112941.176
94814.815
139636.364
102400.0
137142.857
111304.348
105205.479
112941.176
134736.842
112941.176
96000.0
109714.286
134736.842
123870.968
134736.842
114626.866
137142.857
156734.694
84395.604
144905.66
81702.128
130169.492
137142.857
123870.968
130169.492
132413.793
108169.014
93658.537
111304.348
123870.968
134736.842
108169.014
156734.694
77575.758
128000.0
137142.857
134736.842
130169.492
128000.0
112941.176
106666.667
125901.639
128000.0
105205.479
128000.0
153600.0
67964.602
142222.222
112941.176
98461.538
103783.784
112941.176
137142.857
156734.694
103783.784
134736.842
132413.793
130169.492
128000.0
130169.492
118153.846
121904.762
134736.842
128000.0
112941.176
114626.866
105205.479
132413.793
137142.857
130169.492
137142.857
118153.846
105205.479
96000.0
106666.667
120000.0
137142.857
120000.0
114626.866
137142.857
130169.492
118153.846
114626.866
99740.26
116363.636
130169.492
128000.0
121904.762
147692.308
121904.762
112941.176
105205.479
106666.667
118153.846
103783.784
109714.286
106666.667
118153.846
118153.846
225882.353
225882.353
163404.255
82580.645
144905.66
89302.326
137142.857
121904.762
123870.968
114626.866
101052.632
108169.014
130169.492
240000.0
192000.0
111304.348
134736.842
109714.286
94814.815
142222.222
90352.941
125901.639
132413.793
120000.0
128000.0
147692.308
97215.19
120000.0
163404.255
68571.429
123870.968
114626.866
102400.0
114626.866
109714.286
144905.66
114626.866
111304.348
98461.538
108169.014
108169.014
139636.364
160000.0
78367.347
106666.667
109714.286
109714.286
137142.857
128000.0
116363.636
91428.571
105205.479
109714.286
116363.636
137142.857
123870.968
130169.492
150588.235
111304.348
116363.636
125901.639
120000.0
123870.968
153600.0
109714.286
134736.842
87272.727
94814.815
106666.667
128000.0
132413.793
97215.19
94814.815
109714.286
106666.667
116363.636
142222.222
130169.492
123870.968
128000.0
112941.176
105205.479
134736.842
82580.645
147692.308
106666.667
116363.636
92530.12
108169.014
112941.176
125901.639
99740.26
108169.014
114626.866
144905.66
87272.727
108169.014
109714.286
128000.0
121904.762
112941.176
112941.176
134736.842
93658.537
111304.348
109714.286
109714.286
118153.846
137142.857
134736.842
121904.762
134736.842
118153.846
118153.846
132413.793
147692.308
106666.667
112941.176
128000.0
132413.793
114626.866
116363.636
132413.793
128000.0
123870.968
156734.694
94814.815
98461.538
99740.26
112941.176
134736.842
109714.286
99740.26
103783.784
109714.286
128000.0
134736.842
128000.0
116363.636
112941.176
114626.866
137142.857
121904.762
106666.667
99740.26
103783.784
103783.784
116363.636
128000.0
103783.784
101052.632
106666.667
112941.176
142222.222
153600.0
98461.538
137142.857
112941.176
102400.0
96000.0
105205.479
111304.348
128000.0
134736.842
125901.639
123870.968
112941.176
118153.846
120000.0
137142.857
144905.66
92530.12
147692.308
118153.846
128000.0
130169.492
120000.0
123870.968
153600.0
112941.176
108169.014
101052.632
98461.538
106666.667
139636.364
118153.846
103783.784
101052.632
108169.014
108169.014
153600.0
90352.941
134736.842
96000.0
137142.857
93658.537
144905.66
89302.326
147692.308
91428.571
137142.857
123870.968
128000.0
112941.176
128000.0
116363.636
83478.261
142222.222
128000.0
130169.492
144905.66
153600.0
91428.571
144905.66
78367.347
109714.286
118153.846
128000.0
150588.235
128000.0
121904.762
114626.866
120000.0
134736.842
111304.348
99740.26
112941.176
132413.793
106666.667
93658.537
106666.667
111304.348
132413.793
174545.455
92530.12
134736.842
123870.968
125901.639
125901.639
137142.857
174545.455
80000.0
147692.308
86292.135
144905.66
93658.537
90352.941
128000.0
123870.968
123870.968
134736.842
125901.639
109714.286
130169.492
130169.492
121904.762
137142.857
120000.0
111304.348
96000.0
99740.26
116363.636
137142.857
109714.286
93658.537
105205.479
111304.348
130169.492
156734.694
91428.571
139636.364
128000.0
125901.639
130169.492
125901.639
112941.176
101052.632
98461.538
112941.176
139636.364
112941.176
98461.538
102400.0
153600.0
89302.326
139636.364
130169.492
130169.492
132413.793
123870.968
112941.176
92530.12
103783.784
120000.0
134736.842
123870.968
125901.639
147692.308
120000.0
116363.636
130169.492
128000.0
105205.479
150588.235
73142.857
116363.636
132413.793
128000.0
128000.0
132413.793
147692.308
80000.0
98461.538
109714.286
132413.793
103783.784
96000.0
111304.348
106666.667
106666.667
123870.968
130169.492
103783.784
96000.0
105205.479
106666.667
108169.014
137142.857
134736.842
132413.793
132413.793
121904.762
102400.0
90352.941
106666.667
106666.667
130169.492
137142.857
116363.636
120000.0
142222.222
108169.014
118153.846
134736.842
120000.0
120000.0
156734.694
105205.479
121904.762
125901.639
120000.0
101052.632
132413.793
82580.645
137142.857
108169.014
92530.12
103783.784
106666.667
132413.793
112941.176
96000.0
130169.492
91428.571
128000.0
111304.348
103783.784
130169.492
92530.12
108169.014
137142.857
123870.968
125901.639
132413.793
150588.235
108169.014
134736.842
125901.639
114626.866
102400.0
130169.492
134736.842
134736.842
79175.258
109714.286
118153.846
142222.222
116363.636
105205.479
153600.0
76800.0
111304.348
116363.636
114626.866
130169.492
153600.0
121904.762
125901.639
142222.222
132413.793
102400.0
147692.308
76800.0
109714.286
114626.866
109714.286
108169.014
134736.842
97215.19
112941.176
109714.286
109714.286
114626.866
109714.286
109714.286
109714.286
112941.176
111304.348
109714.286
139636.364
125901.639
130169.492
139636.364
130169.492
114626.866
120000.0
160000.0
101052.632
103783.784
96000.0
112941.176
137142.857
116363.636
102400.0
98461.538
108169.014
123870.968
134736.842
130169.492
111304.348
102400.0
101052.632
106666.667
108169.014
116363.636
132413.793
153600.0
77575.758
111304.348
134736.842
111304.348
98461.538
109714.286
109714.286
139636.364
160000.0
112941.176
134736.842
156734.694
101052.632
132413.793
123870.968
109714.286
98461.538
102400.0
128000.0
123870.968
98461.538
112941.176
142222.222
116363.636
102400.0
94814.815
106666.667
108169.014
132413.793
153600.0
105205.479
132413.793
130169.492
144905.66
102400.0
125901.639
153600.0
89302.326
125901.639
130169.492
121904.762
105205.479
92530.12
105205.479
112941.176
137142.857
150588.235
102400.0
137142.857
130169.492
120000.0
120000.0
156734.694
114626.866
121904.762
130169.492
121904.762
111304.348
93658.537
106666.667
108169.014
139636.364
153600.0
85333.333
132413.793
88275.862
150588.235
97215.19
137142.857
123870.968
128000.0
132413.793
137142.857
118153.846
125901.639
116363.636
114626.866
99740.26
102400.0
111304.348
139636.364
153600.0
80000.0
105205.479
112941.176
112941.176
120000.0
128000.0
125901.639
139636.364
112941.176
170666.667
72452.83
116363.636
103783.784
134736.842
114626.866
101052.632
132413.793
170666.667
71111.111
125901.639
112941.176
118153.846
118153.846
137142.857
125901.639
87272.727
103783.784
109714.286
132413.793
153600.0
82580.645
150588.235
86292.135
111304.348
132413.793
101052.632
123870.968
156734.694
109714.286
105205.479
112941.176
93658.537
106666.667
111304.348
108169.014
120000.0
132413.793
112941.176
134736.842
128000.0
111304.348
99740.26
98461.538
108169.014
109714.286
112941.176
111304.348
120000.0
114626.866
156734.694
80842.105
128000.0
96000.0
108169.014
123870.968
120000.0
116363.636
153600.0
111304.348
128000.0
120000.0
130169.492
112941.176
91428.571
106666.667
108169.014
142222.222
156734.694
94814.815
118153.846
93658.537
111304.348
108169.014
109714.286
109714.286
114626.866
112941.176
109714.286
111304.348
109714.286
114626.866
112941.176
111304.348
109714.286
111304.348
112941.176
111304.348
111304.348
111304.348
111304.348
111304.348
111304.348
111304.348
130169.492
98461.538
112941.176
112941.176
111304.348
139636.364
156734.694
109714.286
102400.0
130169.492
87272.727
134736.842
98461.538
132413.793
139636.364
109714.286
103783.784
108169.014
111304.348
109714.286
118153.846
142222.222
109714.286
128000.0
142222.222
72452.83
139636.364
112941.176
93658.537
108169.014
120000.0
137142.857
120000.0
103783.784
142222.222
150588.235
89302.326
92530.12
106666.667
116363.636
128000.0
139636.364
80000.0
109714.286
106666.667
108169.014
121904.762
125901.639
128000.0
134736.842
170666.667
88275.862
128000.0
123870.968
105205.479
90352.941
105205.479
111304.348
109714.286
128000.0
134736.842
116363.636
128000.0
132413.793
105205.479
134736.842
128000.0
111304.348
103783.784
96000.0
108169.014
130169.492
97215.19
111304.348
142222.222
134736.842
132413.793
137142.857
114626.866
105205.479
96000.0
130169.492
96000.0
125901.639
98461.538
109714.286
109714.286
114626.866
111304.348
109714.286
109714.286
111304.348
112941.176
109714.286
112941.176
139636.364
123870.968
105205.479
116363.636
103783.784
103783.784
120000.0
132413.793
109714.286
94814.815
109714.286
108169.014
109714.286
109714.286
112941.176
108169.014
114626.866
132413.793
109714.286
109714.286
112941.176
108169.014
105205.479
109714.286
125901.639
101052.632
137142.857
125901.639
123870.968
116363.636
150588.235
111304.348
116363.636
102400.0
94814.815
106666.667
130169.492
108169.014
97215.19
108169.014
108169.014
111304.348
111304.348
147692.308
160000.0
70458.716
105205.479
112941.176
109714.286
130169.492
130169.492
84395.604
142222.222
132413.793
84395.604
120000.0
134736.842
111304.348
108169.014
153600.0
106666.667
130169.492
174545.455
71775.701
99740.26
108169.014
109714.286
109714.286
137142.857
112941.176
97215.19
108169.014
109714.286
109714.286
139636.364
120000.0
116363.636
153600.0
116363.636
128000.0
123870.968
121904.762
116363.636
153600.0
111304.348
123870.968
130169.492
125901.639
106666.667
93658.537
116363.636
112941.176
103783.784
134736.842
120000.0
116363.636
156734.694
73846.154
123870.968
112941.176
142222.222
153600.0
87272.727
142222.222
81702.128
108169.014
118153.846
134736.842
109714.286
153600.0
78367.347
130169.492
96000.0
112941.176
137142.857
123870.968
130169.492
160000.0
160000.0
70458.716
101052.632
112941.176
111304.348
106666.667
137142.857
111304.348
99740.26
103783.784
128000.0
97215.19
112941.176
112941.176
144905.66
112941.176
97215.19
137142.857
139636.364
73142.857
106666.667
130169.492
111304.348
105205.479
101052.632
109714.286
114626.866
134736.842
108169.014
93658.537
106666.667
109714.286
111304.348
134736.842
103783.784
105205.479
112941.176
103783.784
103783.784
106666.667
108169.014
123870.968
134736.842
85333.333
106666.667
108169.014
118153.846
102400.0
109714.286
108169.014
108169.014
108169.014
112941.176
109714.286
109714.286
108169.014
108169.014
109714.286
111304.348
111304.348
108169.014
108169.014
109714.286
109714.286
111304.348
108169.014
108169.014
109714.286
111304.348
111304.348
108169.014
109714.286
109714.286
111304.348
111304.348
108169.014
109714.286
108169.014
112941.176
123870.968
132413.793
137142.857
98461.538
94814.815
106666.667
109714.286
112941.176
128000.0
137142.857
116363.636
114626.866
153600.0
77575.758
108169.014
111304.348
125901.639
156734.694
99740.26
109714.286
96000.0
121904.762
125901.639
85333.333
125901.639
105205.479
134736.842
118153.846
125901.639
128000.0
102400.0
132413.793
80842.105
132413.793
101052.632
114626.866
156734.694
79175.258
150588.235
147692.308
87272.727
132413.793
123870.968
108169.014
93658.537
101052.632
105205.479
108169.014
125901.639
116363.636
98461.538
132413.793
120000.0
97215.19
98461.538
109714.286
106666.667
108169.014
108169.014
108169.014
109714.286
123870.968
128000.0
125901.639
132413.793
123870.968
103783.784
89302.326
105205.479
105205.479
132413.793
156734.694
76039.604
109714.286
103783.784
108169.014
111304.348
109714.286
125901.639
174545.455
82580.645
139636.364
125901.639
121904.762
111304.348
106666.667
93658.537
109714.286
109714.286
139636.364
125901.639
120000.0
128000.0
134736.842
137142.857
103783.784
111304.348
87272.727
130169.492
108169.014
142222.222
125901.639
134736.842
134736.842
114626.866
116363.636
137142.857
121904.762
103783.784
92530.12
105205.479
114626.866
137142.857
125901.639
128000.0
132413.793
116363.636
120000.0
153600.0
102400.0
106666.667
91428.571
103783.784
108169.014
134736.842
116363.636
123870.968
132413.793
102400.0
91428.571
103783.784
112941.176
147692.308
139636.364
87272.727
156734.694
71775.701
106666.667
106666.667
130169.492
150588.235
90352.941
132413.793
144905.66
88275.862
91428.571
142222.222
128000.0
130169.492
112941.176
118153.846
128000.0
134736.842
108169.014
101052.632
92530.12
103783.784
111304.348
137142.857
128000.0
160000.0
67964.602
132413.793
128000.0
111304.348
116363.636
134736.842
112941.176
128000.0
163404.255
92530.12
128000.0
116363.636
128000.0
108169.014
116363.636
150588.235
102400.0
114626.866
120000.0
125901.639
114626.866
106666.667
125901.639
123870.968
114626.866
114626.866
111304.348
139636.364
153600.0
89302.326
120000.0
134736.842
123870.968
121904.762
139636.364
111304.348
109714.286
121904.762
134736.842
109714.286
118153.846
160000.0
99740.26
118153.846
156734.694
105205.479
116363.636
116363.636
128000.0
114626.866
114626.866
150588.235
108169.014
114626.866
118153.846
130169.492
118153.846
112941.176
116363.636
128000.0
123870.968
120000.0
123870.968
147692.308
92530.12
123870.968
174545.455
84395.604
92530.12
99740.26
105205.479
108169.014
125901.639
98461.538
105205.479
108169.014
108169.014
103783.784
109714.286
108169.014
106666.667
108169.014
108169.014
111304.348
102400.0
108169.014
108169.014
108169.014
109714.286
106666.667
108169.014
108169.014
108169.014
108169.014
109714.286
109714.286
111304.348
116363.636
125901.639
108169.014
102400.0
93658.537
103783.784
137142.857
99740.26
106666.667
101052.632
106666.667
132413.793
174545.455
70458.716
103783.784
111304.348
111304.348
109714.286
106666.667
121904.762
174545.455
74563.107
108169.014
111304.348
108169.014
108169.014
108169.014
111304.348
111304.348
111304.348
109714.286
108169.014
108169.014
112941.176
111304.348
108169.014
109714.286
109714.286
111304.348
111304.348
108169.014
108169.014
109714.286
111304.348
109714.286
109714.286
108169.014
109714.286
111304.348
109714.286
109714.286
109714.286
150588.235
86292.135
111304.348
109714.286
109714.286
109714.286
108169.014
109714.286
109714.286
109714.286
108169.014
108169.014
106666.667
111304.348
112941.176
118153.846
114626.866
118153.846
153600.0
89302.326
123870.968
160000.0
90352.941
109714.286
99740.26
98461.538
105205.479
109714.286
108169.014
108169.014
106666.667
106666.667
108169.014
128000.0
92530.12
128000.0
178604.651
69189.189
123870.968
94814.815
105205.479
106666.667
106666.667
108169.014
105205.479
108169.014
114626.866
103783.784
106666.667
103783.784
103783.784
105205.479
106666.667
106666.667
105205.479
108169.014
105205.479
103783.784
106666.667
105205.479
106666.667
130169.492
166956.522
71775.701
121904.762
92530.12
108169.014
108169.014
108169.014
130169.492
163404.255
82580.645
153600.0
72452.83
207567.568
213333.333
109714.286
109714.286
139636.364
91428.571
112941.176
134736.842
105205.479
116363.636
320000.0
144905.66
97215.19
128000.0
93658.537
108169.014
106666.667
109714.286
109714.286
108169.014
108169.014
106666.667
108169.014
134736.842
150588.235
77575.758
108169.014
108169.014
108169.014
111304.348
109714.286
137142.857
156734.694
73142.857
106666.667
109714.286
111304.348
109714.286
108169.014
106666.667
108169.014
109714.286
106666.667
106666.667
132413.793
91428.571
106666.667
106666.667
106666.667
106666.667
106666.667
108169.014
105205.479
106666.667
130169.492
89302.326
108169.014
103783.784
106666.667
108169.014
132413.793
109714.286
101052.632
96000.0
106666.667
103783.784
106666.667
132413.793
88275.862
116363.636
166956.522
76039.604
103783.784
105205.479
106666.667
153600.0
83478.261
144905.66
87272.727
144905.66
89302.326
137142.857
84395.604
150588.235
89302.326
103783.784
108169.014
108169.014
108169.014
111304.348
109714.286
109714.286
108169.014
108169.014
132413.793
163404.255
130169.492
68571.429
106666.667
112941.176
112941.176
109714.286
114626.866
109714.286
134736.842
123870.968
132413.793
150588.235
118153.846
132413.793
128000.0
142222.222
120000.0
134736.842
121904.762
134736.842
125901.639
125901.639
128000.0
137142.857
120000.0
121904.762
150588.235
89302.326
114626.866
150588.235
84395.604
144905.66
80000.0
105205.479
120000.0
134736.842
105205.479
125901.639
83478.261
142222.222
85333.333
144905.66
106666.667
120000.0
153600.0
98461.538
109714.286
118153.846
130169.492
106666.667
108169.014
130169.492
99740.26
88275.862
102400.0
103783.784
105205.479
105205.479
106666.667
106666.667
106666.667
125901.639
90352.941
106666.667
105205.479
105205.479
132413.793
174545.455
69189.189
125901.639
91428.571
103783.784
106666.667
105205.479
132413.793
174545.455
69189.189
125901.639
139636.364
76800.0
102400.0
108169.014
106666.667
106666.667
105205.479
105205.479
106666.667
103783.784
123870.968
178604.651
79175.258
144905.66
92530.12
80842.105
108169.014
109714.286
109714.286
106666.667
108169.014
106666.667
108169.014
108169.014
109714.286
106666.667
108169.014
106666.667
109714.286
109714.286
106666.667
108169.014
106666.667
111304.348
109714.286
108169.014
108169.014
108169.014
111304.348
108169.014
109714.286
108169.014
108169.014
108169.014
109714.286
106666.667
109714.286
108169.014
109714.286
108169.014
106666.667
108169.014
108169.014
109714.286
106666.667
108169.014
108169.014
108169.014
108169.014
106666.667
108169.014
108169.014
109714.286
108169.014
109714.286
108169.014
108169.014
109714.286
108169.014
108169.014
108169.014
109714.286
108169.014
108169.014
108169.014
109714.286
109714.286
108169.014
109714.286
108169.014
108169.014
111304.348
109714.286
118153.846
142222.222
120000.0
102400.0
97215.19
102400.0
106666.667
130169.492
156734.694
89302.326
116363.636
150588.235
101052.632
93658.537
97215.19
105205.479
106666.667
108169.014
128000.0
156734.694
74563.107
103783.784
108169.014
132413.793
120000.0
101052.632
156734.694
150588.235
63471.074
106666.667
128000.0
103783.784
96000.0
106666.667
106666.667
