56888.889
57313.433
57313.433
57744.361
56888.889
60472.441
58625.954
59076.923
61440.0
61935.484
63471.074
61935.484
61935.484
63471.074
63471.074
64537.815
62950.82
58181.818
62439.024
62439.024
62439.024
116363.636
256000.0
56058.394
62439.024
64537.815
64537.815
64537.815
63471.074
65084.746
114626.866
240000.0
57313.433
232727.273
86292.135
66206.897
65641.026
65084.746
64537.815
65084.746
109714.286
256000.0
56470.588
62439.024
60472.441
62439.024
63471.074
64000.0
105205.479
46829.268
63471.074
64537.815
247741.935
144905.66
51543.624
63471.074
65641.026
64537.815
64000.0
64000.0
63471.074
118153.846
240000.0
53706.294
232727.273
80842.105
59076.923
59534.884
60952.381
240000.0
80842.105
59534.884
59534.884
240000.0
80000.0
59076.923
58181.818
57744.361
59076.923
59076.923
247741.935
77575.758
240000.0
170666.667
247741.935
77575.758
232727.273
80842.105
247741.935
77575.758
59534.884
61440.0
240000.0
78367.347
240000.0
78367.347
247741.935
79175.258
240000.0
82580.645
247741.935
81702.128
247741.935
247741.935
240000.0
53333.333
225882.353
77575.758
105205.479
232727.273
54084.507
232727.273
79175.258
61440.0
61935.484
247741.935
83478.261
247741.935
89302.326
66206.897
112941.176
48607.595
240000.0
89302.326
65084.746
65084.746
240000.0
90352.941
247741.935
90352.941
240000.0
88275.862
111304.348
45443.787
61935.484
64000.0
65641.026
65641.026
66206.897
240000.0
90352.941
240000.0
182857.143
49548.387
247741.935
89302.326
67368.421
247741.935
92530.12
247741.935
202105.263
49548.387
232727.273
89302.326
67368.421
247741.935
90352.941
247741.935
90352.941
240000.0
90352.941
247741.935
92530.12
240000.0
93658.537
247741.935
92530.12
240000.0
93658.537
247741.935
93658.537
240000.0
225882.353
240000.0
61440.0
240000.0
92530.12
69189.189
247741.935
142222.222
56058.394
68571.429
71111.111
137142.857
50196.078
68571.429
71775.701
73142.857
72452.83
72452.83
247741.935
101052.632
256000.0
96000.0
71775.701
247741.935
196923.077
52602.74
67964.602
70458.716
71775.701
73142.857
72452.83
72452.83
247741.935
103783.784
256000.0
102400.0
256000.0
103783.784
247741.935
163404.255
65084.746
240000.0
101052.632
247741.935
102400.0
73142.857
72452.83
74563.107
73142.857
73142.857
73142.857
73846.154
74563.107
75294.118
74563.107
74563.107
74563.107
75294.118
75294.118
76039.604
76800.0
77575.758
76039.604
76800.0
76800.0
76800.0
77575.758
76800.0
77575.758
76039.604
76039.604
76039.604
75294.118
76039.604
75294.118
75294.118
76039.604
76039.604
76800.0
75294.118
76039.604
76039.604
77575.758
225882.353
116363.636
76800.0
105205.479
67368.421
73846.154
105205.479
284444.444
88275.862
102400.0
67368.421
73142.857
74563.107
76039.604
74563.107
75294.118
74563.107
74563.107
74563.107
73142.857
73846.154
73142.857
72452.83
73142.857
71775.701
72452.83
71775.701
73142.857
71775.701
72452.83
73142.857
71111.111
73142.857
73846.154
71111.111
71775.701
70458.716
71111.111
71111.111
70458.716
69818.182
70458.716
68571.429
69189.189
256000.0
170666.667
64000.0
64000.0
62950.82
63471.074
64537.815
65641.026
66782.609
120000.0
47116.564
65641.026
67964.602
69818.182
67964.602
65641.026
93658.537
89302.326
139636.364
71111.111
71775.701
72452.83
72452.83
81702.128
548571.429
256000.0
99740.26
71775.701
71775.701
264827.586
213333.333
50860.927
69189.189
69818.182
70458.716
69189.189
70458.716
71111.111
71111.111
71775.701
71775.701
72452.83
73846.154
71775.701
72452.83
72452.83
72452.83
72452.83
72452.83
72452.83
71775.701
72452.83
71775.701
80000.0
67368.421
71775.701
76800.0
67964.602
72452.83
70458.716
98461.538
56470.588
71111.111
72452.83
101052.632
139636.364
46545.455
240000.0
92530.12
71775.701
72452.83
73846.154
77575.758
71111.111
73142.857
72452.83
73846.154
74563.107
71775.701
73142.857
71775.701
71775.701
71111.111
71111.111
71775.701
72452.83
71111.111
72452.83
71775.701
71111.111
73142.857
72452.83
96000.0
65084.746
247741.935
101052.632
72452.83
102400.0
85333.333
80842.105
65084.746
71111.111
72452.83
72452.83
71775.701
72452.83
73142.857
72452.83
73142.857
72452.83
73142.857
73846.154
75294.118
85333.333
67368.421
73142.857
81702.128
256000.0
94814.815
73846.154
74563.107
73846.154
74563.107
75294.118
75294.118
75294.118
76039.604
256000.0
105205.479
256000.0
108169.014
75294.118
74563.107
74563.107
103783.784
80842.105
67368.421
73846.154
74563.107
74563.107
76800.0
72452.83
74563.107
76039.604
75294.118
74563.107
76039.604
75294.118
80000.0
73846.154
74563.107
75294.118
76039.604
75294.118
76039.604
76039.604
76039.604
76039.604
76800.0
76039.604
76039.604
76039.604
76039.604
76039.604
111304.348
240000.0
76800.0
76039.604
76800.0
77575.758
76800.0
76800.0
76800.0
247741.935
111304.348
120000.0
213333.333
76800.0
76800.0
76800.0
77575.758
76039.604
77575.758
77575.758
77575.758
78367.347
77575.758
78367.347
78367.347
77575.758
78367.347
77575.758
77575.758
77575.758
77575.758
76800.0
77575.758
77575.758
78367.347
264827.586
111304.348
79175.258
77575.758
80000.0
256000.0
114626.866
78367.347
264827.586
114626.866
264827.586
114626.866
264827.586
150588.235
480000.0
76800.0
76800.0
77575.758
76039.604
77575.758
77575.758
77575.758
78367.347
79175.258
78367.347
73846.154
71775.701
73142.857
73846.154
73846.154
78367.347
75294.118
70458.716
77575.758
73846.154
72452.83
78367.347
75294.118
69189.189
73142.857
75294.118
76800.0
74563.107
71111.111
71111.111
256000.0
93658.537
69818.182
106666.667
53333.333
71775.701
101052.632
64537.815
264827.586
94814.815
76039.604
76800.0
75294.118
76039.604
73846.154
98461.538
66782.609
264827.586
89302.326
264827.586
99740.26
264827.586
94814.815
264827.586
142222.222
60472.441
256000.0
103783.784
75294.118
264827.586
170666.667
61440.0
78367.347
80000.0
76800.0
76039.604
76039.604
256000.0
108169.014
72452.83
71775.701
73142.857
72452.83
73846.154
73846.154
132413.793
256000.0
68571.429
256000.0
103783.784
74563.107
128000.0
55652.174
98461.538
66782.609
69818.182
73142.857
73142.857
75294.118
256000.0
106666.667
128000.0
49870.13
73142.857
76039.604
118153.846
53333.333
71775.701
74563.107
108169.014
57744.361
256000.0
108169.014
93658.537
99740.26
108169.014
109714.286
58181.818
264827.586
93658.537
264827.586
102400.0
264827.586
187317.073
58181.818
256000.0
112941.176
79175.258
274285.714
137142.857
274285.714
97215.19
80842.105
80000.0
80842.105
80842.105
123870.968
144905.66
109714.286
256000.0
166956.522
109714.286
66782.609
72452.83
75294.118
264827.586
106666.667
256000.0
108169.014
125901.639
54084.507
256000.0
102400.0
74563.107
75294.118
75294.118
76800.0
78367.347
121904.762
147692.308
49230.769
72452.83
80000.0
120000.0
60952.381
74563.107
75294.118
106666.667
60952.381
79175.258
81702.128
83478.261
81702.128
78367.347
73846.154
72452.83
73846.154
130169.492
62950.82
264827.586
102400.0
72452.83
256000.0
232727.273
57313.433
77575.758
80000.0
102400.0
65641.026
256000.0
116363.636
80842.105
94814.815
73142.857
81702.128
74563.107
106666.667
60952.381
79175.258
80000.0
80000.0
81702.128
123870.968
57744.361
80842.105
82580.645
83478.261
78367.347
73846.154
72452.83
71775.701
256000.0
102400.0
130169.492
51543.624
74563.107
78367.347
111304.348
61440.0
76800.0
78367.347
101052.632
62950.82
264827.586
105205.479
74563.107
98461.538
58625.954
264827.586
103783.784
264827.586
109714.286
264827.586
142222.222
68571.429
256000.0
112941.176
274285.714
108169.014
264827.586
99740.26
274285.714
99740.26
264827.586
97215.19
256000.0
101052.632
256000.0
99740.26
274285.714
98461.538
264827.586
98461.538
73846.154
76039.604
77575.758
76800.0
76800.0
75294.118
74563.107
264827.586
103783.784
256000.0
98461.538
274285.714
98461.538
264827.586
102400.0
274285.714
102400.0
74563.107
264827.586
109714.286
121904.762
225882.353
80000.0
85333.333
156734.694
144905.66
130169.492
57313.433
81702.128
320000.0
1920000.0
121904.762
121904.762
101052.632
121904.762
68571.429
256000.0
105205.479
78367.347
79175.258
78367.347
80842.105
81702.128
128000.0
64537.815
84395.604
84395.604
93658.537
86292.135
87272.727
86292.135
87272.727
88275.862
109714.286
76800.0
85333.333
118153.846
264827.586
102400.0
78367.347
118153.846
264827.586
103783.784
77575.758
81702.128
83478.261
84395.604
86292.135
103783.784
76800.0
89302.326
90352.941
89302.326
106666.667
80842.105
87272.727
87272.727
89302.326
90352.941
90352.941
91428.571
118153.846
81702.128
80000.0
85333.333
87272.727
88275.862
89302.326
91428.571
103783.784
87272.727
88275.862
90352.941
91428.571
91428.571
99740.26
87272.727
91428.571
90352.941
94814.815
91428.571
92530.12
90352.941
90352.941
91428.571
91428.571
92530.12
90352.941
90352.941
90352.941
91428.571
91428.571
91428.571
109714.286
78367.347
102400.0
79175.258
89302.326
87272.727
89302.326
92530.12
90352.941
89302.326
103783.784
83478.261
94814.815
90352.941
90352.941
88275.862
112941.176
76039.604
88275.862
80842.105
82580.645
82580.645
85333.333
87272.727
123870.968
108169.014
79175.258
76039.604
81702.128
84395.604
84395.604
86292.135
85333.333
84395.604
123870.968
103783.784
93658.537
65641.026
82580.645
83478.261
83478.261
86292.135
85333.333
86292.135
83478.261
116363.636
69189.189
295384.615
2560000.0
121904.762
83478.261
81702.128
213333.333
182857.143
111304.348
81702.128
219428.571
274285.714
111304.348
83478.261
109714.286
170666.667
112941.176
264827.586
120000.0
106666.667
74563.107
89302.326
73846.154
79175.258
80000.0
121904.762
69189.189
264827.586
102400.0
76800.0
105205.479
63471.074
78367.347
80000.0
108169.014
62950.82
102400.0
71111.111
75294.118
79175.258
78367.347
80000.0
128000.0
61935.484
256000.0
118153.846
82580.645
111304.348
76800.0
264827.586
116363.636
76800.0
106666.667
67964.602
82580.645
85333.333
86292.135
103783.784
71111.111
79175.258
80000.0
84395.604
87272.727
125901.639
118153.846
60000.0
85333.333
90352.941
120000.0
70458.716
82580.645
89302.326
80842.105
76039.604
80000.0
80000.0
80000.0
120000.0
67368.421
76039.604
108169.014
97215.19
108169.014
59076.923
74563.107
77575.758
120000.0
61440.0
80842.105
83478.261
106666.667
71111.111
84395.604
83478.261
83478.261
85333.333
84395.604
82580.645
85333.333
83478.261
123870.968
64000.0
274285.714
174545.455
404210.526
128000.0
163404.255
160000.0
156734.694
156734.694
156734.694
156734.694
153600.0
156734.694
153600.0
320000.0
284444.444
307200.0
295384.615
153600.0
150588.235
307200.0
295384.615
320000.0
295384.615
307200.0
295384.615
307200.0
307200.0
295384.615
307200.0
307200.0
295384.615
307200.0
284444.444
307200.0
295384.615
295384.615
295384.615
295384.615
295384.615
295384.615
295384.615
295384.615
295384.615
307200.0
284444.444
295384.615
284444.444
295384.615
264827.586
307200.0
264827.586
295384.615
264827.586
295384.615
264827.586
295384.615
274285.714
295384.615
264827.586
295384.615
264827.586
295384.615
264827.586
307200.0
264827.586
307200.0
264827.586
307200.0
264827.586
307200.0
264827.586
307200.0
264827.586
295384.615
284444.444
307200.0
274285.714
307200.0
264827.586
307200.0
284444.444
295384.615
295384.615
307200.0
274285.714
307200.0
295384.615
307200.0
284444.444
307200.0
284444.444
307200.0
284444.444
320000.0
284444.444
307200.0
284444.444
320000.0
284444.444
320000.0
274285.714
320000.0
274285.714
320000.0
274285.714
320000.0
284444.444
320000.0
284444.444
307200.0
295384.615
320000.0
274285.714
320000.0
284444.444
320000.0
284444.444
307200.0
295384.615
320000.0
284444.444
320000.0
320000.0
3840000.0
307200.0
295384.615
320000.0
284444.444
320000.0
295384.615
307200.0
295384.615
320000.0
3840000.0
295384.615
320000.0
295384.615
320000.0
295384.615
320000.0
284444.444
320000.0
284444.444
320000.0
295384.615
320000.0
295384.615
320000.0
284444.444
153600.0
320000.0
295384.615
320000.0
295384.615
320000.0
295384.615
320000.0
333913.043
3840000.0
333913.043
284444.444
333913.043
274285.714
333913.043
284444.444
333913.043
274285.714
320000.0
295384.615
320000.0
307200.0
320000.0
284444.444
333913.043
284444.444
320000.0
295384.615
333913.043
284444.444
320000.0
295384.615
320000.0
295384.615
320000.0
295384.615
333913.043
284444.444
333913.043
284444.444
333913.043
284444.444
156734.694
320000.0
295384.615
333913.043
295384.615
333913.043
284444.444
333913.043
284444.444
320000.0
295384.615
320000.0
295384.615
333913.043
295384.615
333913.043
284444.444
156734.694
320000.0
295384.615
333913.043
284444.444
320000.0
295384.615
320000.0
295384.615
156734.694
333913.043
284444.444
333913.043
284444.444
333913.043
295384.615
320000.0
295384.615
333913.043
295384.615
333913.043
284444.444
156734.694
333913.043
284444.444
333913.043
295384.615
333913.043
284444.444
156734.694
333913.043
295384.615
333913.043
284444.444
365714.286
274285.714
333913.043
284444.444
156734.694
333913.043
295384.615
333913.043
284444.444
333913.043
284444.444
333913.043
295384.615
153600.0
156734.694
153600.0
333913.043
284444.444
333913.043
284444.444
153600.0
153600.0
156734.694
153600.0
333913.043
274285.714
365714.286
264827.586
153600.0
153600.0
153600.0
365714.286
264827.586
156734.694
150588.235
365714.286
264827.586
365714.286
264827.586
333913.043
284444.444
333913.043
284444.444
333913.043
284444.444
156734.694
150588.235
365714.286
264827.586
365714.286
264827.586
333913.043
284444.444
153600.0
156734.694
333913.043
284444.444
153600.0
156734.694
150588.235
365714.286
274285.714
349090.909
264827.586
153600.0
156734.694
150588.235
333913.043
284444.444
349090.909
264827.586
333913.043
284444.444
333913.043
284444.444
150588.235
153600.0
333913.043
274285.714
365714.286
264827.586
365714.286
256000.0
333913.043
284444.444
153600.0
150588.235
333913.043
284444.444
333913.043
274285.714
365714.286
264827.586
150588.235
153600.0
150588.235
333913.043
274285.714
365714.286
264827.586
333913.043
284444.444
150588.235
150588.235
333913.043
274285.714
333913.043
274285.714
333913.043
274285.714
147692.308
150588.235
153600.0
333913.043
274285.714
333913.043
264827.586
365714.286
256000.0
333913.043
264827.586
365714.286
256000.0
333913.043
274285.714
150588.235
147692.308
153600.0
333913.043
264827.586
365714.286
256000.0
365714.286
256000.0
333913.043
274285.714
333913.043
274285.714
333913.043
274285.714
333913.043
274285.714
349090.909
256000.0
147692.308
333913.043
274285.714
333913.043
256000.0
365714.286
256000.0
333913.043
264827.586
333913.043
264827.586
320000.0
264827.586
274285.714
307200.0
320000.0
274285.714
320000.0
274285.714
320000.0
274285.714
320000.0
264827.586
320000.0
274285.714
320000.0
274285.714
320000.0
274285.714
320000.0
284444.444
320000.0
264827.586
320000.0
264827.586
320000.0
274285.714
320000.0
284444.444
320000.0
274285.714
320000.0
274285.714
320000.0
284444.444
307200.0
284444.444
320000.0
284444.444
320000.0
274285.714
320000.0
274285.714
320000.0
274285.714
349090.909
3840000.0
295384.615
150588.235
264827.586
333913.043
333913.043
274285.714
349090.909
247741.935
150588.235
150588.235
333913.043
274285.714
147692.308
150588.235
333913.043
274285.714
333913.043
264827.586
333913.043
274285.714
147692.308
150588.235
365714.286
256000.0
333913.043
264827.586
150588.235
150588.235
333913.043
274285.714
333913.043
264827.586
365714.286
256000.0
365714.286
256000.0
147692.308
150588.235
150588.235
150588.235
333913.043
264827.586
365714.286
256000.0
150588.235
333913.043
264827.586
365714.286
247741.935
365714.286
256000.0
333913.043
264827.586
333913.043
264827.586
365714.286
256000.0
147692.308
150588.235
333913.043
264827.586
150588.235
150588.235
150588.235
333913.043
274285.714
333913.043
264827.586
333913.043
264827.586
365714.286
247741.935
150588.235
150588.235
150588.235
150588.235
150588.235
365714.286
256000.0
333913.043
264827.586
150588.235
150588.235
147692.308
150588.235
147692.308
150588.235
147692.308
150588.235
147692.308
150588.235
147692.308
150588.235
147692.308
333913.043
264827.586
147692.308
150588.235
333913.043
264827.586
147692.308
365714.286
247741.935
333913.043
264827.586
320000.0
264827.586
333913.043
256000.0
320000.0
274285.714
320000.0
264827.586
333913.043
264827.586
147692.308
144905.66
144905.66
147692.308
147692.308
150588.235
147692.308
150588.235
333913.043
264827.586
147692.308
150588.235
147692.308
147692.308
147692.308
147692.308
147692.308
150588.235
144905.66
147692.308
147692.308
147692.308
147692.308
144905.66
147692.308
333913.043
256000.0
147692.308
320000.0
264827.586
144905.66
144905.66
365714.286
247741.935
333913.043
256000.0
333913.043
256000.0
333913.043
247741.935
144905.66
147692.308
333913.043
256000.0
333913.043
247741.935
365714.286
240000.0
320000.0
256000.0
144905.66
333913.043
247741.935
333913.043
247741.935
144905.66
142222.222
144905.66
144905.66
144905.66
144905.66
144905.66
144905.66
142222.222
147692.308
333913.043
247741.935
144905.66
333913.043
247741.935
365714.286
232727.273
142222.222
144905.66
142222.222
144905.66
142222.222
142222.222
144905.66
142222.222
142222.222
144905.66
333913.043
247741.935
142222.222
144905.66
144905.66
142222.222
144905.66
144905.66
142222.222
144905.66
144905.66
144905.66
144905.66
144905.66
144905.66
144905.66
144905.66
144905.66
144905.66
144905.66
144905.66
144905.66
144905.66
142222.222
333913.043
256000.0
320000.0
264827.586
144905.66
144905.66
144905.66
144905.66
144905.66
320000.0
256000.0
144905.66
333913.043
256000.0
144905.66
144905.66
144905.66
144905.66
147692.308
144905.66
144905.66
144905.66
144905.66
147692.308
147692.308
147692.308
144905.66
147692.308
144905.66
147692.308
147692.308
144905.66
147692.308
144905.66
144905.66
144905.66
142222.222
144905.66
144905.66
144905.66
333913.043
247741.935
144905.66
147692.308
144905.66
144905.66
144905.66
144905.66
144905.66
144905.66
144905.66
144905.66
147692.308
144905.66
147692.308
320000.0
264827.586
144905.66
147692.308
144905.66
144905.66
147692.308
144905.66
142222.222
144905.66
144905.66
147692.308
142222.222
147692.308
144905.66
144905.66
144905.66
144905.66
144905.66
147692.308
144905.66
144905.66
144905.66
147692.308
144905.66
144905.66
144905.66
144905.66
147692.308
144905.66
144905.66
144905.66
144905.66
144905.66
144905.66
144905.66
144905.66
144905.66
142222.222
144905.66
144905.66
144905.66
144905.66
142222.222
144905.66
144905.66
144905.66
144905.66
144905.66
142222.222
144905.66
144905.66
144905.66
144905.66
144905.66
144905.66
144905.66
144905.66
144905.66
144905.66
144905.66
142222.222
144905.66
144905.66
144905.66
144905.66
142222.222
144905.66
142222.222
144905.66
144905.66
144905.66
144905.66
144905.66
142222.222
144905.66
144905.66
144905.66
147692.308
144905.66
144905.66
144905.66
144905.66
144905.66
144905.66
144905.66
144905.66
144905.66
144905.66
144905.66
142222.222
144905.66
142222.222
144905.66
144905.66
144905.66
142222.222
142222.222
142222.222
142222.222
142222.222
144905.66
142222.222
144905.66
144905.66
320000.0
256000.0
144905.66
144905.66
144905.66
144905.66
333913.043
247741.935
142222.222
144905.66
142222.222
142222.222
144905.66
142222.222
144905.66
320000.0
247741.935
144905.66
142222.222
142222.222
144905.66
142222.222
142222.222
142222.222
142222.222
144905.66
333913.043
247741.935
144905.66
142222.222
142222.222
144905.66
142222.222
142222.222
142222.222
144905.66
142222.222
142222.222
139636.364
142222.222
144905.66
142222.222
142222.222
144905.66
333913.043
247741.935
142222.222
144905.66
142222.222
142222.222
142222.222
144905.66
333913.043
247741.935
142222.222
144905.66
333913.043
247741.935
142222.222
142222.222
333913.043
247741.935
144905.66
142222.222
144905.66
142222.222
144905.66
142222.222
142222.222
142222.222
142222.222
142222.222
144905.66
333913.043
247741.935
142222.222
144905.66
142222.222
142222.222
142222.222
142222.222
142222.222
142222.222
142222.222
142222.222
144905.66
142222.222
139636.364
144905.66
142222.222
142222.222
142222.222
142222.222
142222.222
142222.222
142222.222
142222.222
139636.364
142222.222
142222.222
139636.364
142222.222
142222.222
139636.364
142222.222
139636.364
142222.222
142222.222
142222.222
139636.364
142222.222
142222.222
139636.364
142222.222
142222.222
142222.222
142222.222
142222.222
142222.222
142222.222
139636.364
139636.364
139636.364
142222.222
142222.222
139636.364
142222.222
142222.222
139636.364
142222.222
142222.222
142222.222
139636.364
142222.222
142222.222
139636.364
142222.222
142222.222
139636.364
142222.222
142222.222
142222.222
142222.222
142222.222
144905.66
142222.222
142222.222
142222.222
142222.222
139636.364
142222.222
142222.222
142222.222
142222.222
142222.222
142222.222
142222.222
142222.222
142222.222
142222.222
142222.222
142222.222
144905.66
142222.222
144905.66
142222.222
142222.222
144905.66
142222.222
142222.222
144905.66
142222.222
144905.66
142222.222
144905.66
142222.222
142222.222
142222.222
144905.66
144905.66
320000.0
256000.0
142222.222
142222.222
144905.66
142222.222
142222.222
142222.222
142222.222
142222.222
142222.222
144905.66
142222.222
144905.66
142222.222
142222.222
320000.0
256000.0
142222.222
142222.222
142222.222
142222.222
142222.222
142222.222
142222.222
142222.222
139636.364
142222.222
139636.364
142222.222
142222.222
139636.364
142222.222
142222.222
139636.364
144905.66
139636.364
142222.222
142222.222
142222.222
144905.66
142222.222
142222.222
142222.222
144905.66
142222.222
142222.222
144905.66
142222.222
139636.364
144905.66
139636.364
142222.222
142222.222
142222.222
142222.222
142222.222
142222.222
144905.66
333913.043
247741.935
142222.222
142222.222
142222.222
142222.222
142222.222
142222.222
142222.222
142222.222
144905.66
142222.222
142222.222
142222.222
142222.222
142222.222
142222.222
142222.222
142222.222
142222.222
139636.364
142222.222
139636.364
142222.222
139636.364
142222.222
142222.222
142222.222
139636.364
142222.222
139636.364
142222.222
139636.364
139636.364
142222.222
139636.364
142222.222
139636.364
142222.222
139636.364
142222.222
139636.364
139636.364
142222.222
142222.222
142222.222
139636.364
142222.222
139636.364
142222.222
139636.364
142222.222
142222.222
139636.364
142222.222
139636.364
142222.222
451764.706
207567.568
139636.364
139636.364
142222.222
142222.222
142222.222
142222.222
144905.66
139636.364
142222.222
144905.66
142222.222
142222.222
142222.222
142222.222
142222.222
142222.222
144905.66
142222.222
142222.222
142222.222
142222.222
144905.66
451764.706
207567.568
142222.222
144905.66
139636.364
144905.66
142222.222
142222.222
144905.66
142222.222
142222.222
144905.66
142222.222
144905.66
139636.364
144905.66
142222.222
144905.66
142222.222
144905.66
142222.222
144905.66
142222.222
144905.66
333913.043
240000.0
320000.0
256000.0
144905.66
142222.222
142222.222
144905.66
142222.222
333913.043
247741.935
144905.66
333913.043
247741.935
142222.222
142222.222
142222.222
144905.66
142222.222
144905.66
144905.66
142222.222
142222.222
320000.0
247741.935
320000.0
256000.0
142222.222
144905.66
142222.222
142222.222
307200.0
264827.586
142222.222
144905.66
142222.222
144905.66
333913.043
247741.935
144905.66
144905.66
144905.66
333913.043
247741.935
144905.66
320000.0
256000.0
333913.043
247741.935
144905.66
333913.043
247741.935
144905.66
144905.66
144905.66
144905.66
144905.66
142222.222
144905.66
333913.043
247741.935
144905.66
144905.66
144905.66
144905.66
333913.043
256000.0
142222.222
144905.66
144905.66
320000.0
256000.0
307200.0
274285.714
142222.222
144905.66
144905.66
144905.66
147692.308
144905.66
142222.222
144905.66
142222.222
333913.043
256000.0
333913.043
256000.0
142222.222
144905.66
144905.66
320000.0
256000.0
144905.66
144905.66
144905.66
144905.66
144905.66
144905.66
142222.222
144905.66
142222.222
144905.66
144905.66
144905.66
142222.222
144905.66
144905.66
144905.66
144905.66
144905.66
144905.66
142222.222
144905.66
142222.222
144905.66
144905.66
144905.66
147692.308
333913.043
256000.0
144905.66
144905.66
144905.66
144905.66
144905.66
144905.66
144905.66
144905.66
147692.308
144905.66
147692.308
142222.222
144905.66
144905.66
147692.308
144905.66
144905.66
147692.308
147692.308
144905.66
320000.0
264827.586
144905.66
147692.308
150588.235
147692.308
147692.308
144905.66
147692.308
147692.308
333913.043
256000.0
144905.66
147692.308
147692.308
144905.66
320000.0
264827.586
144905.66
147692.308
144905.66
147692.308
147692.308
144905.66
144905.66
144905.66
144905.66
147692.308
333913.043
256000.0
144905.66
349090.909
247741.935
349090.909
240000.0
349090.909
247741.935
349090.909
256000.0
144905.66
147692.308
144905.66
147692.308
320000.0
256000.0
144905.66
142222.222
144905.66
144905.66
144905.66
320000.0
256000.0
144905.66
144905.66
144905.66
142222.222
144905.66
333913.043
247741.935
142222.222
144905.66
142222.222
144905.66
144905.66
142222.222
144905.66
142222.222
144905.66
144905.66
144905.66
77575.758
82580.645
88275.862
99740.26
105205.479
90352.941
87272.727
86292.135
80842.105
80000.0
196923.077
80000.0
72452.83
128000.0
55251.799
83478.261
132413.793
109714.286
202105.263
47701.863
80000.0
86292.135
97215.19
130169.492
52602.74
81702.128
147692.308
57744.361
76800.0
147692.308
53706.294
83478.261
142222.222
76039.604
284444.444
77575.758
147692.308
118153.846
147692.308
142222.222
142222.222
142222.222
142222.222
320000.0
247741.935
144905.66
142222.222
144905.66
160000.0
128000.0
320000.0
264827.586
142222.222
144905.66
320000.0
256000.0
144905.66
320000.0
256000.0
320000.0
256000.0
320000.0
256000.0
307200.0
264827.586
320000.0
264827.586
295384.615
274285.714
320000.0
274285.714
144905.66
144905.66
320000.0
264827.586
307200.0
274285.714
144905.66
144905.66
144905.66
144905.66
320000.0
274285.714
307200.0
274285.714
320000.0
264827.586
320000.0
264827.586
307200.0
320000.0
3840000.0
284444.444
295384.615
320000.0
264827.586
307200.0
284444.444
320000.0
264827.586
144905.66
307200.0
284444.444
147692.308
147692.308
307200.0
284444.444
147692.308
307200.0
307200.0
3840000.0
284444.444
295384.615
295384.615
295384.615
144905.66
147692.308
147692.308
144905.66
147692.308
144905.66
307200.0
274285.714
295384.615
284444.444
320000.0
256000.0
144905.66
144905.66
147692.308
144905.66
144905.66
307200.0
264827.586
144905.66
144905.66
144905.66
144905.66
144905.66
144905.66
320000.0
264827.586
144905.66
144905.66
144905.66
144905.66
320000.0
264827.586
144905.66
144905.66
142222.222
144905.66
144905.66
142222.222
320000.0
264827.586
320000.0
256000.0
142222.222
142222.222
142222.222
144905.66
142222.222
320000.0
247741.935
142222.222
142222.222
142222.222
142222.222
142222.222
320000.0
256000.0
320000.0
256000.0
142222.222
320000.0
256000.0
142222.222
142222.222
139636.364
142222.222
142222.222
142222.222
144905.66
142222.222
320000.0
256000.0
320000.0
256000.0
142222.222
320000.0
256000.0
320000.0
247741.935
320000.0
256000.0
142222.222
142222.222
144905.66
307200.0
264827.586
142222.222
144905.66
320000.0
256000.0
142222.222
142222.222
320000.0
264827.586
142222.222
144905.66
144905.66
142222.222
320000.0
256000.0
142222.222
142222.222
142222.222
142222.222
142222.222
144905.66
142222.222
142222.222
142222.222
320000.0
256000.0
307200.0
256000.0
142222.222
142222.222
139636.364
142222.222
142222.222
139636.364
139636.364
139636.364
139636.364
142222.222
139636.364
139636.364
142222.222
139636.364
139636.364
137142.857
142222.222
137142.857
139636.364
139636.364
137142.857
139636.364
139636.364
139636.364
137142.857
139636.364
139636.364
139636.364
139636.364
137142.857
139636.364
139636.364
139636.364
139636.364
139636.364
139636.364
139636.364
139636.364
139636.364
139636.364
139636.364
137142.857
139636.364
137142.857
139636.364
137142.857
320000.0
247741.935
139636.364
137142.857
137142.857
139636.364
137142.857
139636.364
137142.857
139636.364
137142.857
182857.143
590769.231
139636.364
137142.857
139636.364
137142.857
404210.526
207567.568
139636.364
139636.364
139636.364
137142.857
139636.364
137142.857
137142.857
139636.364
134736.842
137142.857
137142.857
137142.857
137142.857
137142.857
137142.857
320000.0
232727.273
320000.0
240000.0
134736.842
137142.857
320000.0
240000.0
139636.364
137142.857
137142.857
426666.667
196923.077
137142.857
134736.842
137142.857
139636.364
137142.857
137142.857
137142.857
451764.706
192000.0
137142.857
139636.364
137142.857
134736.842
137142.857
137142.857
134736.842
137142.857
137142.857
137142.857
137142.857
426666.667
202105.263
137142.857
137142.857
137142.857
134736.842
134736.842
137142.857
137142.857
137142.857
134736.842
137142.857
134736.842
137142.857
134736.842
137142.857
137142.857
137142.857
137142.857
137142.857
137142.857
320000.0
240000.0
320000.0
232727.273
137142.857
137142.857
134736.842
134736.842
134736.842
137142.857
137142.857
134736.842
139636.364
137142.857
134736.842
139636.364
320000.0
240000.0
137142.857
320000.0
240000.0
134736.842
137142.857
139636.364
137142.857
137142.857
137142.857
139636.364
137142.857
137142.857
137142.857
137142.857
139636.364
137142.857
137142.857
139636.364
320000.0
232727.273
320000.0
240000.0
134736.842
137142.857
137142.857
137142.857
134736.842
137142.857
137142.857
137142.857
137142.857
137142.857
134736.842
163404.255
147692.308
112941.176
134736.842
137142.857
134736.842
150588.235
121904.762
134736.842
134736.842
132413.793
153600.0
121904.762
134736.842
132413.793
132413.793
153600.0
118153.846
132413.793
132413.793
134736.842
147692.308
125901.639
134736.842
137142.857
134736.842
139636.364
128000.0
132413.793
134736.842
132413.793
132413.793
134736.842
132413.793
134736.842
134736.842
134736.842
132413.793
134736.842
132413.793
132413.793
134736.842
134736.842
134736.842
134736.842
132413.793
134736.842
134736.842
134736.842
134736.842
134736.842
132413.793
134736.842
132413.793
134736.842
132413.793
132413.793
132413.793
134736.842
426666.667
3840000.0
207567.568
132413.793
134736.842
134736.842
134736.842
134736.842
134736.842
134736.842
134736.842
132413.793
134736.842
134736.842
134736.842
134736.842
134736.842
134736.842
134736.842
134736.842
132413.793
132413.793
134736.842
132413.793
134736.842
132413.793
134736.842
132413.793
132413.793
134736.842
134736.842
132413.793
134736.842
132413.793
132413.793
132413.793
134736.842
134736.842
134736.842
132413.793
137142.857
134736.842
320000.0
232727.273
132413.793
320000.0
225882.353
132413.793
134736.842
132413.793
134736.842
132413.793
320000.0
225882.353
132413.793
132413.793
132413.793
320000.0
232727.273
134736.842
134736.842
134736.842
320000.0
232727.273
320000.0
232727.273
132413.793
134736.842
134736.842
134736.842
137142.857
132413.793
134736.842
307200.0
232727.273
134736.842
134736.842
132413.793
134736.842
134736.842
132413.793
134736.842
132413.793
134736.842
132413.793
134736.842
134736.842
132413.793
134736.842
134736.842
134736.842
132413.793
320000.0
225882.353
134736.842
134736.842
137142.857
134736.842
307200.0
240000.0
137142.857
134736.842
137142.857
134736.842
137142.857
134736.842
134736.842
134736.842
132413.793
307200.0
240000.0
137142.857
137142.857
134736.842
137142.857
132413.793
134736.842
134736.842
134736.842
137142.857
320000.0
232727.273
134736.842
137142.857
132413.793
137142.857
134736.842
134736.842
137142.857
134736.842
137142.857
134736.842
137142.857
134736.842
307200.0
240000.0
134736.842
134736.842
134736.842
134736.842
134736.842
137142.857
137142.857
134736.842
134736.842
134736.842
137142.857
134736.842
134736.842
137142.857
137142.857
134736.842
134736.842
132413.793
134736.842
166956.522
116363.636
134736.842
134736.842
137142.857
134736.842
132413.793
137142.857
132413.793
134736.842
320000.0
232727.273
134736.842
134736.842
134736.842
132413.793
134736.842
134736.842
134736.842
134736.842
134736.842
134736.842
134736.842
134736.842
134736.842
132413.793
132413.793
134736.842
134736.842
132413.793
134736.842
134736.842
134736.842
132413.793
134736.842
134736.842
132413.793
132413.793
134736.842
132413.793
134736.842
132413.793
132413.793
132413.793
132413.793
134736.842
134736.842
132413.793
134736.842
134736.842
132413.793
134736.842
130169.492
132413.793
132413.793
132413.793
132413.793
132413.793
132413.793
132413.793
132413.793
320000.0
232727.273
132413.793
130169.492
132413.793
320000.0
225882.353
134736.842
130169.492
134736.842
132413.793
132413.793
132413.793
132413.793
134736.842
132413.793
132413.793
132413.793
132413.793
132413.793
132413.793
132413.793
130169.492
132413.793
130169.492
132413.793
132413.793
132413.793
132413.793
130169.492
130169.492
132413.793
130169.492
132413.793
132413.793
130169.492
132413.793
132413.793
130169.492
132413.793
130169.492
130169.492
134736.842
130169.492
132413.793
130169.492
130169.492
130169.492
132413.793
130169.492
132413.793
130169.492
130169.492
132413.793
132413.793
130169.492
132413.793
130169.492
132413.793
130169.492
132413.793
130169.492
132413.793
130169.492
132413.793
132413.793
132413.793
132413.793
132413.793
132413.793
132413.793
130169.492
132413.793
130169.492
132413.793
130169.492
132413.793
132413.793
132413.793
130169.492
130169.492
128000.0
132413.793
130169.492
132413.793
130169.492
130169.492
130169.492
130169.492
132413.793
130169.492
132413.793
128000.0
132413.793
132413.793
132413.793
132413.793
132413.793
130169.492
132413.793
130169.492
130169.492
130169.492
132413.793
130169.492
132413.793
132413.793
132413.793
130169.492
130169.492
130169.492
132413.793
134736.842
142222.222
123870.968
130169.492
130169.492
132413.793
130169.492
132413.793
132413.793
130169.492
132413.793
130169.492
132413.793
130169.492
163404.255
111304.348
132413.793
130169.492
132413.793
130169.492
132413.793
132413.793
132413.793
132413.793
137142.857
128000.0
130169.492
130169.492
132413.793
128000.0
132413.793
130169.492
132413.793
130169.492
132413.793
130169.492
132413.793
130169.492
132413.793
130169.492
130169.492
130169.492
130169.492
132413.793
130169.492
130169.492
132413.793
130169.492
320000.0
225882.353
130169.492
130169.492
130169.492
132413.793
130169.492
132413.793
130169.492
132413.793
130169.492
130169.492
130169.492
130169.492
130169.492
132413.793
130169.492
130169.492
166956.522
130169.492
69818.182
91428.571
109714.286
49870.13
89302.326
118153.846
87272.727
123870.968
56470.588
150588.235
333913.043
58181.818
90352.941
120000.0
46545.455
108169.014
89302.326
96000.0
99740.26
114626.866
94814.815
156734.694
54468.085
295384.615
111304.348
69189.189
87272.727
132413.793
60472.441
274285.714
97215.19
139636.364
64537.815
307200.0
121904.762
108169.014
73846.154
112941.176
307200.0
125901.639
178604.651
284444.444
79175.258
256000.0
108169.014
118153.846
78367.347
295384.615
121904.762
284444.444
106666.667
82580.645
84395.604
139636.364
66782.609
264827.586
102400.0
128000.0
74563.107
274285.714
105205.479
111304.348
77575.758
156734.694
384000.0
64000.0
116363.636
74563.107
83478.261
123870.968
77575.758
156734.694
295384.615
73142.857
85333.333
88275.862
88275.862
121904.762
67964.602
118153.846
71111.111
76039.604
80842.105
83478.261
139636.364
80000.0
67368.421
134736.842
59534.884
86292.135
112941.176
71111.111
88275.862
88275.862
85333.333
83478.261
134736.842
59076.923
80842.105
123870.968
63471.074
114626.866
73846.154
142222.222
57313.433
111304.348
75294.118
142222.222
60472.441
84395.604
111304.348
69189.189
87272.727
83478.261
80842.105
84395.604
142222.222
63471.074
88275.862
82580.645
83478.261
85333.333
139636.364
62950.82
87272.727
89302.326
80000.0
87272.727
86292.135
137142.857
62950.82
84395.604
105205.479
72452.83
89302.326
83478.261
137142.857
59534.884
85333.333
103783.784
70458.716
82580.645
83478.261
82580.645
84395.604
137142.857
62439.024
84395.604
91428.571
77575.758
87272.727
85333.333
132413.793
62439.024
86292.135
81702.128
80000.0
82580.645
139636.364
55652.174
81702.128
121904.762
64537.815
86292.135
83478.261
137142.857
60000.0
85333.333
84395.604
83478.261
85333.333
134736.842
64000.0
87272.727
80842.105
139636.364
60472.441
84395.604
92530.12
76039.604
86292.135
84395.604
137142.857
62439.024
91428.571
130169.492
105205.479
96000.0
225882.353
76800.0
96000.0
76800.0
90352.941
90352.941
128000.0
64537.815
84395.604
84395.604
139636.364
62439.024
85333.333
82580.645
137142.857
61935.484
83478.261
82580.645
139636.364
61440.0
84395.604
82580.645
137142.857
60472.441
83478.261
82580.645
137142.857
63471.074
77575.758
83478.261
130169.492
61440.0
83478.261
82580.645
139636.364
61440.0
83478.261
81702.128
139636.364
57313.433
80842.105
112941.176
63471.074
82580.645
81702.128
130169.492
60472.441
82580.645
86292.135
128000.0
62950.82
84395.604
82580.645
139636.364
60952.381
82580.645
81702.128
139636.364
58181.818
81702.128
84395.604
85333.333
105205.479
65641.026
79175.258
79175.258
137142.857
56058.394
80000.0
112941.176
65084.746
81702.128
80000.0
137142.857
56888.889
79175.258
109714.286
65641.026
83478.261
84395.604
132413.793
62950.82
85333.333
81702.128
137142.857
61440.0
81702.128
79175.258
137142.857
57744.361
79175.258
108169.014
66782.609
82580.645
79175.258
134736.842
56888.889
93658.537
81702.128
139636.364
57744.361
73846.154
125901.639
61935.484
82580.645
84395.604
134736.842
65084.746
82580.645
80842.105
139636.364
60472.441
81702.128
81702.128
132413.793
60952.381
81702.128
83478.261
132413.793
61440.0
82580.645
82580.645
134736.842
59534.884
82580.645
83478.261
132413.793
62950.82
81702.128
80000.0
137142.857
59534.884
142222.222
365714.286
70458.716
81702.128
83478.261
81702.128
121904.762
64000.0
82580.645
80000.0
137142.857
58181.818
79175.258
105205.479
65641.026
81702.128
79175.258
134736.842
55251.799
78367.347
108169.014
63471.074
80842.105
78367.347
130169.492
55652.174
78367.347
109714.286
61935.484
80842.105
78367.347
132413.793
56888.889
78367.347
97215.19
69189.189
78367.347
78367.347
128000.0
57313.433
79175.258
80000.0
81702.128
82580.645
123870.968
61935.484
81702.128
79175.258
134736.842
60472.441
82580.645
80842.105
134736.842
59534.884
80842.105
80842.105
134736.842
57744.361
80000.0
80842.105
132413.793
59076.923
78367.347
80842.105
134736.842
59076.923
79175.258
79175.258
134736.842
57744.361
78367.347
86292.135
72452.83
78367.347
78367.347
134736.842
166956.522
76800.0
80000.0
123870.968
60472.441
81702.128
77575.758
132413.793
56888.889
78367.347
79175.258
79175.258
78367.347
128000.0
57313.433
79175.258
80000.0
121904.762
60472.441
80000.0
79175.258
134736.842
55251.799
77575.758
87272.727
74563.107
81702.128
125901.639
59076.923
81702.128
80842.105
80842.105
118153.846
63471.074
81702.128
81702.128
132413.793
61440.0
80842.105
80000.0
134736.842
