44776.119
44117.647
44378.698
44910.18
43988.27
44247.788
43988.27
43478.261
43988.27
44117.647
43859.649
43227.666
42492.918
43352.601
42372.881
42492.918
42735.043
43988.27
43352.601
43478.261
43731.778
43478.261
44910.18
43478.261
41782.73
42253.521
40650.407
23041.475
25641.026
25996.534
24630.542
28957.529
25641.026
153061.224
26737.968
137614.679
26929.982
140186.916
25337.838
131578.947
40106.952
136363.636
5601.195
194805.195
214285.714
214285.714
267857.143
258620.69
189873.418
126050.42
125000.0
46728.972
31185.031
30241.935
29585.799
27829.314
4485.646
29411.765
33482.143
35046.729
36057.692
35294.118
37220.844
37037.037
36585.366
33482.143
30487.805
26408.451
5861.665
31055.901
33860.045
35294.118
37220.844
38363.171
39473.684
40000.0
38860.104
40871.935
37593.985
34965.035
32258.065
50847.458
32327.586
37220.844
38167.939
50335.57
33783.784
36319.613
38265.306
38961.039
36319.613
36764.706
35294.118
34403.67
32751.092
30612.245
27675.277
28571.429
27985.075
27573.529
35294.118
48859.935
51369.863
51903.114
54744.526
52631.579
54945.055
43731.778
46583.851
43604.651
35545.024
9664.948
10964.912
26548.673
38363.171
31645.57
32537.961
33407.572
33860.045
33482.143
32119.914
29940.12
39682.54
34722.222
17341.04
7225.434
78534.031
29527.559
76923.077
32467.532
75757.576
34013.605
33333.333
32608.696
31055.901
28301.887
6206.041
42613.636
27829.314
76142.132
31055.901
77319.588
33482.143
69444.444
33632.287
31982.942
29354.207
24590.164
4114.098
27573.529
78534.031
33259.424
62240.664
36674.817
75376.884
39682.54
71090.047
45045.045
56179.775
50847.458
50000.0
49342.105
50675.676
47619.048
59523.81
49504.95
36144.578
26881.72
14423.077
14749.263
15090.543
21186.441
49833.887
26269.702
27881.041
29239.766
30425.963
30991.736
31120.332
30425.963
29013.54
26501.767
22488.756
6012.024
72463.768
30181.087
35046.729
35211.268
34642.032
34403.67
34324.943
34562.212
34802.784
46012.27
32967.033
34324.943
34482.759
34883.721
35046.729
34965.035
49668.874
33407.572
35377.358
35460.993
142857.143
40871.935
86206.897
40760.87
148514.851
42253.521
138888.889
59288.538
41208.791
43352.601
42735.043
43988.27
43988.27
31250.0
150000.0
37220.844
138888.889
36319.613
140186.916
35545.024
140186.916
34013.605
140186.916
35294.118
144230.769
35629.454
144230.769
32822.757
141509.434
32894.737
144230.769
32051.282
145631.068
31578.947
150000.0
31250.0
154639.175
24875.622
71090.047
21367.521
51903.114
4882.812
154639.175
41551.247
153061.224
88235.294
60483.871
62240.664
62240.664
61475.41
58593.75
58593.75
51903.114
57034.221
4736.344
7857.517
428571.429
