50000.0
50675.676
50335.57
49180.328
49180.328
49504.95
57692.308
54744.526
55555.556
54151.625
52631.579
49668.874
49342.105
49019.608
49668.874
53191.489
52631.579
52264.808
51546.392
51020.408
52264.808
51020.408
50847.458
50167.224
51020.408
50847.458
49833.887
50335.57
48701.299
48231.511
47923.323
47619.048
110294.118
48701.299
47468.354
47619.048
48231.511
37878.788
47619.048
47923.323
106382.979
53191.489
47468.354
46728.972
46439.628
46439.628
36674.817
45871.56
45592.705
45731.707
35714.286
45180.723
44910.18
44910.18
35211.268
44910.18
44776.119
35714.286
44247.788
43731.778
43604.651
43103.448
42857.143
42613.636
42979.943
42857.143
42735.043
42735.043
42253.521
42372.881
42134.831
42134.831
42016.807
41899.441
41899.441
41666.667
41551.247
42613.636
45180.723
45731.707
44910.18
44642.857
43988.27
43859.649
43103.448
42134.831
41666.667
51020.408
38071.066
31055.901
37313.433
37406.484
37220.844
37783.375
37313.433
38071.066
37974.684
38167.939
38363.171
38560.411
38759.69
38659.794
38961.039
38759.69
38961.039
39062.5
38560.411
39164.491
38461.538
38265.306
38363.171
37783.375
37500.0
37406.484
37500.0
37688.442
36496.35
36585.366
36407.767
35629.454
51369.863
96153.846
99337.748
52083.333
54945.055
56390.977
54744.526
47169.811
54744.526
57251.908
60000.0
120967.742
65217.391
65217.391
59288.538
60240.964
64655.172
61728.395
63025.21
62761.506
62761.506
62761.506
62761.506
63291.139
65217.391
59055.118
61475.41
61475.41
61224.49
61475.41
61475.41
61475.41
63291.139
64935.065
67264.574
67567.568
67873.303
111940.299
63025.21
58139.535
58593.75
59760.956
66371.681
69767.442
120000.0
63829.787
59523.81
66371.681
70422.535
75000.0
76530.612
78125.0
80213.904
79365.079
78947.368
81081.081
80645.161
81967.213
81521.739
94339.623
85714.286
79787.234
81521.739
127118.644
85714.286
79365.079
120000.0
85714.286
80645.161
81081.081
81081.081
80645.161
81081.081
82872.928
81521.739
94936.709
86206.897
85714.286
120967.742
88757.396
86206.897
117187.5
90361.446
89820.359
101351.351
90361.446
92024.54
94339.623
92024.54
94339.623
111111.111
96153.846
93750.0
125000.0
94936.709
96153.846
97402.597
97402.597
98039.216
96774.194
98039.216
97402.597
98039.216
96774.194
96774.194
98684.211
98684.211
97402.597
99337.748
122950.82
96774.194
99337.748
98684.211
98684.211
113636.364
98039.216
99337.748
100671.141
100000.0
99337.748
100000.0
100000.0
117187.5
95541.401
100671.141
100671.141
100000.0
100000.0
100671.141
99337.748
108695.652
94339.623
100000.0
100000.0
98684.211
98684.211
100671.141
100000.0
119047.619
97402.597
100671.141
102040.816
101351.351
101351.351
100671.141
101351.351
100000.0
100671.141
101351.351
119047.619
99337.748
102040.816
102739.726
101351.351
101351.351
100000.0
101351.351
98684.211
102739.726
100671.141
102739.726
100671.141
101351.351
101351.351
100671.141
100671.141
100671.141
102040.816
101351.351
102040.816
100671.141
101351.351
100671.141
100671.141
100000.0
101351.351
100671.141
101351.351
109489.051
98039.216
101351.351
100000.0
100671.141
100671.141
100671.141
100000.0
99337.748
100000.0
101351.351
103448.276
98684.211
100671.141
100671.141
100671.141
100000.0
101351.351
107142.857
97402.597
100000.0
99337.748
116279.07
93750.0
98684.211
99337.748
99337.748
98684.211
99337.748
98039.216
103448.276
96774.194
99337.748
98039.216
98039.216
98684.211
98684.211
98039.216
97402.597
98684.211
98684.211
98684.211
98684.211
98039.216
98684.211
97402.597
98039.216
97402.597
97402.597
98684.211
97402.597
98039.216
96774.194
97402.597
97402.597
96774.194
97402.597
97402.597
96153.846
119047.619
91463.415
95541.401
95541.401
94936.709
96153.846
96153.846
96774.194
93750.0
95541.401
97402.597
93750.0
94936.709
95541.401
94936.709
95541.401
94936.709
95541.401
94339.623
94339.623
94339.623
94936.709
94339.623
94936.709
94339.623
94339.623
94936.709
94339.623
93750.0
94339.623
93750.0
94936.709
112781.955
89285.714
93167.702
93167.702
93167.702
92024.54
93750.0
93750.0
92024.54
93750.0
92592.593
92592.593
92592.593
92024.54
92592.593
93167.702
92592.593
92592.593
91463.415
92024.54
92024.54
91463.415
91463.415
92024.54
92592.593
90909.091
90361.446
90909.091
90361.446
91463.415
90909.091
90909.091
90909.091
91463.415
87719.298
89820.359
88757.396
89285.714
88757.396
85227.273
87719.298
86206.897
84745.763
85714.286
84745.763
84745.763
83798.883
84269.663
83798.883
83333.333
82872.928
82417.582
82417.582
189873.418
1557.309
1250000.0
7568.113
220588.235
73529.412
68181.818
81521.739
71770.335
72115.385
73891.626
197368.421
40431.267
122950.82
35377.358
60483.871
55555.556
56818.182
59523.81
9079.903
56818.182
28901.734
62240.664
59055.118
61983.471
85714.286
39577.836
130434.783
117187.5
54151.625
62240.664
202702.703
24752.475
60240.964
55970.149
57471.264
180722.892
156250.0
148514.851
53003.534
58593.75
51724.138
51903.114
57915.058
214285.714
75000.0
58139.535
58593.75
59523.81
194805.195
81967.213
50505.051
109489.051
172413.793
51369.863
128205.128
100671.141
61475.41
39370.079
64655.172
60240.964
87209.302
172413.793
174418.605
84269.663
57915.058
57251.908
56179.775
64935.065
70422.535
70093.458
75000.0
76530.612
75757.576
78534.031
79787.234
81081.081
81967.213
81967.213
84269.663
81967.213
85714.286
84269.663
85714.286
82872.928
87209.302
85227.273
84269.663
85714.286
85714.286
