66782.609
66782.609
66206.897
67368.421
66782.609
67368.421
67368.421
66782.609
66782.609
67368.421
66782.609
67368.421
67368.421
67368.421
67368.421
67368.421
67964.602
67368.421
67368.421
67368.421
67368.421
67368.421
67964.602
67368.421
67368.421
67368.421
67368.421
67964.602
67368.421
67964.602
68571.429
67964.602
68571.429
67964.602
67964.602
69189.189
69189.189
69189.189
69189.189
69189.189
69818.182
69818.182
69818.182
71111.111
69818.182
70458.716
71775.701
70458.716
71775.701
71111.111
71111.111
71111.111
71111.111
71111.111
71111.111
71111.111
69818.182
70458.716
69818.182
69818.182
69818.182
69189.189
69189.189
69189.189
68571.429
68571.429
69189.189
68571.429
68571.429
68571.429
68571.429
68571.429
67964.602
67368.421
67964.602
66782.609
67368.421
66782.609
66782.609
67368.421
67368.421
66782.609
67964.602
67368.421
67964.602
68571.429
68571.429
69189.189
68571.429
68571.429
68571.429
68571.429
69189.189
69818.182
69189.189
69189.189
69818.182
69189.189
69189.189
70458.716
68571.429
69189.189
69818.182
69189.189
69818.182
69818.182
69189.189
70458.716
68571.429
89302.326
56888.889
68571.429
69189.189
67964.602
68571.429
93658.537
54468.085
68571.429
69818.182
69189.189
69818.182
69818.182
69189.189
93658.537
54857.143
68571.429
69189.189
68571.429
69189.189
68571.429
67964.602
68571.429
68571.429
68571.429
67964.602
68571.429
67964.602
67964.602
67964.602
67964.602
67964.602
67368.421
67964.602
67964.602
67368.421
67964.602
67964.602
67368.421
67964.602
67368.421
67368.421
67964.602
67368.421
67368.421
67368.421
67368.421
68571.429
67964.602
90352.941
56470.588
69189.189
69189.189
70458.716
71111.111
71111.111
71111.111
71111.111
71111.111
71775.701
71111.111
93658.537
116363.636
46265.06
66206.897
72452.83
72452.83
73846.154
73142.857
73846.154
73846.154
73142.857
74563.107
73846.154
73846.154
73846.154
73846.154
73142.857
73846.154
92530.12
60472.441
73142.857
72452.83
72452.83
72452.83
72452.83
71775.701
72452.83
71775.701
71775.701
71775.701
71775.701
71111.111
71111.111
71111.111
71111.111
71111.111
70458.716
71111.111
70458.716
70458.716
70458.716
70458.716
69818.182
70458.716
70458.716
70458.716
70458.716
70458.716
70458.716
70458.716
70458.716
70458.716
69818.182
71111.111
70458.716
70458.716
70458.716
69818.182
71111.111
70458.716
71111.111
70458.716
71111.111
71111.111
69818.182
88275.862
59076.923
70458.716
70458.716
70458.716
70458.716
89302.326
57744.361
69818.182
69818.182
70458.716
69818.182
70458.716
69818.182
70458.716
69818.182
69818.182
69818.182
70458.716
69818.182
69818.182
69818.182
68571.429
69189.189
69189.189
68571.429
69189.189
68571.429
68571.429
69189.189
67964.602
68571.429
91428.571
54084.507
67964.602
67964.602
68571.429
69189.189
68571.429
69189.189
68571.429
69189.189
69189.189
68571.429
94814.815
54857.143
68571.429
69189.189
68571.429
89302.326
56470.588
69189.189
69189.189
69189.189
69818.182
69189.189
69818.182
69189.189
69189.189
69818.182
69189.189
69189.189
69818.182
93658.537
112941.176
42905.028
67964.602
70458.716
69818.182
71111.111
69818.182
70458.716
91428.571
56888.889
69189.189
69818.182
69189.189
69818.182
69818.182
69189.189
69189.189
68571.429
68571.429
67964.602
67964.602
67964.602
67964.602
67368.421
67368.421
67368.421
96000.0
51543.624
66782.609
66782.609
67964.602
67964.602
96000.0
53333.333
68571.429
94814.815
54468.085
68571.429
69189.189
90352.941
56058.394
69189.189
69189.189
69189.189
69189.189
69189.189
68571.429
69189.189
68571.429
68571.429
69189.189
68571.429
68571.429
69189.189
68571.429
69818.182
68571.429
69189.189
69189.189
69189.189
69189.189
69189.189
69189.189
69189.189
69189.189
68571.429
69189.189
68571.429
68571.429
68571.429
67964.602
67964.602
68571.429
67964.602
67964.602
67964.602
67964.602
68571.429
68571.429
69189.189
68571.429
67964.602
69189.189
68571.429
67964.602
68571.429
67964.602
67964.602
67964.602
67964.602
68571.429
68571.429
68571.429
69189.189
69189.189
69189.189
69189.189
69818.182
69189.189
69189.189
69189.189
69189.189
69189.189
69189.189
69818.182
69818.182
69818.182
69818.182
69818.182
70458.716
70458.716
69818.182
71111.111
70458.716
70458.716
70458.716
70458.716
71111.111
70458.716
71111.111
70458.716
71111.111
69818.182
70458.716
69818.182
70458.716
69818.182
69818.182
69818.182
70458.716
69818.182
70458.716
77575.758
64537.815
69189.189
69818.182
71111.111
69818.182
70458.716
69189.189
69189.189
69189.189
69189.189
68571.429
69189.189
67964.602
68571.429
67964.602
68571.429
67964.602
68571.429
67964.602
68571.429
68571.429
68571.429
68571.429
68571.429
69189.189
69189.189
68571.429
69189.189
69189.189
69189.189
69818.182
69189.189
69818.182
69818.182
69189.189
69818.182
69818.182
69189.189
69818.182
69189.189
69189.189
69818.182
69189.189
69818.182
91428.571
130169.492
41967.213
69189.189
70458.716
69818.182
70458.716
70458.716
70458.716
70458.716
69818.182
69818.182
69189.189
69818.182
69189.189
69189.189
69189.189
69818.182
69189.189
69189.189
69189.189
68571.429
68571.429
68571.429
67964.602
67964.602
67368.421
67964.602
67964.602
67368.421
67964.602
67964.602
67964.602
67964.602
67964.602
68571.429
67964.602
67964.602
67964.602
67964.602
67368.421
67964.602
67368.421
67368.421
67964.602
67368.421
67964.602
67368.421
67368.421
68571.429
67964.602
67964.602
67964.602
68571.429
68571.429
68571.429
69189.189
68571.429
69189.189
69189.189
69189.189
69189.189
69189.189
69189.189
69818.182
69189.189
69818.182
68571.429
69818.182
69818.182
68571.429
69818.182
68571.429
67964.602
68571.429
67964.602
91428.571
105205.479
99740.26
38400.0
65084.746
96000.0
51891.892
67368.421
67964.602
67964.602
67964.602
67964.602
68571.429
67368.421
67964.602
67368.421
67368.421
67368.421
66782.609
67964.602
67368.421
67368.421
66782.609
67368.421
67964.602
67368.421
67964.602
67964.602
67964.602
67964.602
67964.602
68571.429
67964.602
67964.602
67964.602
67964.602
67964.602
68571.429
67964.602
68571.429
67964.602
68571.429
68571.429
68571.429
69189.189
68571.429
69189.189
68571.429
69189.189
69189.189
68571.429
68571.429
69189.189
67964.602
68571.429
68571.429
67964.602
67964.602
67964.602
67964.602
67368.421
67964.602
67368.421
67964.602
66782.609
67368.421
67368.421
73142.857
61935.484
66782.609
66206.897
66782.609
66206.897
66206.897
66206.897
66206.897
66782.609
66206.897
66782.609
66782.609
66782.609
66782.609
67368.421
67368.421
66782.609
67368.421
66782.609
67964.602
67368.421
67964.602
67964.602
67964.602
67964.602
67964.602
67964.602
67964.602
125901.639
47116.564
66782.609
67964.602
67964.602
68571.429
67368.421
67964.602
67964.602
67368.421
67368.421
67368.421
67368.421
67368.421
67368.421
67368.421
67964.602
67368.421
67368.421
67368.421
67368.421
67368.421
66782.609
67368.421
67368.421
66782.609
66782.609
66782.609
66782.609
67368.421
66206.897
67368.421
66782.609
67368.421
67964.602
67964.602
67964.602
67964.602
68571.429
67964.602
67964.602
67964.602
67964.602
67368.421
67368.421
67368.421
67368.421
121904.762
47116.564
67368.421
67964.602
67964.602
67368.421
67964.602
67368.421
67964.602
67964.602
67368.421
68571.429
67964.602
67964.602
67964.602
67964.602
67964.602
67964.602
67964.602
67368.421
67964.602
67964.602
67964.602
67964.602
67368.421
67368.421
67368.421
67964.602
67368.421
66782.609
66782.609
67368.421
66782.609
67368.421
67368.421
67368.421
67368.421
67964.602
67964.602
67964.602
67964.602
67964.602
67964.602
67368.421
67964.602
67368.421
67368.421
67368.421
67964.602
93658.537
134736.842
40634.921
61935.484
68571.429
68571.429
67964.602
67368.421
67368.421
67368.421
66782.609
66782.609
66782.609
66782.609
66782.609
66206.897
66782.609
66206.897
66782.609
66206.897
66782.609
67964.602
67964.602
69189.189
87272.727
61935.484
73142.857
74563.107
73846.154
89302.326
63471.074
73846.154
74563.107
74563.107
76039.604
75294.118
75294.118
76800.0
82580.645
70458.716
78367.347
76800.0
78367.347
80000.0
77575.758
84395.604
73142.857
78367.347
78367.347
79175.258
83478.261
73846.154
78367.347
78367.347
77575.758
78367.347
78367.347
76800.0
78367.347
76800.0
86292.135
69189.189
76800.0
76039.604
76800.0
75294.118
76039.604
76039.604
75294.118
76039.604
76039.604
76039.604
76039.604
76800.0
81702.128
71111.111
75294.118
74563.107
75294.118
75294.118
76039.604
75294.118
75294.118
76039.604
75294.118
76039.604
75294.118
75294.118
75294.118
74563.107
74563.107
74563.107
73846.154
74563.107
73142.857
73846.154
73846.154
73142.857
73846.154
73142.857
73846.154
73142.857
73142.857
73846.154
73142.857
73142.857
73142.857
73846.154
73142.857
73846.154
74563.107
73846.154
75294.118
74563.107
74563.107
76039.604
75294.118
75294.118
76039.604
76039.604
76039.604
76039.604
75294.118
76039.604
75294.118
75294.118
75294.118
76039.604
74563.107
74563.107
75294.118
73846.154
73846.154
74563.107
73142.857
74563.107
73142.857
73846.154
73846.154
73846.154
74563.107
73846.154
74563.107
73846.154
74563.107
73846.154
73142.857
74563.107
73142.857
73846.154
73142.857
73142.857
73142.857
73846.154
73846.154
73846.154
73846.154
73846.154
73142.857
73846.154
73846.154
73846.154
73142.857
73846.154
73142.857
73846.154
73142.857
73142.857
73142.857
73142.857
72452.83
73142.857
72452.83
73142.857
72452.83
71775.701
73142.857
72452.83
72452.83
72452.83
72452.83
73142.857
72452.83
73142.857
88275.862
63471.074
71775.701
72452.83
72452.83
73142.857
72452.83
73142.857
71775.701
72452.83
73142.857
72452.83
73142.857
73142.857
73142.857
72452.83
72452.83
73142.857
71775.701
73142.857
71775.701
72452.83
72452.83
71775.701
72452.83
72452.83
71775.701
72452.83
71775.701
71775.701
71775.701
71775.701
71111.111
71111.111
71111.111
71111.111
71775.701
71111.111
71111.111
72452.83
71775.701
71775.701
72452.83
71775.701
72452.83
72452.83
71775.701
72452.83
71775.701
71775.701
72452.83
72452.83
71775.701
72452.83
72452.83
72452.83
71775.701
72452.83
72452.83
71775.701
72452.83
71775.701
71775.701
72452.83
71111.111
72452.83
71775.701
71775.701
71775.701
71775.701
71775.701
71775.701
71775.701
71775.701
71775.701
71775.701
71775.701
71775.701
71775.701
71775.701
71775.701
71775.701
71775.701
71111.111
71775.701
71775.701
70458.716
71775.701
71111.111
70458.716
70458.716
70458.716
71111.111
70458.716
71111.111
70458.716
70458.716
70458.716
71111.111
70458.716
70458.716
71111.111
71111.111
71775.701
71775.701
71775.701
71775.701
71775.701
71775.701
72452.83
71775.701
73142.857
72452.83
73142.857
73142.857
73846.154
74563.107
73846.154
74563.107
76039.604
74563.107
75294.118
75294.118
75294.118
76039.604
76039.604
76800.0
76039.604
76039.604
76800.0
76800.0
77575.758
76800.0
76039.604
77575.758
76800.0
76039.604
76039.604
77575.758
77575.758
76039.604
76800.0
78367.347
77575.758
78367.347
76800.0
77575.758
77575.758
76800.0
77575.758
77575.758
76800.0
76039.604
76800.0
76800.0
76039.604
76039.604
75294.118
75294.118
75294.118
74563.107
74563.107
74563.107
74563.107
73846.154
73846.154
73142.857
73142.857
73846.154
72452.83
73142.857
73142.857
71775.701
72452.83
73142.857
71775.701
73142.857
71775.701
71775.701
72452.83
71775.701
71775.701
71111.111
71111.111
71775.701
71111.111
71775.701
71775.701
71775.701
71775.701
71775.701
71775.701
71111.111
72452.83
71775.701
71775.701
72452.83
71775.701
72452.83
71111.111
72452.83
71775.701
71775.701
71775.701
71775.701
71775.701
71111.111
71775.701
71111.111
71111.111
93658.537
103783.784
45988.024
69818.182
71111.111
71111.111
71111.111
71111.111
71111.111
71111.111
71111.111
70458.716
70458.716
71111.111
70458.716
71111.111
71111.111
71111.111
71111.111
71111.111
71111.111
70458.716
71111.111
70458.716
71775.701
71111.111
71111.111
71775.701
71775.701
73142.857
73142.857
73142.857
75294.118
74563.107
74563.107
76039.604
75294.118
76039.604
75294.118
75294.118
76039.604
76800.0
77575.758
77575.758
78367.347
77575.758
77575.758
80000.0
77575.758
77575.758
80000.0
77575.758
77575.758
78367.347
80000.0
77575.758
76800.0
77575.758
78367.347
80000.0
78367.347
78367.347
77575.758
102400.0
65084.746
77575.758
77575.758
77575.758
76039.604
76800.0
75294.118
76039.604
76800.0
76039.604
76039.604
76039.604
76039.604
75294.118
76039.604
75294.118
75294.118
75294.118
82580.645
67964.602
75294.118
76039.604
85333.333
66206.897
74563.107
74563.107
75294.118
75294.118
75294.118
75294.118
77575.758
75294.118
75294.118
75294.118
76800.0
76039.604
77575.758
76039.604
77575.758
76800.0
76800.0
76800.0
77575.758
76800.0
76800.0
76039.604
76800.0
77575.758
77575.758
76800.0
77575.758
101052.632
63471.074
102400.0
64537.815
76800.0
78367.347
78367.347
77575.758
79175.258
77575.758
79175.258
78367.347
79175.258
78367.347
79175.258
79175.258
79175.258
79175.258
79175.258
79175.258
78367.347
78367.347
80000.0
79175.258
79175.258
80000.0
79175.258
80000.0
80000.0
80000.0
79175.258
81702.128
80842.105
80842.105
79175.258
80842.105
80000.0
78367.347
78367.347
78367.347
78367.347
79175.258
80000.0
79175.258
80000.0
79175.258
80000.0
80842.105
80000.0
80000.0
80842.105
80000.0
80000.0
80000.0
80842.105
80000.0
80842.105
80000.0
79175.258
80842.105
80000.0
80000.0
80842.105
79175.258
79175.258
79175.258
80000.0
80000.0
79175.258
80842.105
80000.0
80000.0
80000.0
81702.128
94814.815
75294.118
73846.154
79175.258
78367.347
78367.347
76039.604
76800.0
79175.258
78367.347
76800.0
76800.0
77575.758
77575.758
77575.758
78367.347
78367.347
79175.258
79175.258
80000.0
79175.258
79175.258
79175.258
80000.0
79175.258
79175.258
78367.347
79175.258
81702.128
80842.105
80842.105
79175.258
80000.0
79175.258
79175.258
80000.0
80000.0
81702.128
80000.0
80842.105
80842.105
80842.105
81702.128
80842.105
82580.645
81702.128
81702.128
81702.128
80842.105
81702.128
80842.105
82580.645
80842.105
81702.128
80842.105
80842.105
80842.105
80842.105
80842.105
81702.128
80000.0
80842.105
80842.105
80842.105
80842.105
80842.105
81702.128
80842.105
81702.128
81702.128
81702.128
81702.128
80842.105
80842.105
79175.258
80000.0
81702.128
79175.258
81702.128
80000.0
80000.0
80000.0
78367.347
80000.0
80000.0
80000.0
80000.0
80842.105
80842.105
80000.0
80000.0
80842.105
82580.645
80842.105
79175.258
80000.0
80842.105
79175.258
80000.0
80000.0
80000.0
80842.105
81702.128
79175.258
80842.105
80000.0
80842.105
80842.105
80000.0
80000.0
80842.105
80842.105
80842.105
80842.105
81702.128
80842.105
80842.105
81702.128
80842.105
80842.105
81702.128
81702.128
80842.105
81702.128
81702.128
80842.105
81702.128
83478.261
82580.645
82580.645
82580.645
81702.128
83478.261
82580.645
82580.645
83478.261
82580.645
83478.261
82580.645
84395.604
83478.261
83478.261
84395.604
85333.333
83478.261
85333.333
83478.261
85333.333
84395.604
84395.604
85333.333
83478.261
83478.261
84395.604
84395.604
83478.261
84395.604
84395.604
82580.645
84395.604
84395.604
85333.333
83478.261
84395.604
84395.604
84395.604
84395.604
85333.333
85333.333
85333.333
85333.333
85333.333
84395.604
85333.333
85333.333
103783.784
73846.154
84395.604
86292.135
84395.604
83478.261
84395.604
83478.261
84395.604
84395.604
84395.604
84395.604
85333.333
84395.604
85333.333
85333.333
85333.333
85333.333
85333.333
85333.333
85333.333
85333.333
85333.333
85333.333
85333.333
85333.333
86292.135
84395.604
86292.135
85333.333
85333.333
84395.604
85333.333
85333.333
84395.604
85333.333
85333.333
85333.333
84395.604
86292.135
84395.604
85333.333
85333.333
86292.135
85333.333
84395.604
85333.333
84395.604
83478.261
84395.604
84395.604
84395.604
85333.333
85333.333
84395.604
85333.333
85333.333
85333.333
85333.333
84395.604
85333.333
84395.604
85333.333
85333.333
85333.333
83478.261
85333.333
85333.333
83478.261
85333.333
84395.604
84395.604
85333.333
85333.333
84395.604
84395.604
85333.333
86292.135
84395.604
84395.604
85333.333
84395.604
85333.333
86292.135
85333.333
86292.135
86292.135
85333.333
86292.135
86292.135
86292.135
86292.135
86292.135
85333.333
86292.135
86292.135
85333.333
85333.333
85333.333
84395.604
82580.645
85333.333
83478.261
82580.645
83478.261
108169.014
67964.602
82580.645
82580.645
84395.604
83478.261
89302.326
80842.105
85333.333
85333.333
84395.604
84395.604
83478.261
85333.333
84395.604
84395.604
85333.333
84395.604
85333.333
85333.333
84395.604
87272.727
85333.333
86292.135
85333.333
87272.727
85333.333
85333.333
85333.333
86292.135
87272.727
85333.333
86292.135
86292.135
85333.333
86292.135
87272.727
86292.135
86292.135
85333.333
86292.135
85333.333
86292.135
85333.333
86292.135
85333.333
85333.333
85333.333
85333.333
85333.333
85333.333
85333.333
84395.604
85333.333
84395.604
84395.604
85333.333
85333.333
85333.333
86292.135
85333.333
86292.135
85333.333
87272.727
86292.135
85333.333
85333.333
86292.135
85333.333
85333.333
86292.135
86292.135
86292.135
86292.135
85333.333
86292.135
86292.135
86292.135
85333.333
86292.135
86292.135
86292.135
86292.135
85333.333
85333.333
86292.135
85333.333
86292.135
87272.727
85333.333
86292.135
85333.333
87272.727
85333.333
87272.727
85333.333
86292.135
87272.727
86292.135
85333.333
96000.0
77575.758
85333.333
85333.333
86292.135
85333.333
85333.333
85333.333
85333.333
86292.135
85333.333
86292.135
85333.333
85333.333
85333.333
84395.604
85333.333
85333.333
85333.333
85333.333
84395.604
84395.604
85333.333
98461.538
74563.107
83478.261
85333.333
84395.604
85333.333
85333.333
84395.604
85333.333
86292.135
85333.333
84395.604
87272.727
85333.333
84395.604
86292.135
85333.333
85333.333
86292.135
85333.333
85333.333
86292.135
84395.604
86292.135
84395.604
85333.333
84395.604
83478.261
84395.604
85333.333
83478.261
83478.261
83478.261
83478.261
84395.604
84395.604
84395.604
83478.261
84395.604
85333.333
83478.261
82580.645
85333.333
83478.261
82580.645
85333.333
83478.261
83478.261
83478.261
83478.261
82580.645
82580.645
83478.261
80842.105
82580.645
84395.604
81702.128
82580.645
83478.261
82580.645
83478.261
83478.261
83478.261
82580.645
82580.645
82580.645
83478.261
82580.645
101052.632
71775.701
80842.105
83478.261
83478.261
82580.645
81702.128
81702.128
80842.105
81702.128
81702.128
82580.645
80842.105
83478.261
82580.645
81702.128
84395.604
80842.105
82580.645
80842.105
83478.261
81702.128
80842.105
80842.105
81702.128
80842.105
81702.128
82580.645
82580.645
80000.0
82580.645
82580.645
81702.128
81702.128
82580.645
83478.261
82580.645
81702.128
82580.645
82580.645
84395.604
81702.128
81702.128
82580.645
83478.261
82580.645
81702.128
81702.128
80842.105
82580.645
82580.645
82580.645
82580.645
82580.645
82580.645
80842.105
81702.128
81702.128
82580.645
80842.105
84395.604
81702.128
82580.645
82580.645
81702.128
81702.128
82580.645
82580.645
81702.128
81702.128
81702.128
81702.128
81702.128
81702.128
81702.128
83478.261
82580.645
82580.645
81702.128
80842.105
80842.105
79175.258
80000.0
81702.128
80000.0
80000.0
80000.0
80000.0
80000.0
80842.105
79175.258
80000.0
80000.0
80000.0
79175.258
80000.0
79175.258
79175.258
79175.258
80000.0
79175.258
79175.258
79175.258
78367.347
78367.347
79175.258
79175.258
78367.347
78367.347
92530.12
70458.716
79175.258
79175.258
79175.258
80000.0
77575.758
77575.758
76039.604
76800.0
76800.0
80000.0
76800.0
77575.758
78367.347
77575.758
78367.347
78367.347
78367.347
79175.258
78367.347
79175.258
78367.347
79175.258
79175.258
78367.347
79175.258
78367.347
78367.347
78367.347
78367.347
77575.758
77575.758
87272.727
69189.189
78367.347
79175.258
78367.347
78367.347
78367.347
77575.758
78367.347
77575.758
78367.347
77575.758
78367.347
78367.347
78367.347
79175.258
78367.347
78367.347
77575.758
79175.258
80000.0
78367.347
78367.347
78367.347
75294.118
76800.0
77575.758
76039.604
77575.758
77575.758
77575.758
77575.758
77575.758
77575.758
77575.758
77575.758
77575.758
79175.258
78367.347
77575.758
78367.347
78367.347
78367.347
77575.758
78367.347
77575.758
77575.758
78367.347
77575.758
77575.758
78367.347
79175.258
77575.758
77575.758
77575.758
77575.758
76800.0
77575.758
76800.0
77575.758
76800.0
77575.758
77575.758
78367.347
78367.347
78367.347
79175.258
77575.758
77575.758
79175.258
76800.0
77575.758
78367.347
77575.758
77575.758
77575.758
76800.0
77575.758
77575.758
78367.347
76039.604
78367.347
76039.604
76800.0
76800.0
76800.0
76039.604
76800.0
76039.604
76039.604
76039.604
76039.604
76800.0
76039.604
76039.604
74563.107
76039.604
75294.118
76039.604
76039.604
76039.604
76800.0
77575.758
77575.758
75294.118
76800.0
75294.118
74563.107
75294.118
73846.154
73846.154
74563.107
75294.118
74563.107
75294.118
75294.118
76039.604
76800.0
76039.604
76039.604
76800.0
77575.758
76039.604
75294.118
76800.0
75294.118
76039.604
75294.118
75294.118
75294.118
75294.118
75294.118
74563.107
75294.118
74563.107
75294.118
76039.604
74563.107
75294.118
75294.118
74563.107
75294.118
75294.118
74563.107
75294.118
76039.604
73846.154
75294.118
75294.118
74563.107
77575.758
75294.118
73846.154
76039.604
75294.118
75294.118
76039.604
76039.604
76800.0
75294.118
76800.0
76039.604
76039.604
76039.604
75294.118
76039.604
76039.604
76039.604
76039.604
76800.0
76039.604
76039.604
76800.0
75294.118
75294.118
76039.604
75294.118
75294.118
76039.604
75294.118
76039.604
77575.758
74563.107
75294.118
76800.0
74563.107
76800.0
76039.604
74563.107
76039.604
76039.604
75294.118
75294.118
75294.118
75294.118
75294.118
74563.107
74563.107
74563.107
74563.107
73846.154
74563.107
74563.107
73846.154
74563.107
73846.154
74563.107
73846.154
74563.107
73142.857
73846.154
73846.154
73142.857
73846.154
73846.154
73142.857
73142.857
73142.857
73846.154
73142.857
73142.857
74563.107
72452.83
74563.107
73142.857
73846.154
75294.118
73142.857
74563.107
76800.0
73142.857
76039.604
76800.0
75294.118
74563.107
75294.118
75294.118
76039.604
91428.571
64000.0
75294.118
74563.107
74563.107
75294.118
74563.107
74563.107
74563.107
74563.107
73846.154
88275.862
64000.0
73142.857
73846.154
73142.857
88275.862
62950.82
72452.83
72452.83
93658.537
59534.884
72452.83
73142.857
72452.83
73142.857
73846.154
73142.857
73142.857
73846.154
73142.857
73142.857
73846.154
88275.862
63471.074
71775.701
73142.857
73846.154
73846.154
73142.857
73846.154
85333.333
64537.815
73142.857
73142.857
73846.154
73142.857
74563.107
73142.857
73846.154
73846.154
73142.857
73846.154
73846.154
73142.857
74563.107
73142.857
73846.154
73846.154
74563.107
73142.857
