93658.537
94814.815
94814.815
94814.815
93658.537
93658.537
92530.12
92530.12
92530.12
92530.12
91428.571
92530.12
92530.12
91428.571
93658.537
91428.571
91428.571
91428.571
90352.941
92530.12
90352.941
118153.846
74563.107
92530.12
92530.12
92530.12
93658.537
94814.815
94814.815
94814.815
96000.0
120000.0
202105.263
128000.0
96000.0
96000.0
97215.19
96000.0
97215.19
98461.538
97215.19
98461.538
98461.538
98461.538
98461.538
99740.26
98461.538
99740.26
98461.538
99740.26
99740.26
99740.26
99740.26
99740.26
101052.632
101052.632
101052.632
99740.26
102400.0
102400.0
101052.632
102400.0
101052.632
102400.0
101052.632
102400.0
102400.0
102400.0
102400.0
102400.0
101052.632
101052.632
101052.632
102400.0
101052.632
101052.632
102400.0
101052.632
101052.632
101052.632
99740.26
102400.0
101052.632
101052.632
101052.632
99740.26
101052.632
105205.479
284444.444
139636.364
99740.26
99740.26
99740.26
99740.26
99740.26
97215.19
97215.19
94814.815
93658.537
92530.12
92530.12
114626.866
75294.118
91428.571
91428.571
116363.636
202105.263
121904.762
92530.12
92530.12
92530.12
256000.0
147692.308
93658.537
93658.537
99740.26
284444.444
128000.0
94814.815
94814.815
101052.632
88275.862
96000.0
94814.815
98461.538
192000.0
163404.255
92530.12
92530.12
91428.571
91428.571
91428.571
88275.862
89302.326
88275.862
89302.326
89302.326
118153.846
333913.043
153600.0
142222.222
109714.286
90352.941
89302.326
132413.793
71775.701
207567.568
156734.694
92530.12
92530.12
92530.12
94814.815
94814.815
96000.0
93658.537
96000.0
94814.815
93658.537
93658.537
94814.815
92530.12
92530.12
93658.537
92530.12
90352.941
90352.941
116363.636
71775.701
90352.941
89302.326
89302.326
89302.326
89302.326
118153.846
71775.701
90352.941
89302.326
89302.326
89302.326
88275.862
89302.326
116363.636
71775.701
90352.941
89302.326
90352.941
91428.571
91428.571
90352.941
91428.571
90352.941
89302.326
89302.326
89302.326
88275.862
88275.862
120000.0
69818.182
88275.862
90352.941
88275.862
88275.862
89302.326
89302.326
88275.862
90352.941
90352.941
88275.862
91428.571
90352.941
90352.941
92530.12
90352.941
93658.537
93658.537
91428.571
93658.537
93658.537
94814.815
94814.815
96000.0
97215.19
98461.538
97215.19
97215.19
98461.538
99740.26
97215.19
98461.538
99740.26
101052.632
99740.26
98461.538
101052.632
101052.632
99740.26
101052.632
101052.632
102400.0
99740.26
101052.632
102400.0
102400.0
99740.26
105205.479
103783.784
102400.0
102400.0
98461.538
264827.586
178604.651
101052.632
101052.632
102400.0
101052.632
101052.632
99740.26
99740.26
102400.0
99740.26
112941.176
274285.714
132413.793
99740.26
101052.632
98461.538
101052.632
101052.632
98461.538
99740.26
99740.26
99740.26
109714.286
284444.444
139636.364
99740.26
99740.26
99740.26
97215.19
101052.632
99740.26
98461.538
98461.538
98461.538
98461.538
99740.26
98461.538
98461.538
98461.538
99740.26
97215.19
97215.19
98461.538
98461.538
98461.538
97215.19
98461.538
98461.538
98461.538
98461.538
97215.19
99740.26
92530.12
264827.586
174545.455
101052.632
101052.632
99740.26
99740.26
101052.632
99740.26
99740.26
98461.538
102400.0
101052.632
101052.632
99740.26
99740.26
101052.632
101052.632
98461.538
103783.784
101052.632
101052.632
101052.632
102400.0
101052.632
102400.0
101052.632
102400.0
102400.0
102400.0
102400.0
101052.632
102400.0
101052.632
101052.632
120000.0
88275.862
99740.26
99740.26
99740.26
99740.26
99740.26
97215.19
98461.538
97215.19
97215.19
96000.0
97215.19
94814.815
96000.0
96000.0
97215.19
144905.66
256000.0
99740.26
96000.0
91428.571
97215.19
96000.0
97215.19
219428.571
182857.143
97215.19
96000.0
97215.19
97215.19
98461.538
97215.19
98461.538
96000.0
98461.538
99740.26
99740.26
98461.538
98461.538
98461.538
98461.538
99740.26
99740.26
99740.26
99740.26
99740.26
99740.26
101052.632
101052.632
99740.26
101052.632
99740.26
101052.632
101052.632
101052.632
101052.632
102400.0
102400.0
103783.784
109714.286
153600.0
80842.105
101052.632
103783.784
102400.0
103783.784
103783.784
103783.784
105205.479
106666.667
105205.479
105205.479
103783.784
105205.479
103783.784
105205.479
105205.479
106666.667
105205.479
103783.784
105205.479
166956.522
102400.0
105205.479
87272.727
102400.0
103783.784
102400.0
98461.538
284444.444
232727.273
90352.941
99740.26
99740.26
99740.26
101052.632
101052.632
99740.26
101052.632
98461.538
99740.26
101052.632
98461.538
274285.714
163404.255
99740.26
99740.26
97215.19
98461.538
97215.19
98461.538
97215.19
98461.538
97215.19
97215.19
96000.0
97215.19
97215.19
274285.714
139636.364
94814.815
93658.537
92530.12
96000.0
274285.714
130169.492
92530.12
92530.12
91428.571
93658.537
91428.571
90352.941
91428.571
90352.941
130169.492
69818.182
90352.941
93658.537
93658.537
92530.12
91428.571
116363.636
75294.118
90352.941
90352.941
89302.326
86292.135
121904.762
59534.884
123870.968
134736.842
101052.632
76800.0
74563.107
73142.857
73846.154
78367.347
80000.0
121904.762
108169.014
76039.604
66782.609
74563.107
83478.261
120000.0
64537.815
85333.333
86292.135
86292.135
87272.727
87272.727
88275.862
116363.636
72452.83
89302.326
88275.862
91428.571
90352.941
91428.571
92530.12
90352.941
89302.326
90352.941
128000.0
71775.701
89302.326
90352.941
90352.941
91428.571
92530.12
91428.571
90352.941
91428.571
264827.586
142222.222
92530.12
92530.12
93658.537
109714.286
81702.128
91428.571
101052.632
256000.0
137142.857
94814.815
94814.815
93658.537
93658.537
96000.0
97215.19
98461.538
106666.667
264827.586
139636.364
98461.538
99740.26
99740.26
99740.26
99740.26
99740.26
274285.714
156734.694
99740.26
99740.26
99740.26
101052.632
99740.26
106666.667
274285.714
144905.66
99740.26
101052.632
101052.632
99740.26
109714.286
264827.586
144905.66
101052.632
99740.26
101052.632
101052.632
98461.538
256000.0
166956.522
101052.632
99740.26
101052.632
102400.0
264827.586
153600.0
99740.26
97215.19
98461.538
97215.19
97215.19
96000.0
94814.815
96000.0
93658.537
93658.537
93658.537
92530.12
92530.12
92530.12
91428.571
92530.12
91428.571
92530.12
91428.571
91428.571
92530.12
92530.12
92530.12
92530.12
92530.12
92530.12
93658.537
91428.571
91428.571
91428.571
90352.941
90352.941
89302.326
89302.326
89302.326
88275.862
89302.326
89302.326
88275.862
89302.326
90352.941
89302.326
89302.326
89302.326
89302.326
88275.862
89302.326
88275.862
89302.326
90352.941
90352.941
90352.941
90352.941
92530.12
93658.537
93658.537
93658.537
93658.537
94814.815
94814.815
94814.815
94814.815
94814.815
96000.0
93658.537
93658.537
94814.815
93658.537
94814.815
93658.537
94814.815
94814.815
93658.537
94814.815
93658.537
93658.537
92530.12
93658.537
91428.571
92530.12
91428.571
92530.12
93658.537
88275.862
90352.941
90352.941
88275.862
88275.862
87272.727
86292.135
85333.333
85333.333
83478.261
84395.604
83478.261
83478.261
116363.636
65084.746
84395.604
85333.333
85333.333
87272.727
87272.727
86292.135
134736.842
71775.701
88275.862
87272.727
88275.862
87272.727
87272.727
86292.135
86292.135
85333.333
125901.639
64537.815
85333.333
86292.135
86292.135
86292.135
112941.176
71775.701
88275.862
89302.326
88275.862
89302.326
91428.571
256000.0
130169.492
89302.326
90352.941
89302.326
90352.941
89302.326
91428.571
114626.866
196923.077
123870.968
91428.571
92530.12
93658.537
92530.12
93658.537
121904.762
196923.077
130169.492
94814.815
96000.0
96000.0
96000.0
97215.19
96000.0
97215.19
97215.19
96000.0
99740.26
128000.0
196923.077
137142.857
98461.538
98461.538
101052.632
99740.26
99740.26
101052.632
101052.632
101052.632
132413.793
196923.077
142222.222
99740.26
99740.26
101052.632
99740.26
99740.26
99740.26
102400.0
256000.0
153600.0
98461.538
98461.538
97215.19
97215.19
97215.19
96000.0
97215.19
96000.0
102400.0
274285.714
128000.0
93658.537
93658.537
92530.12
91428.571
91428.571
89302.326
89302.326
88275.862
87272.727
87272.727
86292.135
86292.135
128000.0
64000.0
84395.604
85333.333
83478.261
83478.261
106666.667
69189.189
84395.604
84395.604
85333.333
85333.333
123870.968
65641.026
87272.727
86292.135
86292.135
88275.862
87272.727
88275.862
87272.727
87272.727
120000.0
69818.182
89302.326
89302.326
89302.326
91428.571
88275.862
90352.941
89302.326
90352.941
90352.941
116363.636
74563.107
91428.571
90352.941
93658.537
93658.537
92530.12
93658.537
93658.537
94814.815
94814.815
94814.815
94814.815
96000.0
94814.815
96000.0
96000.0
97215.19
97215.19
97215.19
98461.538
98461.538
97215.19
99740.26
98461.538
101052.632
99740.26
99740.26
101052.632
101052.632
99740.26
101052.632
101052.632
101052.632
101052.632
102400.0
163404.255
80842.105
99740.26
102400.0
102400.0
102400.0
101052.632
103783.784
103783.784
102400.0
103783.784
101052.632
102400.0
101052.632
102400.0
99740.26
102400.0
101052.632
99740.26
99740.26
98461.538
98461.538
98461.538
128000.0
77575.758
96000.0
96000.0
93658.537
256000.0
150588.235
93658.537
94814.815
86292.135
99740.26
92530.12
92530.12
92530.12
91428.571
92530.12
92530.12
91428.571
92530.12
91428.571
92530.12
91428.571
92530.12
92530.12
92530.12
123870.968
73142.857
92530.12
91428.571
92530.12
90352.941
90352.941
91428.571
89302.326
89302.326
89302.326
90352.941
89302.326
90352.941
91428.571
92530.12
92530.12
91428.571
93658.537
92530.12
91428.571
91428.571
93658.537
156734.694
71111.111
89302.326
92530.12
91428.571
92530.12
92530.12
92530.12
92530.12
92530.12
92530.12
92530.12
93658.537
92530.12
93658.537
93658.537
93658.537
93658.537
94814.815
94814.815
94814.815
96000.0
97215.19
96000.0
96000.0
93658.537
94814.815
93658.537
93658.537
92530.12
93658.537
91428.571
92530.12
92530.12
93658.537
93658.537
93658.537
94814.815
93658.537
94814.815
96000.0
94814.815
96000.0
94814.815
97215.19
96000.0
96000.0
97215.19
98461.538
98461.538
98461.538
98461.538
99740.26
99740.26
99740.26
130169.492
83478.261
101052.632
101052.632
99740.26
101052.632
101052.632
101052.632
99740.26
99740.26
99740.26
99740.26
99740.26
98461.538
98461.538
98461.538
102400.0
91428.571
97215.19
93658.537
139636.364
73846.154
92530.12
92530.12
92530.12
90352.941
90352.941
90352.941
89302.326
88275.862
120000.0
65641.026
85333.333
82580.645
80000.0
76800.0
112941.176
132413.793
94814.815
74563.107
72452.83
72452.83
111304.348
134736.842
99740.26
80000.0
77575.758
118153.846
111304.348
62950.82
67964.602
77575.758
196923.077
134736.842
81702.128
81702.128
81702.128
118153.846
320000.0
77575.758
333913.043
111304.348
82580.645
84395.604
83478.261
84395.604
85333.333
109714.286
70458.716
85333.333
85333.333
87272.727
85333.333
87272.727
87272.727
87272.727
88275.862
89302.326
96000.0
81702.128
89302.326
88275.862
89302.326
92530.12
116363.636
192000.0
118153.846
90352.941
89302.326
90352.941
92530.12
91428.571
92530.12
92530.12
93658.537
93658.537
93658.537
93658.537
102400.0
264827.586
132413.793
93658.537
93658.537
94814.815
93658.537
94814.815
94814.815
94814.815
93658.537
94814.815
125901.639
76039.604
93658.537
94814.815
96000.0
96000.0
97215.19
121904.762
79175.258
96000.0
97215.19
94814.815
102400.0
274285.714
132413.793
94814.815
94814.815
93658.537
93658.537
97215.19
256000.0
137142.857
93658.537
92530.12
93658.537
92530.12
92530.12
92530.12
92530.12
92530.12
93658.537
93658.537
93658.537
94814.815
96000.0
256000.0
147692.308
94814.815
93658.537
93658.537
92530.12
93658.537
94814.815
94814.815
94814.815
96000.0
94814.815
94814.815
103783.784
264827.586
132413.793
96000.0
96000.0
97215.19
153600.0
76039.604
97215.19
96000.0
97215.19
97215.19
97215.19
98461.538
97215.19
97215.19
98461.538
97215.19
98461.538
98461.538
99740.26
98461.538
105205.479
264827.586
144905.66
98461.538
99740.26
99740.26
105205.479
274285.714
142222.222
99740.26
98461.538
99740.26
98461.538
98461.538
98461.538
98461.538
163404.255
97215.19
86292.135
93658.537
98461.538
108169.014
92530.12
99740.26
101052.632
98461.538
256000.0
170666.667
101052.632
101052.632
101052.632
99740.26
170666.667
80842.105
98461.538
99740.26
102400.0
105205.479
274285.714
156734.694
102400.0
102400.0
102400.0
111304.348
93658.537
99740.26
99740.26
98461.538
96000.0
94814.815
93658.537
91428.571
89302.326
125901.639
67368.421
86292.135
85333.333
128000.0
66782.609
85333.333
86292.135
86292.135
86292.135
109714.286
72452.83
87272.727
87272.727
118153.846
71111.111
89302.326
90352.941
96000.0
264827.586
128000.0
92530.12
92530.12
123870.968
73846.154
93658.537
94814.815
97215.19
264827.586
139636.364
96000.0
96000.0
96000.0
96000.0
97215.19
97215.19
160000.0
118153.846
264827.586
103783.784
87272.727
98461.538
99740.26
99740.26
102400.0
264827.586
153600.0
101052.632
101052.632
102400.0
101052.632
101052.632
102400.0
103783.784
160000.0
92530.12
92530.12
102400.0
102400.0
103783.784
170666.667
99740.26
92530.12
103783.784
103783.784
105205.479
114626.866
284444.444
156734.694
106666.667
108169.014
108169.014
108169.014
108169.014
109714.286
114626.866
284444.444
163404.255
109714.286
109714.286
109714.286
112941.176
284444.444
170666.667
108169.014
111304.348
108169.014
114626.866
274285.714
166956.522
108169.014
106666.667
106666.667
105205.479
103783.784
103783.784
102400.0
102400.0
99740.26
102400.0
99740.26
99740.26
93658.537
264827.586
166956.522
98461.538
96000.0
97215.19
96000.0
96000.0
97215.19
274285.714
139636.364
94814.815
96000.0
99740.26
93658.537
94814.815
92530.12
92530.12
92530.12
91428.571
98461.538
85333.333
92530.12
91428.571
116363.636
76800.0
92530.12
92530.12
92530.12
91428.571
92530.12
91428.571
90352.941
125901.639
97215.19
65641.026
137142.857
70458.716
89302.326
87272.727
125901.639
71775.701
88275.862
89302.326
123870.968
70458.716
88275.862
90352.941
120000.0
71775.701
118153.846
132413.793
144905.66
94814.815
89302.326
89302.326
121904.762
70458.716
89302.326
91428.571
118153.846
74563.107
92530.12
92530.12
118153.846
74563.107
92530.12
93658.537
93658.537
93658.537
116363.636
121904.762
150588.235
118153.846
94814.815
94814.815
114626.866
84395.604
94814.815
130169.492
76039.604
96000.0
97215.19
98461.538
97215.19
106666.667
90352.941
99740.26
130169.492
80842.105
98461.538
99740.26
101052.632
99740.26
101052.632
101052.632
102400.0
99740.26
264827.586
163404.255
101052.632
99740.26
99740.26
105205.479
96000.0
98461.538
101052.632
96000.0
98461.538
98461.538
97215.19
103783.784
274285.714
139636.364
97215.19
97215.19
101052.632
274285.714
139636.364
97215.19
97215.19
97215.19
96000.0
97215.19
96000.0
97215.19
96000.0
101052.632
256000.0
142222.222
96000.0
96000.0
94814.815
94814.815
94814.815
96000.0
96000.0
94814.815
91428.571
274285.714
160000.0
97215.19
94814.815
96000.0
96000.0
94814.815
96000.0
94814.815
96000.0
94814.815
120000.0
202105.263
130169.492
94814.815
94814.815
101052.632
274285.714
139636.364
96000.0
96000.0
97215.19
97215.19
97215.19
96000.0
97215.19
97215.19
96000.0
96000.0
99740.26
256000.0
147692.308
103783.784
91428.571
98461.538
96000.0
98461.538
97215.19
97215.19
111304.348
87272.727
98461.538
99740.26
98461.538
128000.0
80000.0
99740.26
99740.26
99740.26
105205.479
96000.0
99740.26
101052.632
99740.26
101052.632
99740.26
101052.632
101052.632
99740.26
101052.632
105205.479
256000.0
153600.0
101052.632
99740.26
101052.632
105205.479
96000.0
101052.632
99740.26
105205.479
274285.714
150588.235
101052.632
101052.632
101052.632
101052.632
101052.632
101052.632
99740.26
101052.632
99740.26
101052.632
99740.26
101052.632
99740.26
101052.632
93658.537
256000.0
182857.143
101052.632
101052.632
101052.632
99740.26
99740.26
101052.632
99740.26
99740.26
101052.632
101052.632
108169.014
93658.537
121904.762
132413.793
202105.263
105205.479
99740.26
105205.479
123870.968
78367.347
98461.538
97215.19
101052.632
284444.444
137142.857
120000.0
134736.842
182857.143
99740.26
96000.0
94814.815
128000.0
75294.118
93658.537
93658.537
93658.537
92530.12
91428.571
91428.571
125901.639
68571.429
88275.862
88275.862
111304.348
72452.83
88275.862
88275.862
121904.762
69818.182
90352.941
89302.326
123870.968
111304.348
160000.0
99740.26
274285.714
137142.857
92530.12
92530.12
92530.12
93658.537
93658.537
123870.968
76800.0
94814.815
96000.0
121904.762
80000.0
97215.19
96000.0
97215.19
97215.19
97215.19
96000.0
93658.537
91428.571
93658.537
120000.0
73846.154
91428.571
91428.571
91428.571
90352.941
90352.941
89302.326
88275.862
118153.846
71111.111
89302.326
87272.727
89302.326
87272.727
87272.727
88275.862
132413.793
66206.897
88275.862
89302.326
111304.348
75294.118
90352.941
89302.326
91428.571
91428.571
93658.537
86292.135
92530.12
90352.941
91428.571
121904.762
74563.107
92530.12
92530.12
118153.846
77575.758
93658.537
93658.537
93658.537
93658.537
93658.537
92530.12
92530.12
92530.12
125901.639
73142.857
92530.12
92530.12
94814.815
247741.935
144905.66
93658.537
93658.537
93658.537
94814.815
93658.537
93658.537
93658.537
93658.537
93658.537
128000.0
73142.857
92530.12
92530.12
116363.636
80000.0
130169.492
76800.0
139636.364
130169.492
163404.255
99740.26
96000.0
118153.846
84395.604
96000.0
125901.639
78367.347
96000.0
97215.19
97215.19
97215.19
98461.538
96000.0
102400.0
92530.12
98461.538
96000.0
98461.538
97215.19
97215.19
98461.538
98461.538
97215.19
97215.19
98461.538
97215.19
123870.968
202105.263
134736.842
97215.19
98461.538
96000.0
166956.522
71111.111
101052.632
96000.0
98461.538
99740.26
99740.26
99740.26
99740.26
98461.538
132413.793
207567.568
130169.492
98461.538
99740.26
99740.26
98461.538
98461.538
98461.538
99740.26
97215.19
98461.538
105205.479
284444.444
139636.364
99740.26
98461.538
99740.26
99740.26
99740.26
98461.538
99740.26
99740.26
98461.538
99740.26
98461.538
105205.479
274285.714
139636.364
98461.538
98461.538
99740.26
98461.538
98461.538
125901.639
82580.645
137142.857
78367.347
98461.538
99740.26
99740.26
99740.26
105205.479
284444.444
139636.364
99740.26
102400.0
93658.537
98461.538
97215.19
96000.0
96000.0
97215.19
121904.762
79175.258
96000.0
96000.0
101052.632
274285.714
134736.842
96000.0
94814.815
94814.815
94814.815
96000.0
94814.815
94814.815
93658.537
94814.815
94814.815
125901.639
76039.604
94814.815
94814.815
94814.815
94814.815
94814.815
94814.815
128000.0
202105.263
118153.846
94814.815
92530.12
93658.537
92530.12
116363.636
202105.263
123870.968
92530.12
92530.12
92530.12
92530.12
98461.538
88275.862
93658.537
93658.537
94814.815
93658.537
94814.815
93658.537
96000.0
94814.815
99740.26
90352.941
97215.19
96000.0
96000.0
97215.19
96000.0
118153.846
83478.261
96000.0
96000.0
96000.0
102400.0
91428.571
97215.19
97215.19
96000.0
98461.538
98461.538
97215.19
102400.0
93658.537
98461.538
98461.538
98461.538
118153.846
84395.604
99740.26
94814.815
97215.19
97215.19
97215.19
97215.19
108169.014
88275.862
96000.0
96000.0
98461.538
256000.0
150588.235
96000.0
96000.0
97215.19
93658.537
93658.537
92530.12
102400.0
85333.333
92530.12
91428.571
91428.571
91428.571
92530.12
92530.12
92530.12
90352.941
89302.326
125901.639
67964.602
88275.862
87272.727
86292.135
86292.135
130169.492
65641.026
89302.326
88275.862
120000.0
91428.571
70458.716
93658.537
307200.0
2560000.0
109714.286
89302.326
88275.862
89302.326
90352.941
121904.762
207567.568
170666.667
384000.0
92530.12
91428.571
90352.941
92530.12
121904.762
75294.118
92530.12
93658.537
93658.537
93658.537
94814.815
94814.815
94814.815
93658.537
92530.12
123870.968
73846.154
91428.571
91428.571
92530.12
92530.12
91428.571
92530.12
91428.571
92530.12
97215.19
88275.862
93658.537
93658.537
93658.537
96000.0
94814.815
96000.0
94814.815
91428.571
101052.632
96000.0
96000.0
96000.0
97215.19
97215.19
96000.0
256000.0
156734.694
97215.19
96000.0
96000.0
97215.19
96000.0
96000.0
96000.0
96000.0
96000.0
97215.19
128000.0
78367.347
97215.19
96000.0
102400.0
182857.143
187317.073
97215.19
96000.0
96000.0
118153.846
81702.128
96000.0
96000.0
118153.846
102400.0
77575.758
96000.0
97215.19
128000.0
77575.758
97215.19
97215.19
97215.19
97215.19
97215.19
97215.19
97215.19
97215.19
97215.19
94814.815
256000.0
156734.694
96000.0
96000.0
96000.0
96000.0
96000.0
96000.0
96000.0
94814.815
101052.632
264827.586
139636.364
96000.0
96000.0
96000.0
96000.0
94814.815
96000.0
96000.0
96000.0
96000.0
96000.0
112941.176
84395.604
96000.0
96000.0
101052.632
274285.714
142222.222
98461.538
96000.0
98461.538
98461.538
97215.19
98461.538
98461.538
97215.19
102400.0
274285.714
142222.222
98461.538
97215.19
97215.19
97215.19
98461.538
97215.19
96000.0
98461.538
96000.0
121904.762
80842.105
128000.0
132413.793
178604.651
98461.538
96000.0
96000.0
96000.0
94814.815
96000.0
121904.762
80000.0
94814.815
97215.19
121904.762
80000.0
96000.0
97215.19
96000.0
96000.0
96000.0
96000.0
96000.0
94814.815
92530.12
93658.537
105205.479
80000.0
90352.941
88275.862
88275.862
88275.862
87272.727
86292.135
132413.793
62950.82
85333.333
84395.604
123870.968
63471.074
84395.604
84395.604
123870.968
66206.897
86292.135
87272.727
114626.866
70458.716
88275.862
88275.862
88275.862
89302.326
123870.968
70458.716
90352.941
88275.862
120000.0
71775.701
90352.941
88275.862
90352.941
96000.0
82580.645
88275.862
88275.862
89302.326
89302.326
120000.0
71111.111
90352.941
89302.326
91428.571
90352.941
120000.0
73846.154
92530.12
92530.12
92530.12
99740.26
87272.727
92530.12
92530.12
93658.537
93658.537
94814.815
92530.12
93658.537
94814.815
93658.537
93658.537
94814.815
94814.815
125901.639
73846.154
93658.537
92530.12
92530.12
123870.968
73846.154
92530.12
92530.12
102400.0
86292.135
93658.537
93658.537
121904.762
196923.077
123870.968
93658.537
93658.537
101052.632
256000.0
132413.793
94814.815
94814.815
101052.632
264827.586
132413.793
94814.815
96000.0
99740.26
247741.935
142222.222
96000.0
97215.19
98461.538
93658.537
96000.0
96000.0
102400.0
88275.862
96000.0
94814.815
118153.846
78367.347
94814.815
94814.815
153600.0
74563.107
94814.815
96000.0
101052.632
264827.586
137142.857
96000.0
94814.815
120000.0
79175.258
94814.815
94814.815
118153.846
196923.077
130169.492
94814.815
93658.537
116363.636
78367.347
93658.537
93658.537
120000.0
196923.077
128000.0
94814.815
96000.0
118153.846
202105.263
132413.793
96000.0
96000.0
98461.538
264827.586
213333.333
82580.645
97215.19
97215.19
98461.538
97215.19
108169.014
256000.0
137142.857
98461.538
97215.19
98461.538
97215.19
103783.784
92530.12
98461.538
98461.538
98461.538
98461.538
98461.538
98461.538
108169.014
90352.941
98461.538
98461.538
97215.19
125901.639
80842.105
98461.538
97215.19
97215.19
97215.19
97215.19
97215.19
96000.0
97215.19
96000.0
97215.19
121904.762
196923.077
130169.492
94814.815
96000.0
96000.0
94814.815
125901.639
77575.758
94814.815
96000.0
98461.538
264827.586
147692.308
96000.0
97215.19
99740.26
94814.815
97215.19
97215.19
93658.537
264827.586
163404.255
96000.0
97215.19
96000.0
96000.0
120000.0
80000.0
94814.815
94814.815
94814.815
94814.815
96000.0
93658.537
121904.762
78367.347
94814.815
94814.815
101052.632
264827.586
137142.857
94814.815
94814.815
105205.479
256000.0
137142.857
94814.815
97215.19
101052.632
192000.0
178604.651
96000.0
98461.538
97215.19
98461.538
97215.19
99740.26
98461.538
125901.639
82580.645
98461.538
99740.26
101052.632
98461.538
98461.538
99740.26
98461.538
98461.538
99740.26
103783.784
264827.586
144905.66
98461.538
97215.19
99740.26
98461.538
98461.538
98461.538
98461.538
132413.793
79175.258
98461.538
98461.538
97215.19
97215.19
97215.19
97215.19
132413.793
76039.604
96000.0
97215.19
102400.0
264827.586
142222.222
147692.308
76039.604
97215.19
96000.0
97215.19
97215.19
97215.19
96000.0
130169.492
78367.347
97215.19
97215.19
97215.19
98461.538
132413.793
94814.815
81702.128
98461.538
98461.538
97215.19
99740.26
99740.26
99740.26
98461.538
99740.26
94814.815
264827.586
170666.667
98461.538
99740.26
98461.538
98461.538
98461.538
108169.014
89302.326
98461.538
98461.538
97215.19
98461.538
98461.538
130169.492
80000.0
98461.538
98461.538
102400.0
274285.714
144905.66
99740.26
98461.538
98461.538
274285.714
156734.694
99740.26
98461.538
98461.538
98461.538
98461.538
98461.538
128000.0
78367.347
97215.19
96000.0
116363.636
80842.105
94814.815
96000.0
118153.846
79175.258
94814.815
96000.0
101052.632
89302.326
92530.12
93658.537
116363.636
77575.758
92530.12
91428.571
112941.176
77575.758
121904.762
134736.842
153600.0
93658.537
89302.326
88275.862
89302.326
88275.862
89302.326
89302.326
123870.968
70458.716
90352.941
91428.571
128000.0
71775.701
92530.12
94814.815
121904.762
76039.604
92530.12
91428.571
89302.326
123870.968
71111.111
91428.571
90352.941
120000.0
73142.857
92530.12
91428.571
121904.762
76039.604
93658.537
92530.12
96000.0
94814.815
93658.537
94814.815
93658.537
94814.815
93658.537
92530.12
128000.0
73142.857
92530.12
92530.12
93658.537
93658.537
92530.12
93658.537
94814.815
93658.537
94814.815
94814.815
94814.815
101052.632
90352.941
97215.19
96000.0
97215.19
97215.19
98461.538
97215.19
97215.19
98461.538
97215.19
97215.19
97215.19
123870.968
81702.128
121904.762
82580.645
97215.19
97215.19
97215.19
134736.842
84395.604
86292.135
96000.0
97215.19
97215.19
128000.0
78367.347
97215.19
96000.0
125901.639
78367.347
97215.19
96000.0
123870.968
79175.258
94814.815
96000.0
97215.19
92530.12
94814.815
96000.0
121904.762
77575.758
94814.815
94814.815
116363.636
79175.258
94814.815
93658.537
97215.19
264827.586
139636.364
94814.815
93658.537
96000.0
91428.571
94814.815
96000.0
96000.0
105205.479
120000.0
74563.107
97215.19
98461.538
98461.538
99740.26
103783.784
256000.0
153600.0
101052.632
101052.632
99740.26
101052.632
101052.632
102400.0
101052.632
101052.632
101052.632
102400.0
101052.632
256000.0
170666.667
120000.0
90352.941
102400.0
105205.479
264827.586
166956.522
103783.784
102400.0
103783.784
111304.348
256000.0
160000.0
102400.0
103783.784
98461.538
264827.586
187317.073
105205.479
103783.784
105205.479
105205.479
105205.479
105205.479
105205.479
106666.667
105205.479
105205.479
106666.667
105205.479
103783.784
105205.479
105205.479
103783.784
105205.479
103783.784
103783.784
103783.784
102400.0
102400.0
101052.632
101052.632
106666.667
274285.714
147692.308
98461.538
99740.26
98461.538
98461.538
102400.0
274285.714
139636.364
97215.19
96000.0
94814.815
96000.0
92530.12
264827.586
147692.308
93658.537
94814.815
94814.815
94814.815
94814.815
93658.537
139636.364
207567.568
108169.014
92530.12
93658.537
128000.0
73846.154
93658.537
93658.537
121904.762
76039.604
93658.537
94814.815
121904.762
78367.347
94814.815
96000.0
94814.815
94814.815
93658.537
132413.793
72452.83
93658.537
93658.537
93658.537
93658.537
93658.537
92530.12
130169.492
71111.111
91428.571
92530.12
92530.12
121904.762
74563.107
93658.537
93658.537
93658.537
92530.12
118153.846
79175.258
94814.815
94814.815
96000.0
96000.0
108169.014
87272.727
97215.19
96000.0
97215.19
98461.538
98461.538
99740.26
264827.586
147692.308
98461.538
99740.26
98461.538
99740.26
114626.866
89302.326
98461.538
101052.632
101052.632
99740.26
101052.632
101052.632
101052.632
99740.26
101052.632
102400.0
101052.632
101052.632
101052.632
108169.014
284444.444
147692.308
102400.0
101052.632
102400.0
102400.0
108169.014
264827.586
147692.308
102400.0
102400.0
128000.0
85333.333
101052.632
102400.0
102400.0
121904.762
89302.326
102400.0
102400.0
102400.0
103783.784
108169.014
98461.538
102400.0
102400.0
101052.632
274285.714
170666.667
102400.0
102400.0
99740.26
274285.714
170666.667
103783.784
102400.0
101052.632
103783.784
111304.348
274285.714
144905.66
102400.0
102400.0
102400.0
102400.0
101052.632
163404.255
274285.714
102400.0
103783.784
102400.0
130169.492
87272.727
98461.538
114626.866
1280000.0
103783.784
102400.0
102400.0
103783.784
109714.286
264827.586
147692.308
102400.0
102400.0
101052.632
102400.0
99740.26
256000.0
170666.667
112941.176
92530.12
99740.26
101052.632
101052.632
137142.857
349090.909
118153.846
87272.727
102400.0
106666.667
96000.0
101052.632
116363.636
1097142.857
101052.632
108169.014
96000.0
101052.632
101052.632
102400.0
101052.632
139636.364
698181.818
91428.571
101052.632
102400.0
102400.0
97215.19
102400.0
111304.348
118153.846
83478.261
150588.235
333913.043
99740.26
99740.26
98461.538
101052.632
98461.538
112941.176
89302.326
98461.538
98461.538
99740.26
98461.538
125901.639
80842.105
99740.26
98461.538
134736.842
80842.105
98461.538
98461.538
99740.26
98461.538
101052.632
99740.26
99740.26
101052.632
101052.632
101052.632
128000.0
83478.261
99740.26
101052.632
102400.0
99740.26
128000.0
137142.857
76800.0
90352.941
102400.0
99740.26
284444.444
166956.522
102400.0
103783.784
103783.784
109714.286
98461.538
103783.784
102400.0
103783.784
103783.784
101052.632
103783.784
106666.667
99740.26
103783.784
103783.784
103783.784
103783.784
128000.0
116363.636
274285.714
112941.176
102400.0
103783.784
105205.479
103783.784
98461.538
111304.348
103783.784
105205.479
103783.784
103783.784
105205.479
102400.0
137142.857
82580.645
102400.0
103783.784
103783.784
103783.784
101052.632
102400.0
102400.0
99740.26
108169.014
94814.815
99740.26
98461.538
98461.538
97215.19
97215.19
97215.19
96000.0
96000.0
97215.19
96000.0
97215.19
96000.0
96000.0
96000.0
132413.793
76039.604
97215.19
96000.0
97215.19
96000.0
96000.0
134736.842
76039.604
94814.815
93658.537
98461.538
89302.326
93658.537
93658.537
134736.842
73142.857
92530.12
91428.571
90352.941
118153.846
73142.857
91428.571
90352.941
90352.941
130169.492
132413.793
139636.364
93658.537
90352.941
111304.348
123870.968
160000.0
102400.0
106666.667
82580.645
92530.12
132413.793
73142.857
94814.815
94814.815
123870.968
78367.347
96000.0
97215.19
98461.538
97215.19
98461.538
98461.538
106666.667
92530.12
99740.26
99740.26
101052.632
99740.26
101052.632
101052.632
111304.348
93658.537
102400.0
106666.667
98461.538
102400.0
102400.0
111304.348
97215.19
102400.0
102400.0
108169.014
274285.714
153600.0
103783.784
103783.784
123870.968
118153.846
84395.604
103783.784
106666.667
106666.667
106666.667
112941.176
274285.714
160000.0
125901.639
112941.176
284444.444
123870.968
103783.784
105205.479
106666.667
103783.784
105205.479
134736.842
