76039.604
75294.118
77575.758
75294.118
74563.107
73846.154
74563.107
73846.154
73142.857
74563.107
120000.0
53333.333
74563.107
74563.107
123870.968
53333.333
76039.604
76800.0
74563.107
76039.604
75294.118
75294.118
73846.154
73142.857
72452.83
72452.83
71775.701
71775.701
73142.857
72452.83
72452.83
71111.111
71111.111
71111.111
71111.111
70458.716
72452.83
72452.83
71111.111
72452.83
73142.857
71775.701
72452.83
72452.83
73142.857
71775.701
72452.83
72452.83
120000.0
51543.624
73846.154
72452.83
73142.857
73142.857
118153.846
53333.333
73846.154
73142.857
73846.154
73142.857
73846.154
75294.118
74563.107
73846.154
73142.857
73846.154
73142.857
74563.107
74563.107
71111.111
72452.83
73142.857
116363.636
51891.892
120000.0
178604.651
71775.701
71111.111
71775.701
73142.857
72452.83
120000.0
50526.316
71111.111
71111.111
72452.83
70458.716
72452.83
71775.701
71111.111
69818.182
71111.111
70458.716
69818.182
69818.182
71111.111
71111.111
120000.0
49870.13
71111.111
71775.701
71111.111
70458.716
72452.83
71111.111
71775.701
74563.107
72452.83
72452.83
73142.857
73142.857
73846.154
72452.83
75294.118
73142.857
72452.83
71775.701
72452.83
72452.83
71775.701
71111.111
72452.83
71111.111
70458.716
71111.111
72452.83
71111.111
71111.111
72452.83
72452.83
73142.857
73142.857
72452.83
74563.107
71775.701
73142.857
74563.107
73846.154
73846.154
120000.0
52244.898
76039.604
72452.83
72452.83
73142.857
120000.0
52602.74
73846.154
72452.83
73142.857
73846.154
80000.0
69818.182
74563.107
73142.857
74563.107
73142.857
73142.857
74563.107
73142.857
73142.857
72452.83
73142.857
125901.639
64000.0
67368.421
71775.701
72452.83
71775.701
72452.83
72452.83
71111.111
71775.701
71775.701
71111.111
118153.846
50860.927
71111.111
71111.111
72452.83
73142.857
73142.857
73846.154
74563.107
75294.118
75294.118
75294.118
73846.154
73846.154
73846.154
73142.857
71775.701
71111.111
69818.182
70458.716
71775.701
71111.111
70458.716
69818.182
71111.111
71111.111
71775.701
72452.83
71111.111
71775.701
71775.701
71111.111
116363.636
51543.624
112941.176
53333.333
73846.154
76039.604
207567.568
112941.176
77575.758
76800.0
77575.758
75294.118
76039.604
76039.604
76039.604
76039.604
73846.154
73846.154
75294.118
123870.968
53333.333
74563.107
74563.107
74563.107
76800.0
76800.0
75294.118
77575.758
76039.604
76800.0
76800.0
76039.604
77575.758
121904.762
56470.588
76039.604
77575.758
77575.758
80000.0
77575.758
76800.0
76800.0
77575.758
78367.347
76800.0
78367.347
76039.604
76039.604
76800.0
76800.0
120000.0
54857.143
75294.118
76800.0
75294.118
74563.107
73846.154
75294.118
75294.118
73846.154
73846.154
73142.857
73846.154
75294.118
73846.154
73846.154
73846.154
73846.154
75294.118
74563.107
76039.604
73846.154
73142.857
73846.154
73142.857
73142.857
73142.857
72452.83
73142.857
73142.857
75294.118
73846.154
73846.154
73846.154
73846.154
73142.857
73142.857
75294.118
73142.857
72452.83
74563.107
72452.83
121904.762
51891.892
73846.154
73846.154
73142.857
73142.857
73142.857
74563.107
73846.154
71775.701
73846.154
71775.701
120000.0
51200.0
71775.701
71111.111
72452.83
73142.857
123870.968
50526.316
72452.83
73142.857
72452.83
72452.83
72452.83
72452.83
72452.83
71111.111
71775.701
71111.111
121904.762
50196.078
73142.857
71111.111
72452.83
71775.701
72452.83
72452.83
71111.111
72452.83
71111.111
73142.857
72452.83
71775.701
71111.111
71775.701
71111.111
73142.857
71775.701
70458.716
120000.0
51200.0
73846.154
71775.701
72452.83
72452.83
123870.968
51543.624
73142.857
73846.154
73846.154
73142.857
73846.154
75294.118
73142.857
73846.154
73846.154
72452.83
73142.857
73142.857
72452.83
72452.83
71775.701
71775.701
72452.83
71775.701
73142.857
71775.701
71111.111
72452.83
72452.83
71111.111
123870.968
51200.0
72452.83
72452.83
72452.83
73142.857
121904.762
51891.892
76039.604
73846.154
73142.857
74563.107
74563.107
74563.107
75294.118
73846.154
73846.154
73846.154
73142.857
73142.857
123870.968
50860.927
73846.154
72452.83
121904.762
52244.898
73142.857
73846.154
73846.154
73846.154
73142.857
73142.857
72452.83
73142.857
72452.83
121904.762
50860.927
72452.83
72452.83
72452.83
75294.118
72452.83
73846.154
73846.154
75294.118
73142.857
73846.154
73142.857
73846.154
123870.968
51891.892
75294.118
74563.107
73846.154
76039.604
73846.154
73846.154
74563.107
73846.154
73142.857
73142.857
73142.857
72452.83
73142.857
73142.857
73142.857
71775.701
73142.857
73142.857
84395.604
66782.609
73846.154
74563.107
73846.154
75294.118
74563.107
76800.0
76039.604
78367.347
76800.0
78367.347
79175.258
79175.258
80000.0
80000.0
79175.258
78367.347
80842.105
80000.0
79175.258
78367.347
78367.347
78367.347
77575.758
76039.604
76039.604
75294.118
74563.107
73846.154
73846.154
73142.857
73142.857
72452.83
71775.701
72452.83
71111.111
72452.83
120000.0
75294.118
51200.0
70458.716
70458.716
121904.762
69818.182
70458.716
123870.968
69189.189
69818.182
71111.111
121904.762
69189.189
71111.111
69189.189
121904.762
67368.421
69818.182
120000.0
66782.609
67964.602
68571.429
68571.429
69189.189
121904.762
67368.421
68571.429
69189.189
69189.189
69818.182
121904.762
66782.609
67964.602
68571.429
68571.429
120000.0
66206.897
67368.421
66782.609
67368.421
68571.429
67368.421
66782.609
66782.609
78367.347
121904.762
76039.604
65084.746
66206.897
67964.602
67964.602
67368.421
68571.429
67964.602
68571.429
68571.429
68571.429
67964.602
68571.429
67964.602
69818.182
68571.429
67964.602
67368.421
68571.429
67368.421
67964.602
68571.429
66782.609
67368.421
69189.189
67964.602
67964.602
68571.429
68571.429
69189.189
69189.189
67964.602
69189.189
69189.189
69189.189
67964.602
68571.429
68571.429
68571.429
69189.189
67964.602
69189.189
69818.182
69818.182
68571.429
69189.189
70458.716
67964.602
67964.602
67964.602
69189.189
67964.602
67368.421
68571.429
67964.602
68571.429
69189.189
67964.602
67368.421
68571.429
68571.429
67964.602
69189.189
67368.421
68571.429
68571.429
67964.602
67964.602
68571.429
67964.602
68571.429
67964.602
67964.602
67368.421
67964.602
67368.421
68571.429
67368.421
67964.602
68571.429
67964.602
68571.429
68571.429
66782.609
67964.602
67368.421
67964.602
67964.602
68571.429
69189.189
70458.716
70458.716
69818.182
71111.111
70458.716
71111.111
69818.182
71111.111
70458.716
71111.111
71111.111
69818.182
70458.716
71775.701
71111.111
69818.182
118153.846
50196.078
70458.716
70458.716
70458.716
71111.111
71111.111
69818.182
121904.762
49230.769
71775.701
70458.716
120000.0
50196.078
73846.154
73142.857
71775.701
72452.83
72452.83
72452.83
72452.83
70458.716
70458.716
69189.189
71111.111
69818.182
68571.429
68571.429
69189.189
69818.182
68571.429
67368.421
67964.602
67964.602
67368.421
68571.429
66782.609
67964.602
67964.602
67964.602
67964.602
67964.602
67368.421
67368.421
67964.602
67964.602
67964.602
67964.602
68571.429
68571.429
67368.421
68571.429
67964.602
67964.602
67368.421
67964.602
67964.602
67964.602
68571.429
67964.602
67964.602
68571.429
67964.602
67964.602
68571.429
66782.609
67368.421
67368.421
68571.429
66206.897
68571.429
67368.421
68571.429
68571.429
118153.846
48000.0
69189.189
69189.189
68571.429
69189.189
69189.189
68571.429
68571.429
68571.429
68571.429
81702.128
62439.024
66782.609
67368.421
67368.421
67368.421
66782.609
67964.602
66782.609
66782.609
67964.602
66782.609
67368.421
66782.609
67368.421
66782.609
67368.421
86292.135
60000.0
67368.421
66782.609
69189.189
67368.421
67368.421
66782.609
68571.429
67964.602
66782.609
67964.602
67368.421
68571.429
67368.421
67368.421
67368.421
67368.421
69189.189
66782.609
66782.609
67368.421
67368.421
68571.429
67368.421
67368.421
67368.421
67964.602
67964.602
68571.429
67368.421
67964.602
67964.602
68571.429
69189.189
67964.602
69189.189
69818.182
69189.189
69189.189
69189.189
69189.189
69818.182
70458.716
121904.762
48301.887
121904.762
48607.595
112941.176
49870.13
71111.111
72452.83
71775.701
71775.701
73142.857
73142.857
72452.83
72452.83
71775.701
71775.701
71775.701
70458.716
71111.111
69189.189
69189.189
68571.429
69189.189
67964.602
67964.602
68571.429
68571.429
67964.602
69818.182
68571.429
67964.602
67964.602
68571.429
67368.421
67368.421
66782.609
67964.602
66782.609
67368.421
66206.897
67368.421
66206.897
67368.421
66206.897
66782.609
66782.609
66206.897
67368.421
66782.609
67964.602
66782.609
67964.602
67368.421
67964.602
66782.609
68571.429
66782.609
66206.897
67368.421
66206.897
67368.421
67368.421
66782.609
66782.609
67964.602
65641.026
67368.421
67368.421
67368.421
67368.421
66206.897
66782.609
67964.602
67368.421
66782.609
66206.897
67368.421
67368.421
66782.609
66206.897
66206.897
66782.609
66206.897
65641.026
67368.421
67368.421
116363.636
47407.407
66782.609
67368.421
68571.429
66782.609
66782.609
67964.602
67368.421
65641.026
66782.609
65641.026
67368.421
65641.026
65084.746
66206.897
66206.897
66206.897
121904.762
46545.455
66206.897
66206.897
66782.609
66206.897
67368.421
67964.602
67368.421
66206.897
66206.897
67964.602
65641.026
65084.746
65641.026
65641.026
65084.746
65084.746
65084.746
64537.815
65084.746
65641.026
66206.897
65084.746
65084.746
66782.609
66782.609
65641.026
66206.897
66782.609
67368.421
67964.602
68571.429
67368.421
68571.429
68571.429
67964.602
68571.429
66782.609
67964.602
69189.189
67368.421
67368.421
69189.189
67964.602
68571.429
68571.429
68571.429
69189.189
69189.189
68571.429
68571.429
120000.0
48917.197
70458.716
68571.429
120000.0
49230.769
71111.111
69818.182
69818.182
69818.182
68571.429
69189.189
69189.189
67964.602
66782.609
67964.602
67964.602
65641.026
66206.897
66782.609
66782.609
66206.897
65084.746
65084.746
65084.746
66206.897
66206.897
65641.026
67368.421
67368.421
118153.846
47701.863
67964.602
69189.189
67964.602
67964.602
67964.602
66782.609
69189.189
66206.897
66782.609
67368.421
66782.609
66782.609
67368.421
65641.026
65641.026
66782.609
65084.746
64537.815
65641.026
66206.897
65084.746
66206.897
65641.026
67964.602
66206.897
66782.609
66782.609
67368.421
66206.897
66782.609
66206.897
66206.897
66782.609
65641.026
65084.746
65641.026
65641.026
65084.746
65084.746
64537.815
65641.026
65641.026
65084.746
64537.815
65641.026
66782.609
64537.815
65084.746
66206.897
65084.746
66206.897
64537.815
66206.897
65084.746
65641.026
65641.026
65641.026
66782.609
65641.026
65641.026
121904.762
46829.268
65084.746
65641.026
66206.897
66206.897
64537.815
65084.746
65641.026
65641.026
65641.026
65641.026
66206.897
66782.609
65641.026
65641.026
65641.026
66206.897
65641.026
64537.815
65641.026
65641.026
65084.746
65084.746
65084.746
66206.897
65641.026
64537.815
65641.026
65641.026
65641.026
64537.815
65641.026
65084.746
65641.026
64537.815
66206.897
65084.746
65084.746
65641.026
67368.421
61935.484
65641.026
66206.897
65641.026
66206.897
66206.897
67964.602
66782.609
66206.897
66206.897
66206.897
67368.421
65641.026
65084.746
65084.746
65641.026
65084.746
66782.609
65084.746
65084.746
65084.746
65641.026
64000.0
66206.897
65084.746
65084.746
65641.026
64537.815
66206.897
66782.609
65641.026
64537.815
65084.746
64537.815
65641.026
64537.815
63471.074
64000.0
65084.746
63471.074
64537.815
64537.815
65084.746
65641.026
64537.815
64537.815
65641.026
64537.815
65641.026
64537.815
65641.026
65641.026
65641.026
65084.746
66206.897
65084.746
66206.897
64537.815
64537.815
64537.815
64537.815
64537.815
65084.746
64537.815
64000.0
64000.0
64537.815
64000.0
64000.0
63471.074
64537.815
64000.0
65084.746
64537.815
63471.074
63471.074
65084.746
64537.815
64000.0
65084.746
64000.0
66206.897
64000.0
65641.026
65084.746
65641.026
66206.897
65641.026
66782.609
66206.897
66206.897
65641.026
65641.026
65084.746
65084.746
65084.746
65084.746
64537.815
64000.0
65084.746
65084.746
97215.19
59534.884
63471.074
63471.074
64000.0
64000.0
63471.074
64537.815
62950.82
65084.746
64537.815
64000.0
64000.0
64000.0
65641.026
64537.815
64000.0
65084.746
64537.815
65641.026
65641.026
65641.026
66206.897
68571.429
67964.602
67964.602
68571.429
67964.602
69189.189
70458.716
69818.182
69818.182
70458.716
71775.701
71775.701
73142.857
73846.154
73142.857
74563.107
73846.154
74563.107
76039.604
75294.118
76039.604
75294.118
75294.118
76039.604
77575.758
76800.0
77575.758
78367.347
76800.0
76800.0
76800.0
76800.0
75294.118
76039.604
75294.118
75294.118
76800.0
77575.758
76039.604
75294.118
75294.118
78367.347
77575.758
76039.604
76800.0
76039.604
77575.758
76039.604
76039.604
76039.604
125901.639
73142.857
77575.758
76039.604
76800.0
77575.758
76039.604
76039.604
75294.118
77575.758
76039.604
75294.118
76800.0
75294.118
74563.107
74563.107
76800.0
123870.968
73846.154
75294.118
73846.154
76039.604
74563.107
76039.604
73846.154
76800.0
74563.107
76039.604
75294.118
74563.107
74563.107
77575.758
76039.604
74563.107
75294.118
73846.154
74563.107
76039.604
74563.107
73846.154
73846.154
74563.107
76039.604
74563.107
74563.107
75294.118
74563.107
73846.154
74563.107
73846.154
73846.154
72452.83
73142.857
73846.154
73142.857
73142.857
73142.857
74563.107
73846.154
74563.107
74563.107
88275.862
67964.602
91428.571
67964.602
73846.154
74563.107
73846.154
74563.107
74563.107
73142.857
73142.857
73142.857
74563.107
72452.83
72452.83
73142.857
74563.107
73846.154
73142.857
73846.154
73142.857
76039.604
73846.154
74563.107
125901.639
72452.83
73846.154
74563.107
73846.154
73846.154
72452.83
75294.118
123870.968
72452.83
73846.154
73142.857
73846.154
74563.107
74563.107
75294.118
125901.639
74563.107
73846.154
74563.107
76039.604
74563.107
75294.118
123870.968
73142.857
73846.154
73142.857
74563.107
74563.107
73142.857
73142.857
74563.107
116363.636
52602.74
74563.107
72452.83
73846.154
71775.701
72452.83
73142.857
72452.83
72452.83
71111.111
71775.701
72452.83
71111.111
71775.701
69818.182
71111.111
71111.111
72452.83
71111.111
70458.716
72452.83
71775.701
73142.857
125901.639
71111.111
72452.83
72452.83
71775.701
72452.83
73846.154
73142.857
71775.701
73142.857
71111.111
73142.857
123870.968
70458.716
71775.701
71775.701
72452.83
72452.83
71775.701
71775.701
72452.83
71111.111
73142.857
72452.83
71775.701
70458.716
72452.83
72452.83
71775.701
71111.111
71775.701
72452.83
121904.762
71111.111
71111.111
70458.716
71775.701
73142.857
71775.701
73142.857
71775.701
72452.83
125901.639
71111.111
72452.83
73142.857
73142.857
72452.83
74563.107
125901.639
71775.701
73142.857
74563.107
74563.107
74563.107
76039.604
73846.154
76039.604
74563.107
125901.639
72452.83
73846.154
73846.154
73142.857
73846.154
73142.857
73846.154
72452.83
73846.154
125901.639
72452.83
74563.107
73142.857
73846.154
73846.154
73142.857
125901.639
71111.111
73142.857
74563.107
73142.857
73846.154
75294.118
125901.639
72452.83
74563.107
74563.107
74563.107
73142.857
73846.154
73846.154
123870.968
71775.701
73142.857
74563.107
73846.154
73846.154
76039.604
123870.968
73846.154
75294.118
73846.154
74563.107
123870.968
73846.154
75294.118
74563.107
74563.107
75294.118
123870.968
73142.857
74563.107
75294.118
73846.154
73846.154
128000.0
71775.701
73846.154
73142.857
73142.857
71775.701
73142.857
74563.107
73846.154
125901.639
71775.701
74563.107
73846.154
73142.857
73846.154
123870.968
70458.716
71111.111
72452.83
71775.701
71111.111
71111.111
72452.83
71111.111
69818.182
69818.182
72452.83
71775.701
71111.111
70458.716
71111.111
71775.701
71775.701
71111.111
71775.701
71775.701
72452.83
71111.111
123870.968
71775.701
71111.111
71775.701
71111.111
70458.716
71775.701
71775.701
70458.716
71111.111
125901.639
69189.189
71775.701
71775.701
71775.701
121904.762
49870.13
72452.83
73142.857
73142.857
72452.83
73142.857
123870.968
71775.701
73846.154
73846.154
73846.154
73846.154
73142.857
74563.107
73846.154
121904.762
70458.716
72452.83
73142.857
71775.701
71775.701
71111.111
72452.83
125901.639
69818.182
70458.716
72452.83
71775.701
71775.701
71775.701
108169.014
69189.189
71775.701
71111.111
72452.83
125901.639
69818.182
72452.83
71775.701
72452.83
73142.857
71775.701
71775.701
72452.83
71775.701
71775.701
71111.111
71775.701
71111.111
72452.83
120000.0
69818.182
71775.701
71111.111
71775.701
70458.716
71111.111
71111.111
71775.701
70458.716
71111.111
123870.968
69818.182
69818.182
71111.111
71111.111
71775.701
71775.701
72452.83
71111.111
125901.639
71111.111
72452.83
73142.857
73846.154
75294.118
73142.857
121904.762
75294.118
74563.107
74563.107
121904.762
75294.118
76039.604
79175.258
123870.968
76800.0
77575.758
78367.347
125901.639
80000.0
80000.0
125901.639
78367.347
80000.0
128000.0
78367.347
80842.105
130169.492
78367.347
80842.105
128000.0
77575.758
81702.128
130169.492
78367.347
81702.128
128000.0
80000.0
118153.846
87272.727
78367.347
79175.258
130169.492
77575.758
81702.128
80000.0
80842.105
130169.492
76800.0
80842.105
125901.639
78367.347
80000.0
128000.0
76800.0
80000.0
125901.639
76039.604
79175.258
76800.0
125901.639
74563.107
76800.0
76039.604
123870.968
74563.107
75294.118
76039.604
128000.0
55251.799
75294.118
76039.604
76039.604
130169.492
76800.0
76039.604
76039.604
125901.639
76800.0
76039.604
75294.118
125901.639
75294.118
75294.118
75294.118
123870.968
73142.857
105205.479
73846.154
74563.107
74563.107
125901.639
72452.83
73142.857
73846.154
75294.118
123870.968
71775.701
73846.154
73846.154
74563.107
123870.968
73846.154
73846.154
73846.154
73846.154
128000.0
71775.701
73142.857
73142.857
73142.857
74563.107
121904.762
71775.701
73846.154
73846.154
74563.107
125901.639
73142.857
73846.154
74563.107
128000.0
74563.107
76039.604
74563.107
75294.118
125901.639
73142.857
76039.604
74563.107
74563.107
125901.639
72452.83
77575.758
73846.154
74563.107
123870.968
73142.857
73142.857
73846.154
75294.118
123870.968
71775.701
73846.154
73846.154
72452.83
72452.83
72452.83
125901.639
71775.701
72452.83
72452.83
74563.107
123870.968
72452.83
72452.83
74563.107
73142.857
72452.83
72452.83
125901.639
70458.716
73846.154
80842.105
64537.815
73846.154
121904.762
73142.857
71775.701
71775.701
72452.83
72452.83
72452.83
71775.701
72452.83
71775.701
70458.716
69818.182
125901.639
71111.111
71775.701
103783.784
64000.0
72452.83
73846.154
73142.857
72452.83
123870.968
71775.701
72452.83
72452.83
72452.83
71111.111
73142.857
72452.83
71775.701
72452.83
71775.701
125901.639
71775.701
106666.667
71111.111
71111.111
70458.716
71775.701
70458.716
69818.182
70458.716
69189.189
70458.716
71775.701
70458.716
70458.716
69818.182
72452.83
71111.111
71111.111
71111.111
71775.701
71775.701
71111.111
71775.701
123870.968
69189.189
71111.111
71111.111
71111.111
70458.716
71111.111
70458.716
70458.716
71775.701
69818.182
69818.182
69818.182
70458.716
69818.182
69189.189
70458.716
69818.182
70458.716
69818.182
69818.182
70458.716
118153.846
50860.927
118153.846
51543.624
109714.286
78367.347
73142.857
73142.857
73846.154
75294.118
73846.154
74563.107
72452.83
73142.857
125901.639
72452.83
71775.701
71111.111
71111.111
72452.83
71775.701
71775.701
72452.83
71775.701
116363.636
51891.892
114626.866
76039.604
73142.857
73142.857
73142.857
73142.857
73846.154
72452.83
72452.83
73846.154
123870.968
70458.716
71775.701
71775.701
71775.701
72452.83
71111.111
70458.716
70458.716
71111.111
72452.83
70458.716
71775.701
72452.83
71775.701
71775.701
70458.716
71111.111
73142.857
71775.701
72452.83
71775.701
71775.701
71775.701
72452.83
128000.0
71111.111
72452.83
73142.857
123870.968
52965.517
74563.107
75294.118
123870.968
73142.857
75294.118
75294.118
74563.107
74563.107
74563.107
121904.762
73846.154
72452.83
73142.857
73142.857
73846.154
73846.154
74563.107
123870.968
73846.154
73142.857
75294.118
73142.857
73142.857
73142.857
72452.83
125901.639
73142.857
111304.348
72452.83
71111.111
73846.154
73142.857
73846.154
123870.968
72452.83
73846.154
74563.107
74563.107
74563.107
64537.815
84395.604
72452.83
123870.968
71775.701
71775.701
71111.111
116363.636
51891.892
109714.286
74563.107
71111.111
71775.701
71111.111
69818.182
69818.182
69818.182
69818.182
67964.602
67964.602
67368.421
67964.602
67368.421
66782.609
66206.897
66782.609
66206.897
66782.609
114626.866
47701.863
67368.421
67964.602
67368.421
66782.609
66782.609
68571.429
66782.609
67964.602
67368.421
67964.602
69818.182
69818.182
69818.182
70458.716
71111.111
71111.111
70458.716
72452.83
71775.701
72452.83
72452.83
71775.701
72452.83
73846.154
71775.701
73142.857
71775.701
72452.83
121904.762
71111.111
72452.83
71775.701
71775.701
73142.857
73142.857
73846.154
72452.83
73846.154
74563.107
121904.762
71111.111
73142.857
75294.118
75294.118
75294.118
74563.107
75294.118
123870.968
75294.118
75294.118
75294.118
76800.0
75294.118
123870.968
72452.83
73846.154
73142.857
72452.83
71111.111
71111.111
71111.111
70458.716
71111.111
89302.326
66782.609
69818.182
71111.111
70458.716
71111.111
71111.111
70458.716
71775.701
71775.701
71111.111
71775.701
71775.701
71111.111
92530.12
65084.746
71775.701
71775.701
70458.716
70458.716
71111.111
70458.716
71111.111
69189.189
69818.182
69818.182
70458.716
71111.111
69818.182
69189.189
69189.189
69818.182
68571.429
67964.602
67964.602
67368.421
68571.429
68571.429
114626.866
48607.595
69818.182
69818.182
71111.111
70458.716
71775.701
71111.111
70458.716
71775.701
71775.701
71775.701
71111.111
71111.111
71111.111
71111.111
71775.701
71111.111
69818.182
71775.701
71111.111
71775.701
69818.182
71111.111
71775.701
70458.716
69818.182
69818.182
69818.182
69189.189
69189.189
67964.602
68571.429
69189.189
69189.189
67964.602
120000.0
48607.595
71111.111
68571.429
69189.189
68571.429
69189.189
69189.189
69189.189
68571.429
67964.602
69189.189
67964.602
68571.429
69818.182
70458.716
72452.83
71111.111
71111.111
71111.111
69818.182
70458.716
70458.716
68571.429
68571.429
