76039.604
72452.83
72452.83
73846.154
77575.758
76039.604
76800.0
74563.107
78367.347
76800.0
73846.154
72452.83
75294.118
92530.12
64000.0
75294.118
75294.118
78367.347
80000.0
80000.0
78367.347
74563.107
74563.107
74563.107
75294.118
80000.0
97215.19
274285.714
84395.604
121904.762
274285.714
73846.154
76039.604
76039.604
76039.604
73142.857
73846.154
75294.118
125901.639
52602.74
72452.83
64000.0
64000.0
69189.189
68571.429
64537.815
67964.602
68571.429
67368.421
69189.189
70458.716
71775.701
66782.609
67964.602
71111.111
94814.815
61440.0
73142.857
73846.154
97215.19
67368.421
77575.758
76039.604
78367.347
75294.118
71775.701
67964.602
73142.857
76039.604
76800.0
77575.758
76800.0
78367.347
78367.347
80000.0
78367.347
74563.107
71111.111
74563.107
109714.286
54468.085
70458.716
71111.111
72452.83
73142.857
69189.189
70458.716
73846.154
71111.111
68571.429
71111.111
73142.857
73846.154
71111.111
71775.701
75294.118
97215.19
274285.714
76039.604
73846.154
73142.857
76800.0
76039.604
73846.154
71775.701
73142.857
76039.604
76039.604
72452.83
75294.118
76800.0
76039.604
74563.107
71775.701
74563.107
74563.107
74563.107
73846.154
75294.118
76039.604
75294.118
73846.154
75294.118
76800.0
80842.105
69818.182
73142.857
74563.107
75294.118
73846.154
73846.154
76039.604
92530.12
61935.484
74563.107
74563.107
78367.347
74563.107
74563.107
76800.0
76800.0
76039.604
74563.107
112941.176
56470.588
72452.83
69189.189
74563.107
76039.604
77575.758
74563.107
76039.604
78367.347
80000.0
76800.0
79175.258
78367.347
80000.0
79175.258
77575.758
76800.0
79175.258
78367.347
77575.758
76039.604
76039.604
75294.118
76039.604
77575.758
97215.19
66206.897
73846.154
74563.107
78367.347
78367.347
77575.758
78367.347
134736.842
55251.799
75294.118
75294.118
94814.815
65641.026
73142.857
76039.604
77575.758
75294.118
76800.0
79175.258
79175.258
78367.347
80000.0
80842.105
80000.0
132413.793
247741.935
80000.0
76800.0
75294.118
75294.118
71775.701
73142.857
74563.107
69189.189
67964.602
64537.815
69818.182
69818.182
68571.429
67368.421
69189.189
72452.83
71111.111
67964.602
66206.897
69818.182
73846.154
69818.182
68571.429
86292.135
57744.361
66206.897
64537.815
68571.429
69818.182
69189.189
66782.609
69189.189
73142.857
70458.716
89302.326
58181.818
71775.701
71775.701
71111.111
71775.701
71111.111
73846.154
75294.118
74563.107
74563.107
76039.604
75294.118
73846.154
74563.107
74563.107
75294.118
74563.107
71111.111
73142.857
75294.118
73846.154
71775.701
73142.857
76039.604
76039.604
77575.758
76039.604
76800.0
77575.758
80842.105
76800.0
76800.0
78367.347
76039.604
75294.118
73846.154
76039.604
76039.604
130169.492
52244.898
67368.421
71775.701
73142.857
68571.429
66782.609
63471.074
68571.429
69818.182
68571.429
67368.421
71111.111
70458.716
67368.421
64000.0
67964.602
69189.189
69189.189
67368.421
69189.189
72452.83
70458.716
69189.189
67368.421
86292.135
60952.381
67964.602
65641.026
88275.862
64537.815
73142.857
65084.746
67964.602
67964.602
71111.111
109714.286
54468.085
70458.716
67368.421
68571.429
70458.716
68571.429
66782.609
64537.815
67368.421
90352.941
59534.884
66782.609
64537.815
67964.602
72452.83
71111.111
68571.429
68571.429
73142.857
71775.701
73846.154
72452.83
112941.176
247741.935
64537.815
71775.701
71775.701
73846.154
74563.107
77575.758
75294.118
73846.154
70458.716
66206.897
68571.429
71775.701
92530.12
61935.484
69189.189
71111.111
74563.107
73142.857
73142.857
70458.716
73142.857
73846.154
73142.857
74563.107
71775.701
71775.701
73142.857
72452.83
69818.182
69189.189
71775.701
74563.107
94814.815
61440.0
69818.182
72452.83
73142.857
69189.189
69189.189
69189.189
70458.716
70458.716
79175.258
61440.0
66206.897
68571.429
66782.609
68571.429
69818.182
72452.83
71775.701
73142.857
73142.857
74563.107
76800.0
75294.118
76039.604
77575.758
76039.604
77575.758
78367.347
78367.347
80000.0
74563.107
78367.347
80000.0
78367.347
77575.758
76800.0
76039.604
76039.604
76039.604
78367.347
76800.0
72452.83
73846.154
76039.604
114626.866
56058.394
71111.111
70458.716
71111.111
69818.182
67368.421
69189.189
66206.897
70458.716
68571.429
71775.701
72452.83
71775.701
70458.716
70458.716
69818.182
69189.189
63471.074
64000.0
67368.421
67964.602
66782.609
62439.024
63471.074
67964.602
70458.716
69818.182
69189.189
65084.746
67964.602
69818.182
71775.701
68571.429
69189.189
70458.716
72452.83
71775.701
69818.182
70458.716
71775.701
72452.83
70458.716
69818.182
69818.182
70458.716
74563.107
74563.107
73142.857
73142.857
74563.107
73846.154
72452.83
73846.154
73846.154
75294.118
75294.118
72452.83
74563.107
74563.107
73846.154
72452.83
71775.701
71111.111
71775.701
73142.857
72452.83
73846.154
72452.83
73142.857
73846.154
71775.701
69818.182
68571.429
103783.784
202105.263
71111.111
74563.107
76039.604
70458.716
90352.941
404210.526
71775.701
74563.107
74563.107
118153.846
57744.361
73846.154
73846.154
74563.107
73846.154
76039.604
76800.0
74563.107
72452.83
72452.83
71111.111
71111.111
72452.83
74563.107
75294.118
73142.857
74563.107
73142.857
74563.107
72452.83
73142.857
74563.107
78367.347
78367.347
78367.347
132413.793
56470.588
74563.107
75294.118
130169.492
55652.174
74563.107
128000.0
54468.085
75294.118
76800.0
77575.758
76800.0
76800.0
74563.107
73846.154
76800.0
130169.492
54084.507
73142.857
71111.111
73846.154
73846.154
74563.107
75294.118
73142.857
71775.701
71775.701
76800.0
76800.0
76800.0
77575.758
80842.105
81702.128
80000.0
72452.83
72452.83
71111.111
71775.701
74563.107
72452.83
71111.111
69818.182
69189.189
71775.701
73142.857
69189.189
69818.182
69818.182
71111.111
68571.429
69818.182
71775.701
71775.701
67964.602
68571.429
71111.111
69189.189
68571.429
68571.429
71775.701
74563.107
73142.857
73846.154
73846.154
73846.154
70458.716
71111.111
72452.83
73142.857
74563.107
73142.857
73846.154
74563.107
73142.857
71775.701
69818.182
70458.716
72452.83
73142.857
73142.857
72452.83
71111.111
69818.182
70458.716
73142.857
73142.857
71775.701
71775.701
73142.857
75294.118
72452.83
72452.83
73142.857
73142.857
75294.118
76800.0
75294.118
72452.83
73142.857
73142.857
76039.604
76039.604
92530.12
62950.82
71775.701
73142.857
74563.107
72452.83
74563.107
130169.492
51200.0
72452.83
73846.154
73846.154
75294.118
77575.758
76800.0
74563.107
73846.154
71111.111
71775.701
116363.636
54084.507
71111.111
71775.701
73846.154
74563.107
75294.118
73846.154
72452.83
73142.857
74563.107
130169.492
52965.517
71111.111
71111.111
74563.107
73846.154
71775.701
71775.701
71111.111
72452.83
73142.857
73142.857
71775.701
71111.111
69189.189
71111.111
71111.111
71111.111
71111.111
71111.111
73142.857
88275.862
63471.074
71111.111
71775.701
73142.857
75294.118
73142.857
74563.107
74563.107
74563.107
75294.118
75294.118
75294.118
75294.118
73142.857
73846.154
75294.118
76039.604
74563.107
74563.107
75294.118
74563.107
74563.107
75294.118
74563.107
73846.154
73142.857
75294.118
75294.118
74563.107
75294.118
75294.118
76039.604
76800.0
76800.0
74563.107
75294.118
74563.107
118153.846
57313.433
75294.118
73846.154
118153.846
59076.923
93658.537
69818.182
80000.0
83478.261
84395.604
80842.105
79175.258
76800.0
77575.758
74563.107
118153.846
57313.433
74563.107
73142.857
81702.128
71775.701
73846.154
73846.154
71775.701
73142.857
75294.118
74563.107
73846.154
73142.857
71775.701
69818.182
69818.182
71111.111
72452.83
70458.716
70458.716
72452.83
73846.154
91428.571
65084.746
73846.154
72452.83
76039.604
75294.118
77575.758
102400.0
247741.935
86292.135
77575.758
78367.347
79175.258
79175.258
80000.0
77575.758
76039.604
77575.758
77575.758
76039.604
76800.0
77575.758
76039.604
78367.347
79175.258
77575.758
76800.0
76039.604
76039.604
77575.758
79175.258
120000.0
57744.361
77575.758
73142.857
74563.107
76800.0
74563.107
75294.118
76039.604
75294.118
76800.0
99740.26
65641.026
79175.258
80842.105
99740.26
68571.429
80000.0
82580.645
82580.645
84395.604
82580.645
84395.604
82580.645
80842.105
79175.258
77575.758
77575.758
76800.0
76800.0
76800.0
77575.758
73846.154
74563.107
76039.604
74563.107
77575.758
76039.604
74563.107
75294.118
76039.604
75294.118
73142.857
73142.857
75294.118
75294.118
74563.107
76800.0
75294.118
76039.604
73846.154
92530.12
64537.815
74563.107
75294.118
89302.326
68571.429
73846.154
72452.83
75294.118
74563.107
76800.0
75294.118
76800.0
75294.118
76039.604
76039.604
74563.107
74563.107
92530.12
66782.609
75294.118
74563.107
96000.0
65084.746
73846.154
74563.107
76039.604
76039.604
75294.118
73142.857
71111.111
72452.83
72452.83
73142.857
72452.83
71775.701
73846.154
70458.716
72452.83
72452.83
75294.118
77575.758
78367.347
75294.118
74563.107
76039.604
76039.604
76800.0
132413.793
55251.799
75294.118
76039.604
78367.347
79175.258
78367.347
76800.0
76800.0
78367.347
76800.0
76800.0
76800.0
73846.154
106666.667
232727.273
75294.118
79175.258
196923.077
132413.793
79175.258
80000.0
178604.651
150588.235
80842.105
78367.347
80842.105
77575.758
73142.857
80842.105
1097142.857
75294.118
73142.857
74563.107
76800.0
71111.111
75294.118
134736.842
53333.333
74563.107
125901.639
192000.0
74563.107
94814.815
349090.909
76039.604
71775.701
78367.347
128000.0
192000.0
144905.66
80842.105
207567.568
84395.604
1097142.857
80000.0
81702.128
80842.105
81702.128
81702.128
91428.571
71111.111
79175.258
111304.348
264827.586
79175.258
128000.0
213333.333
81702.128
80000.0
87272.727
84395.604
85333.333
94814.815
853333.333
84395.604
274285.714
121904.762
83478.261
84395.604
84395.604
86292.135
85333.333
85333.333
84395.604
86292.135
84395.604
85333.333
83478.261
83478.261
84395.604
83478.261
83478.261
84395.604
83478.261
82580.645
85333.333
82580.645
81702.128
83478.261
219428.571
132413.793
81702.128
85333.333
84395.604
82580.645
83478.261
82580.645
86292.135
84395.604
85333.333
108169.014
404210.526
87272.727
86292.135
85333.333
83478.261
82580.645
81702.128
80000.0
82580.645
81702.128
82580.645
82580.645
85333.333
87272.727
86292.135
123870.968
307200.0
87272.727
91428.571
90352.941
87272.727
187317.073
170666.667
91428.571
85333.333
85333.333
86292.135
85333.333
84395.604
86292.135
84395.604
82580.645
84395.604
83478.261
83478.261
84395.604
84395.604
84395.604
82580.645
81702.128
81702.128
114626.866
64537.815
81702.128
80842.105
81702.128
84395.604
84395.604
82580.645
84395.604
85333.333
85333.333
79175.258
76800.0
77575.758
79175.258
77575.758
77575.758
79175.258
79175.258
137142.857
55251.799
76039.604
78367.347
79175.258
74563.107
76039.604
128000.0
54468.085
73846.154
73846.154
77575.758
77575.758
77575.758
76039.604
76039.604
75294.118
76800.0
73846.154
76800.0
76800.0
76800.0
78367.347
76800.0
76039.604
75294.118
76800.0
76800.0
92530.12
62950.82
73142.857
71775.701
72452.83
71111.111
67964.602
71111.111
73846.154
76039.604
73142.857
71775.701
73846.154
73846.154
74563.107
76039.604
75294.118
75294.118
73846.154
116363.636
56888.889
75294.118
74563.107
76039.604
77575.758
76039.604
76800.0
78367.347
78367.347
76800.0
77575.758
76039.604
75294.118
76800.0
76800.0
76039.604
76800.0
76800.0
77575.758
76800.0
79175.258
78367.347
76800.0
77575.758
76039.604
78367.347
77575.758
77575.758
76039.604
76800.0
77575.758
73846.154
74563.107
74563.107
73846.154
77575.758
76800.0
76800.0
76800.0
76800.0
78367.347
76800.0
78367.347
75294.118
78367.347
78367.347
76800.0
77575.758
79175.258
76800.0
73846.154
77575.758
76039.604
76039.604
73846.154
73846.154
73846.154
74563.107
74563.107
73142.857
71775.701
74563.107
73846.154
73846.154
128000.0
52965.517
74563.107
73142.857
75294.118
76039.604
76039.604
76800.0
77575.758
75294.118
78367.347
76800.0
78367.347
80000.0
77575.758
72452.83
72452.83
73846.154
73846.154
72452.83
73142.857
71775.701
73846.154
72452.83
73846.154
74563.107
76800.0
76039.604
76039.604
76800.0
76039.604
76039.604
76039.604
75294.118
75294.118
74563.107
118153.846
55251.799
73846.154
70458.716
75294.118
76800.0
74563.107
74563.107
74563.107
74563.107
74563.107
76800.0
76039.604
76039.604
75294.118
76800.0
125901.639
56888.889
74563.107
75294.118
76800.0
74563.107
74563.107
72452.83
96000.0
60952.381
75294.118
73846.154
76039.604
75294.118
75294.118
71775.701
74563.107
75294.118
73846.154
72452.83
73142.857
74563.107
75294.118
76039.604
76800.0
76800.0
76800.0
75294.118
74563.107
74563.107
76039.604
76800.0
78367.347
76039.604
77575.758
75294.118
76800.0
76800.0
77575.758
75294.118
76800.0
77575.758
76800.0
80842.105
80000.0
80842.105
81702.128
81702.128
101052.632
73846.154
83478.261
81702.128
85333.333
83478.261
103783.784
480000.0
83478.261
85333.333
84395.604
86292.135
88275.862
85333.333
121904.762
69189.189
88275.862
87272.727
88275.862
85333.333
114626.866
71111.111
86292.135
88275.862
87272.727
295384.615
121904.762
88275.862
88275.862
89302.326
84395.604
83478.261
116363.636
61935.484
80000.0
76039.604
77575.758
78367.347
79175.258
76800.0
76039.604
73142.857
74563.107
77575.758
76039.604
123870.968
59076.923
80000.0
79175.258
103783.784
320000.0
77575.758
79175.258
80842.105
81702.128
81702.128
79175.258
132413.793
333913.043
333913.043
92530.12
77575.758
76039.604
76800.0
79175.258
74563.107
72452.83
71775.701
109714.286
225882.353
76039.604
76800.0
76800.0
73142.857
105205.479
247741.935
320000.0
92530.12
75294.118
76800.0
76039.604
77575.758
75294.118
75294.118
77575.758
77575.758
99740.26
69818.182
79175.258
130169.492
58181.818
89302.326
67964.602
76800.0
77575.758
78367.347
76039.604
75294.118
75294.118
76039.604
79175.258
80000.0
81702.128
80842.105
80000.0
96000.0
512000.0
82580.645
81702.128
81702.128
82580.645
81702.128
82580.645
83478.261
82580.645
82580.645
80842.105
82580.645
80842.105
83478.261
83478.261
83478.261
83478.261
84395.604
83478.261
85333.333
83478.261
82580.645
85333.333
85333.333
84395.604
320000.0
112941.176
83478.261
84395.604
81702.128
85333.333
85333.333
83478.261
85333.333
85333.333
86292.135
106666.667
451764.706
86292.135
86292.135
87272.727
88275.862
88275.862
182857.143
182857.143
88275.862
86292.135
150588.235
264827.586
81702.128
88275.862
89302.326
89302.326
88275.862
89302.326
207567.568
170666.667
89302.326
92530.12
91428.571
87272.727
85333.333
85333.333
84395.604
83478.261
82580.645
83478.261
82580.645
80842.105
82580.645
81702.128
80842.105
82580.645
80842.105
80000.0
79175.258
79175.258
77575.758
78367.347
81702.128
80842.105
80000.0
80000.0
80842.105
82580.645
82580.645
83478.261
81702.128
123870.968
295384.615
77575.758
80842.105
78367.347
79175.258
108169.014
65084.746
80000.0
78367.347
81702.128
77575.758
77575.758
79175.258
130169.492
57744.361
77575.758
76039.604
76039.604
79175.258
76800.0
76800.0
80000.0
80000.0
80842.105
82580.645
83478.261
80842.105
114626.866
284444.444
80842.105
83478.261
81702.128
82580.645
82580.645
93658.537
768000.0
82580.645
81702.128
82580.645
83478.261
85333.333
84395.604
83478.261
81702.128
79175.258
81702.128
78367.347
77575.758
81702.128
80000.0
81702.128
80842.105
84395.604
85333.333
87272.727
111304.348
