94814.815
94814.815
85333.333
72452.83
87272.727
84395.604
83478.261
94814.815
84395.604
89302.326
97215.19
78367.347
74563.107
142222.222
92530.12
79175.258
102400.0
91428.571
84395.604
96000.0
75294.118
91428.571
69818.182
83478.261
78367.347
56888.889
80000.0
82580.645
118153.846
89302.326
84395.604
87272.727
89302.326
66782.609
73142.857
82580.645
97215.19
77575.758
76800.0
86292.135
120000.0
94814.815
71775.701
106666.667
89302.326
92530.12
101052.632
74563.107
94814.815
88275.862
92530.12
102400.0
75294.118
105205.479
102400.0
92530.12
98461.538
90352.941
102400.0
91428.571
97215.19
81702.128
97215.19
73142.857
79175.258
79175.258
91428.571
84395.604
85333.333
81702.128
98461.538
109714.286
93658.537
101052.632
90352.941
114626.866
93658.537
88275.862
123870.968
80842.105
112941.176
102400.0
120000.0
84395.604
92530.12
59534.884
78367.347
67964.602
97215.19
106666.667
97215.19
73142.857
65084.746
78367.347
71111.111
90352.941
92530.12
66782.609
98461.538
92530.12
94814.815
92530.12
87272.727
82580.645
92530.12
96000.0
75294.118
112941.176
85333.333
73142.857
116363.636
69818.182
90352.941
90352.941
83478.261
84395.604
97215.19
83478.261
76039.604
83478.261
111304.348
120000.0
101052.632
80000.0
82580.645
81702.128
64000.0
97215.19
84395.604
116363.636
75294.118
94814.815
120000.0
76039.604
108169.014
96000.0
98461.538
77575.758
96000.0
85333.333
97215.19
98461.538
83478.261
101052.632
105205.479
97215.19
80000.0
97215.19
92530.12
101052.632
74563.107
77575.758
99740.26
91428.571
91428.571
79175.258
76800.0
114626.866
102400.0
87272.727
89302.326
86292.135
112941.176
99740.26
80842.105
73846.154
86292.135
92530.12
85333.333
84395.604
94814.815
79175.258
88275.862
78367.347
94814.815
98461.538
105205.479
103783.784
73142.857
118153.846
93658.537
118153.846
73846.154
80842.105
92530.12
87272.727
109714.286
78367.347
92530.12
82580.645
90352.941
103783.784
97215.19
63471.074
102400.0
76800.0
88275.862
98461.538
108169.014
102400.0
64000.0
60472.441
82580.645
123870.968
147692.308
67964.602
92530.12
105205.479
62950.82
105205.479
112941.176
109714.286
108169.014
112941.176
92530.12
94814.815
153600.0
92530.12
123870.968
101052.632
89302.326
96000.0
88275.862
71775.701
108169.014
69189.189
92530.12
77575.758
108169.014
80842.105
78367.347
108169.014
87272.727
60952.381
105205.479
112941.176
112941.176
86292.135
84395.604
82580.645
87272.727
91428.571
76039.604
81702.128
92530.12
89302.326
92530.12
93658.537
86292.135
120000.0
86292.135
97215.19
80842.105
88275.862
89302.326
102400.0
102400.0
93658.537
86292.135
96000.0
94814.815
76039.604
109714.286
116363.636
79175.258
82580.645
78367.347
90352.941
91428.571
91428.571
76039.604
84395.604
88275.862
91428.571
98461.538
80842.105
90352.941
89302.326
92530.12
80842.105
78367.347
96000.0
77575.758
112941.176
88275.862
92530.12
97215.19
65641.026
73142.857
89302.326
101052.632
90352.941
97215.19
88275.862
75294.118
87272.727
97215.19
80842.105
101052.632
98461.538
88275.862
147692.308
80842.105
87272.727
102400.0
75294.118
106666.667
71111.111
84395.604
79175.258
64000.0
86292.135
82580.645
170666.667
75294.118
89302.326
80842.105
91428.571
86292.135
108169.014
74563.107
109714.286
82580.645
130169.492
78367.347
120000.0
82580.645
114626.866
54084.507
80000.0
77575.758
89302.326
82580.645
74563.107
102400.0
76800.0
88275.862
70458.716
93658.537
93658.537
94814.815
96000.0
85333.333
109714.286
98461.538
91428.571
92530.12
97215.19
109714.286
102400.0
96000.0
80000.0
106666.667
65641.026
93658.537
85333.333
97215.19
86292.135
109714.286
111304.348
92530.12
84395.604
72452.83
96000.0
90352.941
81702.128
82580.645
90352.941
96000.0
96000.0
76800.0
90352.941
92530.12
76800.0
84395.604
105205.479
97215.19
106666.667
96000.0
90352.941
79175.258
118153.846
76039.604
83478.261
86292.135
96000.0
80842.105
80842.105
144905.66
62950.82
99740.26
84395.604
82580.645
118153.846
111304.348
94814.815
68571.429
93658.537
87272.727
87272.727
88275.862
77575.758
103783.784
86292.135
90352.941
71775.701
111304.348
101052.632
91428.571
67368.421
116363.636
73846.154
93658.537
93658.537
116363.636
89302.326
108169.014
87272.727
79175.258
98461.538
109714.286
93658.537
88275.862
99740.26
75294.118
66782.609
88275.862
96000.0
65641.026
120000.0
90352.941
87272.727
99740.26
71111.111
99740.26
121904.762
71775.701
73846.154
96000.0
78367.347
114626.866
91428.571
120000.0
94814.815
61440.0
94814.815
76039.604
73142.857
90352.941
91428.571
114626.866
81702.128
96000.0
85333.333
84395.604
87272.727
94814.815
96000.0
116363.636
103783.784
97215.19
82580.645
94814.815
90352.941
65641.026
94814.815
89302.326
70458.716
76039.604
88275.862
89302.326
78367.347
93658.537
109714.286
65641.026
111304.348
75294.118
85333.333
83478.261
91428.571
106666.667
71775.701
101052.632
86292.135
96000.0
94814.815
91428.571
65084.746
81702.128
89302.326
62950.82
102400.0
89302.326
88275.862
87272.727
78367.347
83478.261
83478.261
86292.135
89302.326
81702.128
92530.12
98461.538
81702.128
80842.105
134736.842
81702.128
116363.636
92530.12
90352.941
69818.182
101052.632
105205.479
85333.333
94814.815
101052.632
91428.571
78367.347
75294.118
84395.604
99740.26
93658.537
60472.441
73846.154
86292.135
82580.645
88275.862
82580.645
80000.0
99740.26
103783.784
90352.941
112941.176
77575.758
87272.727
99740.26
85333.333
73142.857
90352.941
71111.111
76800.0
84395.604
89302.326
91428.571
86292.135
78367.347
85333.333
93658.537
97215.19
93658.537
67368.421
62950.82
78367.347
114626.866
102400.0
91428.571
84395.604
83478.261
71111.111
94814.815
108169.014
97215.19
78367.347
93658.537
88275.862
85333.333
101052.632
84395.604
88275.862
99740.26
87272.727
81702.128
90352.941
114626.866
86292.135
99740.26
94814.815
94814.815
94814.815
109714.286
80842.105
109714.286
103783.784
88275.862
93658.537
88275.862
101052.632
93658.537
70458.716
80000.0
81702.128
88275.862
80842.105
102400.0
78367.347
90352.941
88275.862
84395.604
85333.333
91428.571
82580.645
97215.19
80000.0
99740.26
76800.0
78367.347
86292.135
93658.537
89302.326
92530.12
91428.571
85333.333
85333.333
94814.815
91428.571
68571.429
78367.347
118153.846
80842.105
111304.348
111304.348
79175.258
99740.26
121904.762
94814.815
94814.815
114626.866
68571.429
82580.645
78367.347
55251.799
80000.0
109714.286
90352.941
91428.571
89302.326
72452.83
90352.941
80000.0
91428.571
90352.941
114626.866
66782.609
84395.604
84395.604
72452.83
109714.286
109714.286
103783.784
78367.347
91428.571
77575.758
69818.182
98461.538
103783.784
103783.784
98461.538
99740.26
103783.784
91428.571
80000.0
83478.261
84395.604
91428.571
123870.968
72452.83
111304.348
94814.815
116363.636
89302.326
71775.701
81702.128
92530.12
92530.12
92530.12
82580.645
101052.632
84395.604
84395.604
92530.12
85333.333
85333.333
82580.645
76039.604
89302.326
87272.727
87272.727
102400.0
101052.632
87272.727
83478.261
85333.333
106666.667
116363.636
83478.261
83478.261
81702.128
83478.261
96000.0
80000.0
97215.19
102400.0
88275.862
79175.258
93658.537
108169.014
96000.0
88275.862
72452.83
96000.0
88275.862
84395.604
109714.286
98461.538
96000.0
105205.479
83478.261
99740.26
83478.261
101052.632
96000.0
81702.128
90352.941
150588.235
82580.645
94814.815
84395.604
77575.758
97215.19
73142.857
72452.83
90352.941
85333.333
79175.258
116363.636
85333.333
80000.0
83478.261
82580.645
77575.758
80842.105
81702.128
65084.746
82580.645
80000.0
90352.941
73142.857
91428.571
89302.326
87272.727
96000.0
79175.258
92530.12
86292.135
76800.0
96000.0
111304.348
96000.0
78367.347
92530.12
83478.261
90352.941
77575.758
80000.0
99740.26
105205.479
58625.954
82580.645
93658.537
78367.347
85333.333
94814.815
88275.862
80842.105
97215.19
84395.604
101052.632
94814.815
98461.538
85333.333
89302.326
90352.941
71775.701
81702.128
81702.128
82580.645
86292.135
81702.128
101052.632
71111.111
121904.762
86292.135
81702.128
96000.0
80842.105
101052.632
92530.12
64537.815
93658.537
88275.862
79175.258
84395.604
86292.135
96000.0
103783.784
86292.135
69189.189
90352.941
111304.348
67964.602
101052.632
84395.604
92530.12
73846.154
85333.333
93658.537
81702.128
86292.135
91428.571
70458.716
94814.815
93658.537
109714.286
91428.571
81702.128
91428.571
92530.12
111304.348
92530.12
83478.261
94814.815
88275.862
88275.862
112941.176
98461.538
92530.12
94814.815
82580.645
78367.347
99740.26
98461.538
64537.815
102400.0
76039.604
111304.348
93658.537
91428.571
150588.235
75294.118
90352.941
90352.941
82580.645
91428.571
86292.135
93658.537
88275.862
83478.261
99740.26
81702.128
87272.727
108169.014
76800.0
85333.333
111304.348
83478.261
79175.258
83478.261
83478.261
73846.154
99740.26
103783.784
94814.815
71775.701
106666.667
91428.571
88275.862
80000.0
86292.135
102400.0
80000.0
112941.176
93658.537
79175.258
91428.571
82580.645
83478.261
99740.26
74563.107
94814.815
112941.176
67964.602
80842.105
83478.261
101052.632
108169.014
96000.0
105205.479
64537.815
105205.479
102400.0
94814.815
98461.538
93658.537
89302.326
98461.538
118153.846
108169.014
87272.727
101052.632
76800.0
76800.0
96000.0
103783.784
90352.941
77575.758
92530.12
85333.333
80842.105
96000.0
88275.862
118153.846
62950.82
84395.604
88275.862
80000.0
89302.326
80000.0
120000.0
90352.941
76039.604
82580.645
142222.222
213333.333
96000.0
85333.333
82580.645
87272.727
71775.701
132413.793
87272.727
590769.231
90352.941
82580.645
92530.12
85333.333
87272.727
93658.537
71775.701
94814.815
72452.83
83478.261
86292.135
93658.537
96000.0
76039.604
101052.632
118153.846
82580.645
106666.667
82580.645
134736.842
67964.602
92530.12
64537.815
96000.0
83478.261
105205.479
76800.0
99740.26
84395.604
79175.258
84395.604
137142.857
73846.154
82580.645
90352.941
91428.571
87272.727
109714.286
116363.636
90352.941
125901.639
59076.923
88275.862
89302.326
108169.014
89302.326
98461.538
89302.326
86292.135
108169.014
90352.941
83478.261
87272.727
89302.326
109714.286
81702.128
79175.258
111304.348
64537.815
114626.866
118153.846
116363.636
108169.014
87272.727
114626.866
94814.815
93658.537
90352.941
88275.862
93658.537
83478.261
91428.571
96000.0
82580.645
132413.793
82580.645
134736.842
89302.326
85333.333
88275.862
109714.286
94814.815
118153.846
112941.176
92530.12
96000.0
97215.19
108169.014
106666.667
62950.82
121904.762
101052.632
93658.537
116363.636
101052.632
97215.19
98461.538
75294.118
118153.846
111304.348
89302.326
82580.645
108169.014
92530.12
98461.538
97215.19
118153.846
101052.632
84395.604
116363.636
64000.0
87272.727
94814.815
108169.014
89302.326
92530.12
86292.135
80842.105
98461.538
97215.19
111304.348
153600.0
92530.12
78367.347
109714.286
106666.667
94814.815
83478.261
101052.632
79175.258
71111.111
87272.727
83478.261
84395.604
123870.968
96000.0
108169.014
93658.537
106666.667
120000.0
92530.12
118153.846
83478.261
137142.857
69818.182
83478.261
91428.571
98461.538
91428.571
93658.537
101052.632
76039.604
89302.326
92530.12
105205.479
118153.846
92530.12
67964.602
92530.12
88275.862
93658.537
101052.632
76800.0
89302.326
87272.727
85333.333
94814.815
101052.632
120000.0
106666.667
80842.105
120000.0
128000.0
67964.602
112941.176
88275.862
81702.128
91428.571
87272.727
80842.105
130169.492
90352.941
86292.135
88275.862
103783.784
121904.762
87272.727
97215.19
92530.12
93658.537
98461.538
70458.716
111304.348
85333.333
62439.024
109714.286
92530.12
83478.261
94814.815
92530.12
111304.348
98461.538
94814.815
123870.968
102400.0
120000.0
80842.105
74563.107
92530.12
132413.793
72452.83
130169.492
101052.632
77575.758
132413.793
97215.19
90352.941
86292.135
79175.258
80842.105
86292.135
92530.12
102400.0
108169.014
94814.815
103783.784
99740.26
120000.0
91428.571
85333.333
85333.333
85333.333
88275.862
111304.348
134736.842
98461.538
108169.014
108169.014
84395.604
80842.105
73142.857
116363.636
98461.538
69818.182
81702.128
75294.118
92530.12
105205.479
99740.26
96000.0
91428.571
83478.261
128000.0
92530.12
87272.727
114626.866
89302.326
123870.968
111304.348
82580.645
89302.326
139636.364
83478.261
91428.571
125901.639
105205.479
86292.135
102400.0
89302.326
118153.846
97215.19
120000.0
90352.941
137142.857
77575.758
93658.537
85333.333
73846.154
90352.941
80842.105
83478.261
98461.538
75294.118
92530.12
91428.571
139636.364
92530.12
94814.815
97215.19
77575.758
144905.66
86292.135
88275.862
101052.632
94814.815
153600.0
81702.128
139636.364
96000.0
123870.968
96000.0
87272.727
88275.862
125901.639
99740.26
134736.842
91428.571
94814.815
76800.0
112941.176
69818.182
137142.857
76039.604
98461.538
87272.727
81702.128
77575.758
73142.857
87272.727
82580.645
76039.604
118153.846
105205.479
99740.26
97215.19
82580.645
90352.941
134736.842
71111.111
142222.222
207567.568
120000.0
92530.12
98461.538
83478.261
98461.538
121904.762
83478.261
134736.842
71775.701
132413.793
333913.043
76800.0
82580.645
118153.846
111304.348
88275.862
82580.645
90352.941
83478.261
130169.492
59076.923
144905.66
69189.189
144905.66
98461.538
87272.727
102400.0
93658.537
92530.12
101052.632
102400.0
69189.189
132413.793
61935.484
144905.66
70458.716
93658.537
93658.537
130169.492
94814.815
142222.222
80000.0
160000.0
74563.107
87272.727
88275.862
77575.758
106666.667
103783.784
232727.273
123870.968
93658.537
114626.866
97215.19
69818.182
82580.645
112941.176
274285.714
147692.308
84395.604
101052.632
134736.842
85333.333
89302.326
105205.479
76039.604
120000.0
69189.189
132413.793
61440.0
128000.0
97215.19
118153.846
125901.639
150588.235
106666.667
99740.26
101052.632
111304.348
82580.645
132413.793
73846.154
102400.0
90352.941
89302.326
89302.326
92530.12
114626.866
105205.479
92530.12
80000.0
86292.135
79175.258
139636.364
87272.727
88275.862
130169.492
86292.135
130169.492
66782.609
142222.222
73846.154
108169.014
111304.348
118153.846
73846.154
139636.364
82580.645
88275.862
82580.645
88275.862
94814.815
82580.645
86292.135
96000.0
103783.784
84395.604
102400.0
88275.862
81702.128
72452.83
82580.645
81702.128
106666.667
74563.107
132413.793
90352.941
83478.261
80842.105
87272.727
90352.941
101052.632
121904.762
79175.258
134736.842
84395.604
85333.333
77575.758
75294.118
118153.846
84395.604
130169.492
89302.326
86292.135
88275.862
137142.857
80000.0
111304.348
88275.862
130169.492
98461.538
137142.857
92530.12
87272.727
91428.571
89302.326
89302.326
81702.128
86292.135
84395.604
96000.0
73846.154
89302.326
82580.645
89302.326
109714.286
102400.0
79175.258
101052.632
109714.286
86292.135
90352.941
89302.326
90352.941
89302.326
86292.135
94814.815
123870.968
90352.941
84395.604
88275.862
91428.571
87272.727
156734.694
99740.26
60472.441
101052.632
85333.333
92530.12
102400.0
89302.326
99740.26
128000.0
92530.12
134736.842
79175.258
139636.364
67964.602
102400.0
78367.347
103783.784
75294.118
130169.492
99740.26
94814.815
80000.0
84395.604
91428.571
118153.846
98461.538
98461.538
80842.105
132413.793
99740.26
71775.701
121904.762
118153.846
66206.897
132413.793
80842.105
142222.222
80842.105
109714.286
116363.636
76800.0
98461.538
89302.326
144905.66
77575.758
139636.364
91428.571
130169.492
80000.0
99740.26
78367.347
83478.261
134736.842
64537.815
132413.793
96000.0
102400.0
93658.537
93658.537
109714.286
114626.866
90352.941
132413.793
79175.258
123870.968
71775.701
85333.333
93658.537
82580.645
87272.727
88275.862
116363.636
118153.846
72452.83
97215.19
99740.26
93658.537
98461.538
73846.154
87272.727
98461.538
85333.333
121904.762
97215.19
134736.842
102400.0
109714.286
88275.862
91428.571
80000.0
73846.154
97215.19
118153.846
85333.333
134736.842
81702.128
103783.784
85333.333
93658.537
116363.636
94814.815
96000.0
96000.0
90352.941
71775.701
105205.479
92530.12
88275.862
80842.105
90352.941
99740.26
90352.941
77575.758
134736.842
78367.347
139636.364
108169.014
114626.866
81702.128
134736.842
63471.074
73142.857
123870.968
79175.258
132413.793
80000.0
134736.842
65641.026
118153.846
85333.333
94814.815
84395.604
93658.537
112941.176
768000.0
98461.538
85333.333
139636.364
85333.333
153600.0
80842.105
98461.538
256000.0
207567.568
98461.538
81702.128
108169.014
84395.604
134736.842
84395.604
128000.0
91428.571
76800.0
111304.348
2560000.0
97215.19
79175.258
89302.326
86292.135
85333.333
111304.348
247741.935
174545.455
77575.758
88275.862
86292.135
87272.727
120000.0
64000.0
108169.014
94814.815
247741.935
123870.968
90352.941
101052.632
98461.538
90352.941
85333.333
84395.604
82580.645
114626.866
108169.014
80000.0
81702.128
139636.364
86292.135
139636.364
98461.538
187317.073
225882.353
92530.12
123870.968
93658.537
134736.842
73846.154
109714.286
94814.815
87272.727
81702.128
93658.537
109714.286
71111.111
137142.857
93658.537
121904.762
404210.526
102400.0
103783.784
87272.727
89302.326
90352.941
101052.632
187317.073
320000.0
70458.716
102400.0
91428.571
106666.667
108169.014
93658.537
75294.118
130169.492
70458.716
97215.19
102400.0
78367.347
81702.128
121904.762
89302.326
76800.0
62439.024
87272.727
77575.758
78367.347
128000.0
88275.862
137142.857
97215.19
93658.537
94814.815
111304.348
349090.909
86292.135
93658.537
106666.667
118153.846
96000.0
87272.727
91428.571
120000.0
111304.348
91428.571
153600.0
84395.604
116363.636
80842.105
130169.492
84395.604
92530.12
112941.176
109714.286
512000.0
87272.727
88275.862
91428.571
112941.176
97215.19
120000.0
97215.19
89302.326
97215.19
96000.0
87272.727
108169.014
89302.326
98461.538
93658.537
128000.0
84395.604
99740.26
93658.537
88275.862
96000.0
123870.968
90352.941
139636.364
144905.66
202105.263
213333.333
116363.636
90352.941
94814.815
160000.0
219428.571
225882.353
232727.273
232727.273
219428.571
232727.273
225882.353
225882.353
219428.571
73846.154
182857.143
120000.0
182857.143
121904.762
99740.26
87272.727
85333.333
109714.286
90352.941
101052.632
97215.19
92530.12
105205.479
109714.286
88275.862
92530.12
106666.667
99740.26
93658.537
101052.632
128000.0
89302.326
156734.694
163404.255
93658.537
89302.326
102400.0
96000.0
85333.333
76039.604
90352.941
85333.333
512000.0
94814.815
90352.941
97215.19
130169.492
106666.667
93658.537
196923.077
264827.586
99740.26
103783.784
85333.333
96000.0
89302.326
112941.176
106666.667
512000.0
89302.326
108169.014
106666.667
102400.0
86292.135
105205.479
99740.26
85333.333
85333.333
102400.0
94814.815
96000.0
109714.286
106666.667
80842.105
116363.636
90352.941
109714.286
116363.636
89302.326
91428.571
142222.222
106666.667
91428.571
105205.479
139636.364
85333.333
97215.19
81702.128
144905.66
94814.815
147692.308
84395.604
82580.645
103783.784
92530.12
106666.667
102400.0
91428.571
102400.0
93658.537
96000.0
114626.866
123870.968
121904.762
384000.0
86292.135
91428.571
98461.538
134736.842
93658.537
92530.12
118153.846
91428.571
79175.258
121904.762
87272.727
120000.0
85333.333
109714.286
90352.941
120000.0
103783.784
121904.762
99740.26
81702.128
118153.846
98461.538
87272.727
92530.12
105205.479
108169.014
92530.12
1920000.0
109714.286
82580.645
86292.135
99740.26
125901.639
90352.941
98461.538
125901.639
132413.793
109714.286
73142.857
87272.727
80842.105
92530.12
82580.645
116363.636
93658.537
94814.815
84395.604
99740.26
102400.0
82580.645
87272.727
85333.333
79175.258
96000.0
120000.0
102400.0
108169.014
80842.105
108169.014
98461.538
84395.604
109714.286
111304.348
97215.19
103783.784
106666.667
114626.866
77575.758
94814.815
123870.968
114626.866
91428.571
128000.0
125901.639
85333.333
90352.941
89302.326
99740.26
112941.176
112941.176
99740.26
108169.014
93658.537
98461.538
116363.636
93658.537
86292.135
102400.0
118153.846
137142.857
125901.639
98461.538
106666.667
87272.727
80842.105
91428.571
98461.538
81702.128
105205.479
91428.571
83478.261
90352.941
91428.571
92530.12
84395.604
96000.0
93658.537
108169.014
118153.846
106666.667
97215.19
99740.26
86292.135
102400.0
81702.128
121904.762
118153.846
120000.0
120000.0
106666.667
102400.0
118153.846
132413.793
116363.636
84395.604
88275.862
98461.538
94814.815
123870.968
105205.479
92530.12
92530.12
118153.846
101052.632
93658.537
90352.941
105205.479
99740.26
89302.326
112941.176
120000.0
105205.479
71775.701
80842.105
77575.758
128000.0
94814.815
93658.537
105205.479
87272.727
99740.26
78367.347
99740.26
103783.784
97215.19
94814.815
137142.857
134736.842
65084.746
121904.762
106666.667
79175.258
84395.604
123870.968
111304.348
103783.784
109714.286
142222.222
123870.968
102400.0
111304.348
108169.014
103783.784
105205.479
132413.793
139636.364
132413.793
123870.968
99740.26
130169.492
114626.866
150588.235
98461.538
92530.12
93658.537
87272.727
114626.866
96000.0
94814.815
97215.19
109714.286
94814.815
97215.19
121904.762
97215.19
91428.571
128000.0
99740.26
91428.571
108169.014
97215.19
116363.636
116363.636
116363.636
105205.479
128000.0
111304.348
94814.815
92530.12
103783.784
125901.639
128000.0
81702.128
96000.0
125901.639
103783.784
93658.537
101052.632
103783.784
92530.12
112941.176
98461.538
121904.762
91428.571
96000.0
137142.857
103783.784
116363.636
116363.636
94814.815
123870.968
114626.866
98461.538
97215.19
97215.19
96000.0
80842.105
90352.941
90352.941
156734.694
219428.571
98461.538
121904.762
111304.348
105205.479
101052.632
106666.667
121904.762
112941.176
132413.793
121904.762
105205.479
96000.0
111304.348
256000.0
153600.0
98461.538
118153.846
109714.286
98461.538
232727.273
247741.935
97215.19
103783.784
114626.866
142222.222
80000.0
142222.222
86292.135
512000.0
130169.492
137142.857
114626.866
89302.326
144905.66
96000.0
80000.0
75294.118
109714.286
102400.0
94814.815
93658.537
121904.762
105205.479
128000.0
144905.66
170666.667
307200.0
97215.19
116363.636
89302.326
89302.326
82580.645
116363.636
91428.571
85333.333
108169.014
264827.586
196923.077
132413.793
102400.0
98461.538
120000.0
88275.862
89302.326
91428.571
66206.897
94814.815
89302.326
114626.866
349090.909
106666.667
112941.176
118153.846
81702.128
105205.479
98461.538
106666.667
768000.0
108169.014
111304.348
114626.866
121904.762
106666.667
144905.66
91428.571
108169.014
98461.538
108169.014
98461.538
85333.333
88275.862
93658.537
116363.636
128000.0
139636.364
103783.784
72452.83
118153.846
109714.286
128000.0
103783.784
89302.326
123870.968
240000.0
98461.538
109714.286
108169.014
96000.0
101052.632
92530.12
142222.222
853333.333
92530.12
130169.492
128000.0
111304.348
82580.645
130169.492
103783.784
108169.014
76800.0
94814.815
77575.758
128000.0
91428.571
98461.538
116363.636
103783.784
120000.0
116363.636
137142.857
89302.326
121904.762
76800.0
101052.632
89302.326
132413.793
85333.333
109714.286
108169.014
97215.19
76800.0
98461.538
105205.479
91428.571
84395.604
75294.118
85333.333
105205.479
93658.537
84395.604
103783.784
108169.014
98461.538
98461.538
93658.537
76800.0
116363.636
80842.105
118153.846
101052.632
94814.815
92530.12
118153.846
147692.308
108169.014
80842.105
99740.26
99740.26
98461.538
101052.632
112941.176
118153.846
85333.333
114626.866
108169.014
92530.12
92530.12
120000.0
88275.862
97215.19
108169.014
93658.537
78367.347
97215.19
87272.727
108169.014
103783.784
130169.492
96000.0
103783.784
90352.941
88275.862
98461.538
94814.815
94814.815
89302.326
83478.261
72452.83
108169.014
125901.639
82580.645
109714.286
102400.0
120000.0
106666.667
103783.784
94814.815
99740.26
112941.176
96000.0
98461.538
94814.815
101052.632
99740.26
97215.19
106666.667
96000.0
97215.19
90352.941
91428.571
90352.941
92530.12
90352.941
84395.604
88275.862
128000.0
137142.857
114626.866
125901.639
92530.12
130169.492
97215.19
106666.667
90352.941
92530.12
93658.537
94814.815
105205.479
103783.784
103783.784
139636.364
106666.667
132413.793
96000.0
105205.479
83478.261
106666.667
93658.537
83478.261
103783.784
94814.815
102400.0
108169.014
123870.968
88275.862
130169.492
90352.941
103783.784
106666.667
108169.014
97215.19
123870.968
123870.968
118153.846
96000.0
90352.941
81702.128
94814.815
105205.479
101052.632
83478.261
93658.537
99740.26
105205.479
120000.0
81702.128
90352.941
106666.667
99740.26
93658.537
92530.12
85333.333
128000.0
76800.0
112941.176
101052.632
93658.537
103783.784
98461.538
87272.727
132413.793
98461.538
96000.0
132413.793
118153.846
103783.784
120000.0
105205.479
99740.26
112941.176
97215.19
91428.571
106666.667
106666.667
97215.19
137142.857
82580.645
153600.0
85333.333
89302.326
99740.26
84395.604
116363.636
109714.286
114626.866
90352.941
78367.347
102400.0
92530.12
96000.0
132413.793
132413.793
109714.286
86292.135
121904.762
101052.632
94814.815
91428.571
101052.632
116363.636
96000.0
90352.941
92530.12
93658.537
91428.571
89302.326
130169.492
84395.604
106666.667
98461.538
93658.537
150588.235
83478.261
128000.0
112941.176
101052.632
109714.286
139636.364
92530.12
81702.128
128000.0
99740.26
98461.538
101052.632
112941.176
86292.135
106666.667
93658.537
128000.0
78367.347
69818.182
101052.632
98461.538
123870.968
123870.968
92530.12
132413.793
213333.333
160000.0
91428.571
101052.632
86292.135
105205.479
94814.815
92530.12
118153.846
93658.537
150588.235
213333.333
174545.455
116363.636
94814.815
93658.537
105205.479
109714.286
108169.014
88275.862
225882.353
137142.857
112941.176
92530.12
97215.19
118153.846
103783.784
90352.941
93658.537
132413.793
112941.176
99740.26
116363.636
106666.667
93658.537
90352.941
123870.968
75294.118
87272.727
93658.537
76039.604
114626.866
99740.26
90352.941
93658.537
96000.0
118153.846
109714.286
121904.762
118153.846
130169.492
284444.444
144905.66
89302.326
94814.815
69189.189
97215.19
91428.571
76039.604
89302.326
106666.667
120000.0
106666.667
99740.26
121904.762
112941.176
105205.479
114626.866
82580.645
79175.258
92530.12
118153.846
76039.604
94814.815
101052.632
106666.667
92530.12
91428.571
80000.0
137142.857
79175.258
111304.348
130169.492
89302.326
108169.014
99740.26
96000.0
83478.261
120000.0
88275.862
94814.815
128000.0
99740.26
92530.12
111304.348
96000.0
91428.571
78367.347
91428.571
97215.19
103783.784
147692.308
101052.632
120000.0
96000.0
118153.846
114626.866
139636.364
82580.645
101052.632
93658.537
89302.326
89302.326
114626.866
94814.815
139636.364
98461.538
97215.19
97215.19
93658.537
89302.326
101052.632
109714.286
142222.222
87272.727
81702.128
82580.645
93658.537
109714.286
103783.784
116363.636
97215.19
92530.12
91428.571
142222.222
80842.105
88275.862
121904.762
102400.0
90352.941
98461.538
116363.636
85333.333
90352.941
91428.571
82580.645
84395.604
116363.636
98461.538
139636.364
99740.26
111304.348
86292.135
97215.19
114626.866
132413.793
1280000.0
121904.762
99740.26
97215.19
78367.347
116363.636
94814.815
147692.308
320000.0
73846.154
106666.667
132413.793
71775.701
103783.784
91428.571
144905.66
142222.222
156734.694
97215.19
89302.326
93658.537
128000.0
114626.866
139636.364
116363.636
213333.333
144905.66
92530.12
80842.105
118153.846
105205.479
144905.66
93658.537
142222.222
64000.0
116363.636
93658.537
88275.862
116363.636
103783.784
144905.66
103783.784
264827.586
102400.0
132413.793
79175.258
142222.222
94814.815
88275.862
121904.762
480000.0
98461.538
90352.941
139636.364
105205.479
142222.222
67368.421
96000.0
83478.261
147692.308
78367.347
106666.667
91428.571
144905.66
94814.815
94814.815
83478.261
142222.222
92530.12
101052.632
128000.0
150588.235
101052.632
142222.222
67964.602
120000.0
93658.537
92530.12
94814.815
137142.857
89302.326
144905.66
83478.261
91428.571
121904.762
94814.815
128000.0
307200.0
92530.12
88275.862
101052.632
92530.12
96000.0
91428.571
114626.866
77575.758
103783.784
88275.862
93658.537
85333.333
142222.222
96000.0
80842.105
125901.639
79175.258
106666.667
72452.83
83478.261
86292.135
101052.632
90352.941
94814.815
88275.862
134736.842
87272.727
137142.857
99740.26
114626.866
81702.128
112941.176
108169.014
106666.667
114626.866
134736.842
82580.645
144905.66
87272.727
63471.074
125901.639
94814.815
142222.222
88275.862
93658.537
79175.258
114626.866
102400.0
142222.222
89302.326
142222.222
82580.645
108169.014
90352.941
93658.537
99740.26
112941.176
98461.538
142222.222
78367.347
120000.0
90352.941
91428.571
106666.667
97215.19
96000.0
80842.105
81702.128
86292.135
86292.135
86292.135
99740.26
97215.19
89302.326
91428.571
111304.348
114626.866
81702.128
99740.26
93658.537
137142.857
96000.0
192000.0
307200.0
93658.537
93658.537
88275.862
98461.538
85333.333
144905.66
89302.326
88275.862
120000.0
225882.353
213333.333
137142.857
71775.701
86292.135
89302.326
103783.784
1920000.0
92530.12
142222.222
105205.479
137142.857
86292.135
67368.421
90352.941
91428.571
121904.762
102400.0
89302.326
109714.286
96000.0
87272.727
132413.793
94814.815
91428.571
106666.667
142222.222
93658.537
142222.222
105205.479
108169.014
81702.128
139636.364
247741.935
137142.857
105205.479
105205.479
92530.12
93658.537
93658.537
86292.135
170666.667
1097142.857
93658.537
139636.364
92530.12
147692.308
320000.0
109714.286
139636.364
106666.667
130169.492
69818.182
144905.66
97215.19
97215.19
96000.0
132413.793
139636.364
73846.154
88275.862
92530.12
264827.586
295384.615
103783.784
102400.0
102400.0
93658.537
90352.941
139636.364
89302.326
144905.66
92530.12
92530.12
102400.0
90352.941
128000.0
98461.538
116363.636
178604.651
274285.714
147692.308
103783.784
85333.333
92530.12
96000.0
