71111.111
116363.636
87272.727
66782.609
71111.111
73142.857
73142.857
73142.857
74563.107
74563.107
114626.866
93658.537
120000.0
182857.143
108169.014
64000.0
114626.866
86292.135
66782.609
116363.636
79175.258
79175.258
45988.024
111304.348
91428.571
114626.866
178604.651
99740.26
64537.815
118153.846
86292.135
66206.897
71111.111
71775.701
73142.857
73846.154
73142.857
73846.154
75294.118
75294.118
74563.107
74563.107
74563.107
76039.604
120000.0
93658.537
120000.0
67964.602
64000.0
116363.636
85333.333
66782.609
70458.716
114626.866
89302.326
64537.815
71111.111
71775.701
72452.83
73846.154
73142.857
73846.154
74563.107
73142.857
74563.107
75294.118
118153.846
92530.12
120000.0
74563.107
114626.866
86292.135
66782.609
73142.857
73846.154
75294.118
74563.107
76039.604
74563.107
76039.604
74563.107
76800.0
75294.118
76039.604
76039.604
76039.604
76039.604
76800.0
118153.846
66782.609
75294.118
68571.429
112941.176
90352.941
76800.0
65641.026
75294.118
120000.0
65084.746
111304.348
67964.602
64537.815
72452.83
73142.857
73846.154
74563.107
75294.118
74563.107
76039.604
75294.118
116363.636
94814.815
123870.968
73846.154
116363.636
87272.727
66782.609
112941.176
80842.105
120000.0
88275.862
67368.421
73142.857
73142.857
73846.154
73846.154
75294.118
75294.118
75294.118
74563.107
76039.604
75294.118
75294.118
74563.107
76039.604
73846.154
75294.118
75294.118
75294.118
76039.604
74563.107
76039.604
75294.118
74563.107
75294.118
76800.0
74563.107
118153.846
90352.941
123870.968
91428.571
66206.897
114626.866
82580.645
118153.846
89302.326
67368.421
73142.857
118153.846
83478.261
66782.609
116363.636
80000.0
118153.846
88275.862
67964.602
72452.83
73846.154
73846.154
75294.118
75294.118
76039.604
75294.118
75294.118
118153.846
91428.571
69189.189
72452.83
76039.604
74563.107
73846.154
74563.107
73846.154
75294.118
75294.118
73142.857
73846.154
72452.83
73142.857
73846.154
72452.83
71775.701
73142.857
73142.857
73142.857
73142.857
73142.857
73142.857
75294.118
73142.857
74563.107
73142.857
74563.107
74563.107
73846.154
73846.154
74563.107
75294.118
74563.107
74563.107
118153.846
66782.609
65084.746
73142.857
74563.107
75294.118
73846.154
75294.118
75294.118
76039.604
75294.118
75294.118
76039.604
76039.604
76039.604
76039.604
75294.118
76800.0
75294.118
76039.604
76800.0
76039.604
74563.107
77575.758
74563.107
75294.118
76039.604
76039.604
75294.118
78367.347
76039.604
74563.107
76800.0
75294.118
76800.0
76800.0
75294.118
76039.604
76039.604
76800.0
76800.0
76039.604
76039.604
77575.758
76039.604
76800.0
76039.604
76800.0
76800.0
76039.604
77575.758
75294.118
76800.0
76800.0
76800.0
76800.0
76800.0
76800.0
76800.0
76800.0
76039.604
77575.758
76800.0
76039.604
77575.758
76800.0
76800.0
75294.118
76039.604
76039.604
76039.604
76800.0
74563.107
76039.604
76800.0
75294.118
76800.0
76800.0
75294.118
76039.604
76800.0
76039.604
76039.604
76039.604
76800.0
77575.758
76800.0
76039.604
76800.0
76039.604
76800.0
77575.758
76800.0
75294.118
77575.758
76800.0
76800.0
76800.0
76800.0
76039.604
76800.0
77575.758
76039.604
76039.604
76800.0
76800.0
76039.604
76800.0
76039.604
75294.118
76800.0
76039.604
77575.758
75294.118
76039.604
76800.0
76800.0
76039.604
76039.604
76800.0
75294.118
76039.604
77575.758
75294.118
76039.604
76800.0
76039.604
76800.0
75294.118
76800.0
76039.604
76039.604
74563.107
77575.758
75294.118
74563.107
76039.604
76039.604
75294.118
76800.0
75294.118
76039.604
76800.0
75294.118
76039.604
76800.0
75294.118
75294.118
77575.758
74563.107
76800.0
76039.604
75294.118
77575.758
76039.604
76039.604
76800.0
77575.758
75294.118
76800.0
75294.118
74563.107
75294.118
76039.604
76800.0
74563.107
76039.604
75294.118
76039.604
76800.0
75294.118
76039.604
76800.0
76039.604
76039.604
76800.0
75294.118
76800.0
76800.0
76039.604
76039.604
76039.604
76039.604
76800.0
76800.0
74563.107
76800.0
75294.118
76039.604
76800.0
75294.118
74563.107
77575.758
74563.107
76039.604
75294.118
76039.604
75294.118
77575.758
76039.604
75294.118
76039.604
76039.604
76800.0
76039.604
76039.604
75294.118
76800.0
76800.0
75294.118
76800.0
76039.604
75294.118
77575.758
76039.604
75294.118
75294.118
76800.0
75294.118
76800.0
73846.154
76800.0
75294.118
118153.846
66782.609
65641.026
73142.857
73142.857
73846.154
73846.154
74563.107
116363.636
64537.815
112941.176
65641.026
65084.746
114626.866
94814.815
64537.815
114626.866
86292.135
64537.815
114626.866
82580.645
64537.815
70458.716
114626.866
65084.746
111304.348
92530.12
65641.026
116363.636
80000.0
63471.074
70458.716
114626.866
87272.727
116363.636
65084.746
64000.0
71111.111
116363.636
90352.941
114626.866
116363.636
120000.0
93658.537
61440.0
112941.176
83478.261
80842.105
72452.83
92530.12
62950.82
68571.429
114626.866
163404.255
49548.387
69818.182
71111.111
71775.701
71111.111
73142.857
73142.857
87272.727
66782.609
72452.83
73846.154
75294.118
73846.154
75294.118
75294.118
74563.107
74563.107
76039.604
74563.107
76039.604
75294.118
75294.118
76800.0
76039.604
74563.107
76039.604
74563.107
76039.604
76800.0
75294.118
76039.604
76800.0
76800.0
75294.118
76800.0
76039.604
75294.118
76800.0
76039.604
76039.604
76039.604
76039.604
75294.118
76800.0
76039.604
74563.107
76800.0
76039.604
76039.604
118153.846
67368.421
109714.286
69818.182
112941.176
109714.286
120000.0
139636.364
102400.0
51891.892
105205.479
98461.538
65084.746
70458.716
72452.83
73142.857
73846.154
74563.107
73142.857
75294.118
73846.154
118153.846
66782.609
65084.746
114626.866
93658.537
70458.716
71111.111
73142.857
73846.154
73846.154
74563.107
74563.107
74563.107
75294.118
74563.107
75294.118
76039.604
74563.107
74563.107
75294.118
75294.118
75294.118
75294.118
76039.604
73846.154
76039.604
74563.107
75294.118
76039.604
73846.154
73846.154
75294.118
75294.118
73846.154
74563.107
74563.107
75294.118
120000.0
66782.609
77575.758
125901.639
178604.651
65641.026
116363.636
65641.026
116363.636
87272.727
80842.105
87272.727
125901.639
196923.077
90352.941
62439.024
69189.189
120000.0
88275.862
66206.897
112941.176
84395.604
65084.746
114626.866
102400.0
109714.286
139636.364
97215.19
75294.118
66782.609
71775.701
114626.866
174545.455
178604.651
99740.26
128000.0
139636.364
80000.0
61935.484
69818.182
96000.0
62950.82
111304.348
147692.308
65084.746
111304.348
101052.632
80842.105
67964.602
109714.286
163404.255
77575.758
114626.866
66206.897
66782.609
69818.182
72452.83
71111.111
114626.866
174545.455
108169.014
132413.793
187317.073
89302.326
73142.857
97215.19
128000.0
202105.263
86292.135
128000.0
202105.263
187317.073
192000.0
91428.571
123870.968
85333.333
64537.815
116363.636
85333.333
64000.0
116363.636
105205.479
130169.492
196923.077
147692.308
69189.189
114626.866
79175.258
69189.189
66206.897
116363.636
86292.135
121904.762
69818.182
112941.176
82580.645
121904.762
87272.727
65084.746
114626.866
81702.128
118153.846
85333.333
121904.762
82580.645
65084.746
114626.866
77575.758
65084.746
67964.602
71111.111
69818.182
71775.701
72452.83
114626.866
89302.326
64537.815
68571.429
71111.111
71775.701
114626.866
93658.537
66782.609
69189.189
71775.701
116363.636
153600.0
87272.727
91428.571
128000.0
80000.0
65084.746
118153.846
106666.667
114626.866
109714.286
132413.793
202105.263
202105.263
118153.846
132413.793
150588.235
121904.762
70458.716
67368.421
67368.421
116363.636
86292.135
65641.026
118153.846
87272.727
64537.815
71111.111
71775.701
114626.866
92530.12
65641.026
71775.701
71775.701
72452.83
118153.846
87272.727
64537.815
71775.701
120000.0
85333.333
65641.026
116363.636
89302.326
66206.897
70458.716
71775.701
114626.866
87272.727
65084.746
116363.636
83478.261
65084.746
114626.866
93658.537
66782.609
114626.866
87272.727
64537.815
114626.866
79175.258
64537.815
114626.866
75294.118
64000.0
116363.636
88275.862
66206.897
116363.636
88275.862
64537.815
116363.636
87272.727
63471.074
116363.636
89302.326
118153.846
166956.522
163404.255
132413.793
178604.651
213333.333
121904.762
81702.128
61440.0
111304.348
81702.128
111304.348
170666.667
87272.727
85333.333
125901.639
207567.568
142222.222
132413.793
202105.263
182857.143
121904.762
132413.793
178604.651
87272.727
121904.762
147692.308
170666.667
66206.897
114626.866
92530.12
81702.128
74563.107
111304.348
111304.348
68571.429
62950.82
116363.636
89302.326
118153.846
178604.651
160000.0
66206.897
65084.746
69818.182
71775.701
71775.701
116363.636
92530.12
118153.846
69189.189
69818.182
71775.701
116363.636
108169.014
132413.793
147692.308
142222.222
163404.255
134736.842
128000.0
118153.846
128000.0
130169.492
84395.604
62439.024
114626.866
97215.19
71111.111
120000.0
102400.0
71775.701
64000.0
68571.429
71111.111
114626.866
105205.479
111304.348
134736.842
81702.128
64000.0
114626.866
96000.0
64000.0
71775.701
71775.701
114626.866
89302.326
123870.968
81702.128
120000.0
82580.645
116363.636
79175.258
120000.0
94814.815
65641.026
114626.866
111304.348
128000.0
103783.784
125901.639
178604.651
213333.333
128000.0
139636.364
192000.0
134736.842
67368.421
116363.636
105205.479
114626.866
105205.479
134736.842
187317.073
163404.255
153600.0
160000.0
92530.12
125901.639
130169.492
132413.793
123870.968
147692.308
178604.651
125901.639
118153.846
128000.0
121904.762
123870.968
130169.492
156734.694
120000.0
139636.364
178604.651
150588.235
78367.347
65084.746
64000.0
102400.0
60952.381
112941.176
76800.0
118153.846
70458.716
88275.862
142222.222
116363.636
106666.667
147692.308
182857.143
134736.842
142222.222
103783.784
134736.842
105205.479
61440.0
112941.176
88275.862
61935.484
112941.176
108169.014
62950.82
111304.348
98461.538
65641.026
70458.716
116363.636
105205.479
65641.026
116363.636
111304.348
112941.176
128000.0
153600.0
82580.645
64000.0
116363.636
98461.538
65641.026
116363.636
98461.538
65084.746
116363.636
108169.014
102400.0
88275.862
123870.968
78367.347
120000.0
84395.604
121904.762
69818.182
118153.846
101052.632
65084.746
114626.866
76800.0
112941.176
82580.645
118153.846
80842.105
118153.846
79175.258
118153.846
105205.479
102400.0
130169.492
166956.522
160000.0
142222.222
54857.143
111304.348
111304.348
105205.479
139636.364
156734.694
174545.455
207567.568
156734.694
139636.364
54084.507
62950.82
116363.636
79175.258
64000.0
118153.846
77575.758
65641.026
116363.636
76800.0
64537.815
118153.846
73846.154
118153.846
108169.014
123870.968
150588.235
132413.793
134736.842
132413.793
160000.0
82580.645
121904.762
123870.968
132413.793
109714.286
134736.842
144905.66
142222.222
187317.073
142222.222
156734.694
207567.568
62950.82
65641.026
116363.636
102400.0
132413.793
170666.667
174545.455
174545.455
163404.255
103783.784
120000.0
125901.639
144905.66
120000.0
137142.857
82580.645
62439.024
118153.846
106666.667
114626.866
128000.0
64000.0
116363.636
105205.479
101052.632
134736.842
163404.255
156734.694
156734.694
134736.842
112941.176
92530.12
132413.793
192000.0
170666.667
147692.308
121904.762
139636.364
163404.255
111304.348
85333.333
134736.842
54084.507
66206.897
69818.182
120000.0
82580.645
120000.0
87272.727
125901.639
65084.746
120000.0
80842.105
44137.931
116363.636
108169.014
102400.0
139636.364
153600.0
142222.222
160000.0
97215.19
121904.762
153600.0
142222.222
134736.842
147692.308
187317.073
174545.455
150588.235
153600.0
170666.667
144905.66
139636.364
166956.522
61440.0
65641.026
69189.189
123870.968
81702.128
123870.968
103783.784
123870.968
150588.235
163404.255
202105.263
142222.222
120000.0
163404.255
196923.077
128000.0
112941.176
160000.0
120000.0
137142.857
142222.222
55251.799
116363.636
102400.0
128000.0
64000.0
69189.189
121904.762
82580.645
125901.639
196923.077
139636.364
147692.308
62439.024
114626.866
84395.604
125901.639
74563.107
120000.0
74563.107
121904.762
77575.758
123870.968
67368.421
118153.846
99740.26
125901.639
80842.105
121904.762
71111.111
120000.0
93658.537
125901.639
82580.645
121904.762
71111.111
118153.846
93658.537
121904.762
77575.758
123870.968
70458.716
102400.0
144905.66
75294.118
112941.176
73846.154
69189.189
71111.111
72452.83
72452.83
73846.154
73142.857
73846.154
73846.154
73142.857
73846.154
73846.154
74563.107
72452.83
74563.107
73846.154
73846.154
72452.83
74563.107
73846.154
73846.154
73846.154
73846.154
74563.107
74563.107
73142.857
74563.107
73846.154
73846.154
74563.107
73846.154
73846.154
74563.107
73846.154
73846.154
74563.107
75294.118
74563.107
73846.154
75294.118
74563.107
74563.107
75294.118
73846.154
75294.118
73846.154
75294.118
76039.604
73846.154
74563.107
75294.118
74563.107
74563.107
75294.118
73846.154
75294.118
74563.107
74563.107
75294.118
74563.107
74563.107
75294.118
75294.118
74563.107
74563.107
118153.846
90352.941
65641.026
74563.107
116363.636
87272.727
67368.421
73846.154
73142.857
74563.107
73846.154
74563.107
74563.107
75294.118
74563.107
74563.107
73846.154
120000.0
88275.862
65084.746
71775.701
73142.857
72452.83
74563.107
74563.107
73142.857
116363.636
70458.716
70458.716
71775.701
114626.866
69189.189
71111.111
72452.83
114626.866
69189.189
71775.701
118153.846
89302.326
121904.762
71111.111
116363.636
81702.128
118153.846
69818.182
69818.182
118153.846
67964.602
112941.176
81702.128
66206.897
70458.716
116363.636
69818.182
69189.189
72452.83
73142.857
73846.154
73846.154
73846.154
116363.636
87272.727
118153.846
90352.941
118153.846
105205.479
73846.154
64537.815
71775.701
118153.846
66782.609
70458.716
118153.846
85333.333
118153.846
86292.135
120000.0
81702.128
64537.815
114626.866
79175.258
116363.636
69189.189
111304.348
78367.347
116363.636
69818.182
112941.176
76800.0
47407.407
64537.815
114626.866
75294.118
112941.176
108169.014
121904.762
150588.235
144905.66
163404.255
121904.762
112941.176
116363.636
125901.639
130169.492
130169.492
132413.793
123870.968
147692.308
156734.694
166956.522
139636.364
128000.0
163404.255
202105.263
153600.0
114626.866
156734.694
163404.255
134736.842
163404.255
112941.176
108169.014
130169.492
125901.639
137142.857
170666.667
120000.0
134736.842
128000.0
128000.0
134736.842
121904.762
101052.632
64000.0
66782.609
121904.762
65084.746
66206.897
66782.609
120000.0
81702.128
62950.82
71111.111
71775.701
71775.701
72452.83
71775.701
72452.83
72452.83
72452.83
73142.857
73142.857
73142.857
73846.154
72452.83
71775.701
73846.154
74563.107
114626.866
65641.026
108169.014
76039.604
116363.636
86292.135
116363.636
81702.128
62439.024
71111.111
71111.111
73142.857
73142.857
116363.636
90352.941
120000.0
84395.604
64000.0
116363.636
80000.0
118153.846
85333.333
120000.0
81702.128
65641.026
114626.866
79175.258
116363.636
80842.105
116363.636
73846.154
116363.636
108169.014
64537.815
116363.636
170666.667
125901.639
63471.074
70458.716
120000.0
81702.128
120000.0
81702.128
118153.846
103783.784
121904.762
101052.632
66206.897
112941.176
84395.604
118153.846
75294.118
116363.636
69189.189
116363.636
76039.604
116363.636
103783.784
128000.0
118153.846
65084.746
112941.176
76039.604
114626.866
84395.604
120000.0
79175.258
65084.746
114626.866
76800.0
64000.0
118153.846
75294.118
64537.815
114626.866
75294.118
64000.0
114626.866
76039.604
116363.636
78367.347
64000.0
112941.176
77575.758
66206.897
114626.866
75294.118
116363.636
77575.758
114626.866
108169.014
101052.632
65641.026
109714.286
80000.0
120000.0
80842.105
116363.636
108169.014
48917.197
109714.286
83478.261
120000.0
73846.154
66782.609
112941.176
73142.857
64537.815
114626.866
106666.667
64537.815
66782.609
112941.176
87272.727
65641.026
114626.866
77575.758
116363.636
77575.758
65084.746
112941.176
108169.014
125901.639
108169.014
65084.746
112941.176
80000.0
116363.636
69818.182
114626.866
78367.347
118153.846
108169.014
130169.492
142222.222
147692.308
166956.522
166956.522
178604.651
142222.222
91428.571
64000.0
112941.176
82580.645
116363.636
78367.347
62950.82
112941.176
80000.0
63471.074
114626.866
73846.154
118153.846
80000.0
106666.667
139636.364
163404.255
132413.793
64537.815
64537.815
69818.182
70458.716
71775.701
72452.83
71775.701
118153.846
88275.862
65084.746
72452.83
116363.636
86292.135
120000.0
80842.105
120000.0
106666.667
130169.492
156734.694
128000.0
132413.793
147692.308
147692.308
91428.571
63471.074
112941.176
82580.645
118153.846
81702.128
118153.846
82580.645
111304.348
73846.154
118153.846
153600.0
89302.326
125901.639
187317.073
125901.639
142222.222
174545.455
139636.364
147692.308
120000.0
67368.421
116363.636
106666.667
72452.83
121904.762
101052.632
63471.074
116363.636
89302.326
44393.064
65641.026
71111.111
71111.111
120000.0
86292.135
65641.026
112941.176
80842.105
66206.897
114626.866
78367.347
116363.636
69189.189
116363.636
108169.014
121904.762
150588.235
101052.632
91428.571
116363.636
67964.602
114626.866
87272.727
116363.636
153600.0
174545.455
153600.0
73846.154
116363.636
81702.128
66206.897
116363.636
196923.077
118153.846
65084.746
114626.866
74563.107
120000.0
103783.784
98461.538
128000.0
170666.667
142222.222
144905.66
160000.0
170666.667
70458.716
114626.866
106666.667
69189.189
118153.846
67368.421
112941.176
81702.128
64000.0
114626.866
78367.347
64537.815
114626.866
109714.286
125901.639
156734.694
139636.364
156734.694
109714.286
134736.842
144905.66
150588.235
142222.222
147692.308
99740.26
130169.492
108169.014
137142.857
192000.0
128000.0
83478.261
125901.639
139636.364
137142.857
170666.667
196923.077
178604.651
156734.694
178604.651
121904.762
137142.857
182857.143
178604.651
105205.479
132413.793
207567.568
192000.0
139636.364
128000.0
64000.0
66206.897
120000.0
178604.651
170666.667
114626.866
142222.222
182857.143
182857.143
114626.866
84395.604
137142.857
153600.0
166956.522
90352.941
61935.484
68571.429
120000.0
83478.261
128000.0
105205.479
89302.326
62950.82
116363.636
80842.105
44912.281
65641.026
70458.716
71111.111
72452.83
73142.857
101052.632
63471.074
71775.701
73142.857
73142.857
72452.83
73142.857
73846.154
73846.154
73142.857
73846.154
73846.154
73846.154
77575.758
71111.111
73846.154
73142.857
75294.118
74563.107
74563.107
73846.154
74563.107
73846.154
76039.604
73846.154
73846.154
74563.107
73846.154
73846.154
73846.154
72452.83
74563.107
73846.154
73846.154
73142.857
73846.154
73846.154
74563.107
73142.857
73846.154
73846.154
73142.857
74563.107
74563.107
72452.83
73846.154
73846.154
74563.107
116363.636
97215.19
65641.026
72452.83
73142.857
74563.107
73846.154
74563.107
74563.107
74563.107
74563.107
73846.154
116363.636
90352.941
65084.746
72452.83
73142.857
116363.636
88275.862
120000.0
93658.537
64537.815
114626.866
85333.333
118153.846
80000.0
118153.846
72452.83
118153.846
69189.189
114626.866
79175.258
116363.636
81702.128
64537.815
69818.182
71111.111
116363.636
86292.135
120000.0
76800.0
64000.0
112941.176
78367.347
118153.846
103783.784
123870.968
111304.348
63471.074
111304.348
81702.128
118153.846
87272.727
45714.286
111304.348
86292.135
123870.968
80000.0
64537.815
112941.176
76800.0
65084.746
70458.716
71775.701
71775.701
71775.701
73846.154
72452.83
72452.83
74563.107
72452.83
71775.701
73846.154
73142.857
71775.701
72452.83
116363.636
66782.609
70458.716
116363.636
69189.189
114626.866
83478.261
62950.82
111304.348
80000.0
116363.636
108169.014
125901.639
160000.0
156734.694
150588.235
70458.716
111304.348
89302.326
118153.846
86292.135
64000.0
70458.716
118153.846
86292.135
71775.701
163404.255
147692.308
65641.026
66206.897
116363.636
77575.758
64537.815
118153.846
76039.604
64000.0
116363.636
76800.0
116363.636
67964.602
118153.846
79175.258
114626.866
105205.479
125901.639
156734.694
156734.694
142222.222
64000.0
63471.074
112941.176
82580.645
118153.846
84395.604
65641.026
64537.815
70458.716
70458.716
118153.846
90352.941
45443.787
64537.815
116363.636
76800.0
65641.026
66782.609
70458.716
118153.846
86292.135
118153.846
82580.645
63471.074
112941.176
79175.258
118153.846
106666.667
63471.074
114626.866
87272.727
62950.82
112941.176
77575.758
62439.024
68571.429
114626.866
105205.479
121904.762
144905.66
144905.66
192000.0
219428.571
139636.364
132413.793
69818.182
62950.82
114626.866
87272.727
66206.897
114626.866
80842.105
120000.0
103783.784
90352.941
130169.492
137142.857
147692.308
123870.968
134736.842
192000.0
178604.651
187317.073
187317.073
121904.762
61935.484
67368.421
120000.0
88275.862
63471.074
112941.176
82580.645
64000.0
67964.602
70458.716
116363.636
65641.026
64537.815
116363.636
106666.667
98461.538
134736.842
153600.0
78367.347
62950.82
114626.866
78367.347
62439.024
114626.866
81702.128
62439.024
114626.866
79175.258
118153.846
78367.347
65084.746
65084.746
112941.176
111304.348
132413.793
150588.235
147692.308
150588.235
83478.261
106666.667
132413.793
160000.0
160000.0
97215.19
66206.897
112941.176
90352.941
67964.602
64537.815
70458.716
120000.0
87272.727
64537.815
114626.866
83478.261
120000.0
112941.176
112941.176
134736.842
160000.0
142222.222
137142.857
156734.694
77575.758
137142.857
132413.793
84395.604
65641.026
114626.866
93658.537
65641.026
118153.846
106666.667
121904.762
106666.667
134736.842
156734.694
147692.308
170666.667
120000.0
105205.479
111304.348
137142.857
139636.364
139636.364
170666.667
125901.639
75294.118
65084.746
114626.866
106666.667
102400.0
142222.222
160000.0
125901.639
150588.235
170666.667
94814.815
120000.0
128000.0
128000.0
144905.66
147692.308
121904.762
123870.968
134736.842
130169.492
139636.364
123870.968
144905.66
62950.82
63471.074
67368.421
69189.189
71111.111
71111.111
120000.0
65641.026
69189.189
64537.815
71111.111
70458.716
118153.846
114626.866
108169.014
61440.0
63471.074
114626.866
82580.645
121904.762
106666.667
130169.492
166956.522
147692.308
79175.258
61440.0
112941.176
80000.0
120000.0
81702.128
61935.484
114626.866
76800.0
120000.0
82580.645
61935.484
112941.176
77575.758
120000.0
80842.105
62439.024
112941.176
76800.0
118153.846
78367.347
120000.0
108169.014
130169.492
123870.968
134736.842
174545.455
170666.667
166956.522
85333.333
123870.968
187317.073
137142.857
111304.348
123870.968
128000.0
130169.492
170666.667
102400.0
128000.0
137142.857
144905.66
123870.968
139636.364
196923.077
101052.632
68571.429
63471.074
116363.636
75294.118
105205.479
142222.222
139636.364
150588.235
70458.716
62950.82
116363.636
111304.348
80000.0
130169.492
68571.429
62439.024
116363.636
108169.014
121904.762
137142.857
112941.176
139636.364
73142.857
65641.026
118153.846
65641.026
116363.636
77575.758
63471.074
114626.866
78367.347
64000.0
114626.866
80842.105
62950.82
112941.176
76039.604
63471.074
114626.866
76800.0
120000.0
108169.014
99740.26
137142.857
163404.255
130169.492
163404.255
166956.522
170666.667
207567.568
170666.667
150588.235
156734.694
102400.0
134736.842
134736.842
150588.235
213333.333
150588.235
163404.255
134736.842
150588.235
192000.0
147692.308
144905.66
174545.455
103783.784
109714.286
163404.255
56888.889
65084.746
69818.182
120000.0
65084.746
67368.421
69818.182
118153.846
86292.135
62439.024
114626.866
82580.645
120000.0
83478.261
64000.0
116363.636
108169.014
62439.024
112941.176
91428.571
121904.762
68571.429
120000.0
101052.632
82580.645
82580.645
77575.758
76039.604
52244.898
59534.884
116363.636
88275.862
118153.846
68571.429
118153.846
82580.645
118153.846
76800.0
114626.866
84395.604
120000.0
71775.701
118153.846
112941.176
70458.716
118153.846
69189.189
116363.636
85333.333
47701.863
112941.176
109714.286
128000.0
134736.842
147692.308
150588.235
134736.842
166956.522
160000.0
120000.0
147692.308
170666.667
182857.143
160000.0
134736.842
166956.522
108169.014
134736.842
163404.255
139636.364
75294.118
92530.12
130169.492
125901.639
150588.235
182857.143
132413.793
125901.639
142222.222
139636.364
137142.857
77575.758
60952.381
118153.846
106666.667
61440.0
61935.484
116363.636
80842.105
62950.82
116363.636
79175.258
61935.484
118153.846
79175.258
120000.0
76800.0
62950.82
116363.636
78367.347
118153.846
63471.074
114626.866
82580.645
120000.0
166956.522
160000.0
67368.421
63471.074
69189.189
116363.636
82580.645
99740.26
142222.222
78367.347
89302.326
65641.026
67368.421
68571.429
72452.83
71111.111
71111.111
73142.857
71775.701
71111.111
72452.83
73142.857
72452.83
72452.83
71775.701
73846.154
72452.83
71775.701
73142.857
72452.83
71775.701
73142.857
73142.857
71775.701
73142.857
73142.857
73846.154
72452.83
72452.83
73142.857
73846.154
73142.857
73846.154
73142.857
72452.83
73846.154
73846.154
73142.857
73846.154
73142.857
73142.857
73846.154
74563.107
73142.857
73846.154
72452.83
74563.107
73846.154
72452.83
73142.857
74563.107
73142.857
72452.83
73142.857
73846.154
73142.857
72452.83
73142.857
73846.154
71775.701
72452.83
118153.846
92530.12
62950.82
69818.182
118153.846
88275.862
62950.82
70458.716
71111.111
73142.857
72452.83
114626.866
97215.19
64537.815
69189.189
116363.636
91428.571
63471.074
111304.348
88275.862
121904.762
82580.645
64000.0
114626.866
83478.261
118153.846
80842.105
116363.636
69818.182
112941.176
71775.701
114626.866
78367.347
118153.846
69189.189
116363.636
81702.128
118153.846
80000.0
120000.0
76800.0
64000.0
68571.429
70458.716
71775.701
71111.111
72452.83
71111.111
71111.111
72452.83
71775.701
72452.83
71775.701
114626.866
69818.182
65641.026
69189.189
116363.636
87272.727
118153.846
90352.941
121904.762
82580.645
61935.484
112941.176
86292.135
118153.846
80000.0
118153.846
106666.667
66206.897
112941.176
78367.347
80000.0
74563.107
88275.862
80000.0
118153.846
79175.258
109714.286
132413.793
76800.0
62950.82
111304.348
82580.645
120000.0
87272.727
62950.82
112941.176
79175.258
118153.846
84395.604
66206.897
116363.636
72452.83
64000.0
69189.189
69818.182
71775.701
116363.636
106666.667
125901.639
108169.014
120000.0
178604.651
160000.0
50526.316
109714.286
111304.348
51543.624
61935.484
66206.897
114626.866
89302.326
62950.82
111304.348
82580.645
61935.484
111304.348
80842.105
118153.846
106666.667
92530.12
59076.923
66206.897
118153.846
88275.862
120000.0
163404.255
91428.571
112941.176
89302.326
132413.793
178604.651
128000.0
118153.846
75294.118
64537.815
114626.866
80000.0
120000.0
105205.479
123870.968
174545.455
67964.602
114626.866
90352.941
65084.746
112941.176
76039.604
118153.846
102400.0
67368.421
62950.82
114626.866
87272.727
121904.762
82580.645
118153.846
71111.111
116363.636
74563.107
64537.815
116363.636
74563.107
62950.82
114626.866
67964.602
114626.866
71111.111
114626.866
74563.107
114626.866
79175.258
62439.024
112941.176
76800.0
118153.846
103783.784
130169.492
150588.235
153600.0
142222.222
128000.0
61440.0
109714.286
87272.727
67368.421
116363.636
75294.118
114626.866
70458.716
116363.636
78367.347
118153.846
105205.479
130169.492
70458.716
64000.0
114626.866
74563.107
116363.636
106666.667
128000.0
116363.636
132413.793
182857.143
170666.667
50526.316
66782.609
118153.846
86292.135
62439.024
112941.176
80000.0
62439.024
112941.176
82580.645
62950.82
114626.866
86292.135
61935.484
112941.176
76039.604
64000.0
111304.348
76800.0
116363.636
81702.128
118153.846
108169.014
116363.636
108169.014
132413.793
182857.143
166956.522
187317.073
89302.326
121904.762
89302.326
123870.968
80842.105
46265.06
65084.746
116363.636
72452.83
118153.846
66206.897
114626.866
76039.604
118153.846
106666.667
