4549.591
74626.866
54151.625
52264.808
58365.759
38560.411
58365.759
58593.75
61475.41
66964.286
66079.295
69124.424
67873.303
46012.27
71770.335
75000.0
71770.335
76142.132
73529.412
75757.576
76142.132
74626.866
76530.612
75757.576
76923.077
76923.077
76923.077
77720.207
115384.615
93167.702
137614.679
132743.363
93750.0
142857.143
150000.0
258620.69
107913.669
157894.737
294117.647
294117.647
258620.69
254237.288
394736.842
306122.449
357142.857
267857.143
319148.936
182926.829
227272.727
197368.421
234375.0
217391.304
238095.238
227272.727
230769.231
241935.484
227272.727
238095.238
241935.484
227272.727
223880.597
241935.484
223880.597
238095.238
230769.231
223880.597
267857.143
220588.235
211267.606
250000.0
230769.231
223880.597
223880.597
250000.0
227272.727
288461.538
223880.597
241935.484
238095.238
234375.0
258620.69
230769.231
263157.895
238095.238
238095.238
254237.288
227272.727
277777.778
250000.0
294117.647
250000.0
211267.606
223880.597
483870.968
1702.997
833333.333
6678.54
258620.69
19531.25
81081.081
29354.207
17584.994
28462.998
27322.404
27173.913
23547.881
32258.065
25684.932
21834.061
27322.404
22692.89
19531.25
30120.482
166666.667
22658.61
30181.087
29940.12
29940.12
30060.12
38759.69
40322.581
39787.798
39787.798
44378.698
38860.104
58365.759
64655.172
68181.818
69767.442
68493.151
68807.339
69444.444
69124.424
69124.424
69444.444
69444.444
70422.535
69444.444
71428.571
71428.571
72463.768
72815.534
73891.626
74257.426
74257.426
75757.576
132743.363
131578.947
89285.714
138888.889
147058.824
150000.0
148514.851
151515.152
150000.0
142857.143
93750.0
145631.068
154639.175
153061.224
250000.0
116279.07
156250.0
254237.288
113636.364
157894.737
254237.288
114503.817
156250.0
258620.69
114503.817
157894.737
258620.69
117187.5
157894.737
258620.69
116279.07
156250.0
263157.895
116279.07
100000.0
116279.07
157894.737
263157.895
117187.5
159574.468
258620.69
180722.892
111940.299
161290.323
125000.0
263157.895
254237.288
283018.868
234375.0
288461.538
227272.727
277777.778
234375.0
272727.273
227272.727
277777.778
267857.143
245901.639
241935.484
223880.597
3930.818
1500000.0
27173.913
500000.0
73529.412
69124.424
65789.474
59760.956
70754.717
71090.047
75376.884
71090.047
114503.817
87719.298
123966.942
148514.851
174418.605
121951.22
153061.224
147058.824
156250.0
164835.165
157894.737
148514.851
168539.326
230769.231
113636.364
159574.468
263157.895
112781.955
157894.737
258620.69
114503.817
99337.748
108695.652
98684.211
107913.669
157894.737
258620.69
111940.299
166666.667
245901.639
110294.118
156250.0
267857.143
110294.118
166666.667
250000.0
238095.238
208333.333
168539.326
245901.639
110294.118
166666.667
258620.69
136363.636
122950.82
156250.0
254237.288
120967.742
151515.152
306122.449
208333.333
272727.273
283018.868
254237.288
272727.273
254237.288
241935.484
288461.538
245901.639
283018.868
258620.69
277777.778
230769.231
250000.0
294117.647
230769.231
326086.957
223880.597
272727.273
254237.288
333333.333
220588.235
288461.538
263157.895
1071428.571
1651.982
1500000.0
29469.548
375000.0
38961.039
75000.0
43604.651
41436.464
57471.264
44776.119
64935.065
67567.568
72463.768
76530.612
80213.904
81967.213
85227.273
92024.54
65502.183
67873.303
70422.535
69767.442
69444.444
70754.717
70422.535
71090.047
71770.335
72115.385
72115.385
72815.534
73529.412
73170.732
73891.626
73891.626
74626.866
74257.426
75376.884
75376.884
129310.345
132743.363
89820.359
138888.889
147058.824
147058.824
148514.851
245901.639
205479.452
98039.216
154639.175
234375.0
116279.07
156250.0
234375.0
118110.236
154639.175
254237.288
113636.364
156250.0
238095.238
283018.868
234375.0
312500.0
250000.0
178571.429
227272.727
384615.385
294117.647
263157.895
384615.385
483870.968
1699.139
1875000.0
27472.527
789473.684
26978.417
45045.045
12135.922
39473.684
13309.672
72463.768
227272.727
36674.817
40871.935
59760.956
36319.613
57915.058
39577.836
43227.666
38961.039
41095.89
40214.477
40760.87
42134.831
61224.49
64935.065
64655.172
64655.172
65502.183
65217.391
67567.568
66079.295
66666.667
67264.574
67567.568
68181.818
68807.339
68493.151
69767.442
69444.444
70422.535
70093.458
71090.047
71090.047
71090.047
72815.534
119047.619
80213.904
123966.942
81081.081
131578.947
140186.916
140186.916
81967.213
137614.679
144230.769
147058.824
148514.851
150000.0
245901.639
110294.118
150000.0
250000.0
108695.652
151515.152
254237.288
107913.669
151515.152
254237.288
107142.857
164835.165
234375.0
108695.652
163043.478
234375.0
107913.669
166666.667
234375.0
109489.051
164835.165
234375.0
108695.652
166666.667
238095.238
109489.051
163043.478
245901.639
109489.051
172413.793
227272.727
111111.111
164835.165
241935.484
110294.118
267857.143
375000.0
306122.449
105633.803
168539.326
241935.484
110294.118
168539.326
241935.484
111111.111
170454.545
238095.238
111111.111
164835.165
250000.0
111111.111
166666.667
245901.639
110294.118
166666.667
241935.484
110294.118
168539.326
245901.639
211267.606
32467.532
348837.209
416666.667
63291.139
937500.0
109489.051
153061.224
272727.273
51903.114
104166.667
168539.326
250000.0
107142.857
163043.478
238095.238
109489.051
166666.667
250000.0
111940.299
176470.588
238095.238
114503.817
180722.892
238095.238
114503.817
168539.326
258620.69
120967.742
161290.323
263157.895
120000.0
170454.545
254237.288
122950.82
166666.667
254237.288
129310.345
168539.326
250000.0
129310.345
166666.667
250000.0
130434.783
168539.326
250000.0
132743.363
170454.545
245901.639
130434.783
166666.667
250000.0
148514.851
145631.068
254237.288
156250.0
148514.851
230769.231
159574.468
202702.703
123966.942
180722.892
220588.235
129310.345
161290.323
254237.288
122950.82
157894.737
250000.0
125000.0
176470.588
230769.231
127118.644
161290.323
250000.0
127118.644
178571.429
220588.235
127118.644
161290.323
254237.288
127118.644
161290.323
254237.288
123966.942
168539.326
238095.238
127118.644
161290.323
254237.288
127118.644
161290.323
250000.0
125000.0
172413.793
227272.727
127118.644
159574.468
258620.69
121951.22
157894.737
82417.582
172413.793
227272.727
127118.644
159574.468
258620.69
116279.07
174418.605
227272.727
120967.742
156250.0
263157.895
115384.615
174418.605
230769.231
118110.236
157894.737
254237.288
119047.619
163043.478
258620.69
112781.955
174418.605
227272.727
122950.82
156250.0
263157.895
112781.955
176470.588
230769.231
112781.955
156250.0
250000.0
122950.82
154639.175
263157.895
111111.111
168539.326
238095.238
110294.118
157894.737
306122.449
241935.484
156250.0
157894.737
250000.0
108695.652
150000.0
250000.0
103448.276
157894.737
220588.235
89285.714
133928.571
145631.068
144230.769
144230.769
144230.769
145631.068
145631.068
145631.068
144230.769
141509.434
142857.143
141509.434
