86206.897
110294.118
87209.302
120967.742
79787.234
71770.335
113636.364
62240.664
70093.458
117187.5
127118.644
96153.846
90909.091
65502.183
102739.726
66964.286
73891.626
109489.051
65217.391
73170.732
112781.955
64102.564
71428.571
74257.426
111111.111
128205.128
130434.783
101351.351
64655.172
71428.571
107913.669
63025.21
70754.717
117187.5
121951.22
131578.947
69767.442
71428.571
120000.0
61728.395
70093.458
70093.458
115384.615
132743.363
96153.846
76923.077
102040.816
63559.322
71428.571
119047.619
112781.955
104166.667
74257.426
73529.412
104895.105
64102.564
72815.534
118110.236
126050.42
94936.709
100000.0
67264.574
74257.426
104895.105
70422.535
82872.928
111940.299
79365.079
72815.534
78947.368
113636.364
87719.298
72115.385
81521.739
104895.105
93750.0
71090.047
105633.803
107913.669
130434.783
70422.535
75376.884
108695.652
65502.183
73529.412
113636.364
65217.391
74257.426
148514.851
15495.868
211267.606
111940.299
65217.391
73529.412
114503.817
65502.183
73170.732
108695.652
72815.534
87209.302
109489.051
68807.339
86705.202
104895.105
72815.534
117187.5
70754.717
81967.213
109489.051
71428.571
82872.928
108695.652
87719.298
93750.0
102739.726
106382.979
65789.474
71770.335
110294.118
63559.322
71428.571
120000.0
116279.07
100671.141
84745.763
67567.568
113636.364
62761.506
70422.535
119047.619
62500.0
70093.458
70754.717
119047.619
62761.506
70422.535
71090.047
114503.817
63025.21
70422.535
71090.047
112781.955
63559.322
71090.047
70754.717
118110.236
78947.368
122950.82
125000.0
73170.732
71428.571
117187.5
123966.942
92592.593
78125.0
72463.768
110294.118
62761.506
70754.717
70093.458
119047.619
127118.644
93167.702
100000.0
64655.172
71090.047
105633.803
62761.506
70093.458
120000.0
123966.942
98684.211
94339.623
93167.702
62240.664
69444.444
108695.652
67873.303
81967.213
111111.111
71770.335
59055.118
68493.151
119047.619
122950.82
101351.351
90909.091
61983.471
114503.817
60483.871
67567.568
67567.568
119047.619
129310.345
93167.702
99337.748
61728.395
67264.574
118110.236
60240.964
67567.568
68181.818
119047.619
125000.0
96774.194
73891.626
118110.236
115384.615
102040.816
76923.077
117187.5
63025.21
70754.717
70422.535
118110.236
63829.787
71770.335
119047.619
123966.942
91463.415
104895.105
66666.667
72115.385
72815.534
119047.619
70754.717
88235.294
113636.364
71428.571
84269.663
107913.669
73170.732
84269.663
102040.816
87719.298
121951.22
104166.667
111111.111
69444.444
74626.866
113636.364
71428.571
89820.359
106382.979
72815.534
117187.5
71770.335
83798.883
109489.051
72815.534
84269.663
109489.051
72463.768
83798.883
108695.652
79787.234
120967.742
101351.351
119047.619
67264.574
73529.412
114503.817
68807.339
84745.763
110294.118
74626.866
82872.928
110294.118
71428.571
84745.763
109489.051
72115.385
83798.883
107913.669
72463.768
82872.928
110294.118
71770.335
83798.883
110294.118
71090.047
83333.333
110294.118
71770.335
83333.333
110294.118
81967.213
73529.412
83333.333
107142.857
71770.335
83333.333
107913.669
71090.047
82417.582
104895.105
72115.385
82872.928
104895.105
72463.768
83798.883
108695.652
103448.276
107913.669
62761.506
68493.151
68807.339
117187.5
63291.139
70422.535
69767.442
118110.236
62500.0
68181.818
71428.571
118110.236
64655.172
81081.081
113636.364
62761.506
69124.424
70754.717
118110.236
62761.506
68807.339
74626.866
118110.236
125000.0
103448.276
104895.105
77319.588
71090.047
69767.442
118110.236
61728.395
69767.442
72463.768
119047.619
64102.564
71090.047
74257.426
119047.619
64655.172
70422.535
70093.458
119047.619
121951.22
92592.593
78125.0
71770.335
116279.07
122950.82
104166.667
96774.194
64655.172
113636.364
69124.424
86206.897
119047.619
71428.571
82872.928
120000.0
104895.105
120000.0
65502.183
71770.335
71770.335
118110.236
120000.0
92592.593
105633.803
128205.128
133928.571
71428.571
117187.5
126050.42
103448.276
93167.702
66079.295
113636.364
64102.564
73891.626
97402.597
86705.202
118110.236
103448.276
115384.615
90361.446
65502.183
111940.299
74257.426
91463.415
82872.928
117187.5
104166.667
119047.619
68807.339
75000.0
119047.619
117187.5
102739.726
89285.714
70754.717
113636.364
122950.82
97402.597
98039.216
68493.151
111940.299
123966.942
130434.783
64377.682
74626.866
73170.732
118110.236
121951.22
104166.667
88235.294
65502.183
113636.364
116279.07
100671.141
73529.412
72463.768
117187.5
120967.742
102739.726
98039.216
95541.401
62240.664
70093.458
117187.5
119047.619
100671.141
81081.081
64935.065
70093.458
116279.07
61728.395
69444.444
69124.424
69124.424
68807.339
118110.236
68181.818
82417.582
120000.0
104895.105
118110.236
68493.151
82417.582
120000.0
66371.681
66371.681
67264.574
67264.574
67873.303
67264.574
67873.303
117187.5
60240.964
66964.286
67567.568
68181.818
68181.818
68493.151
68807.339
69124.424
117187.5
126050.42
103448.276
90909.091
64102.564
116279.07
116279.07
132743.363
65502.183
72115.385
71428.571
71770.335
118110.236
127118.644
101351.351
86206.897
67873.303
73891.626
119047.619
116279.07
102739.726
88235.294
69124.424
115384.615
111940.299
82417.582
121951.22
86206.897
119047.619
68807.339
76142.132
79787.234
120000.0
119047.619
91463.415
105633.803
69767.442
75757.576
119047.619
70754.717
75000.0
75376.884
119047.619
115384.615
89285.714
115384.615
70422.535
75000.0
80213.904
120000.0
120000.0
90909.091
110294.118
135135.135
136363.636
109489.051
67567.568
93167.702
122950.82
137614.679
129310.345
163043.478
90361.446
100671.141
112781.955
131578.947
76142.132
102040.816
116279.07
129310.345
135135.135
151515.152
163043.478
348837.209
