125000.0
126050.42
127118.644
123966.942
127118.644
126050.42
118110.236
131578.947
120000.0
129310.345
126050.42
122950.82
126050.42
123966.942
125000.0
123966.942
123966.942
126050.42
122950.82
126050.42
123966.942
123966.942
123966.942
125000.0
125000.0
122950.82
125000.0
126050.42
122950.82
123966.942
123966.942
122950.82
123966.942
123966.942
118110.236
129310.345
122950.82
123966.942
125000.0
123966.942
122950.82
118110.236
128205.128
123966.942
125000.0
121951.22
123966.942
121951.22
121951.22
122950.82
122950.82
121951.22
120000.0
117187.5
127118.644
117187.5
129310.345
115384.615
127118.644
116279.07
126050.42
121951.22
120967.742
120967.742
120967.742
120967.742
120967.742
121951.22
120000.0
120967.742
121951.22
120967.742
120000.0
120967.742
121951.22
120967.742
120000.0
120967.742
120967.742
120967.742
120000.0
120000.0
116279.07
126050.42
120000.0
117187.5
125000.0
120967.742
120000.0
120967.742
121951.22
119047.619
120967.742
120000.0
120967.742
114503.817
125000.0
120000.0
119047.619
120000.0
120000.0
119047.619
120000.0
119047.619
118110.236
114503.817
122950.82
118110.236
118110.236
118110.236
120000.0
117187.5
117187.5
118110.236
113636.364
118110.236
122950.82
117187.5
117187.5
118110.236
119047.619
116279.07
117187.5
118110.236
117187.5
117187.5
117187.5
117187.5
117187.5
118110.236
117187.5
117187.5
117187.5
116279.07
116279.07
117187.5
116279.07
117187.5
117187.5
116279.07
117187.5
117187.5
116279.07
117187.5
116279.07
117187.5
116279.07
116279.07
116279.07
116279.07
118110.236
114503.817
116279.07
117187.5
115384.615
116279.07
116279.07
116279.07
115384.615
116279.07
116279.07
115384.615
115384.615
116279.07
115384.615
115384.615
115384.615
115384.615
114503.817
115384.615
114503.817
114503.817
115384.615
114503.817
115384.615
114503.817
114503.817
113636.364
114503.817
114503.817
114503.817
113636.364
113636.364
114503.817
113636.364
113636.364
112781.955
113636.364
114503.817
111940.299
113636.364
113636.364
111111.111
111940.299
60975.61
103448.276
110294.118
60240.964
104895.105
107142.857
60000.0
103448.276
108695.652
107142.857
60240.964
99337.748
58823.529
102739.726
57251.908
100000.0
56818.182
100000.0
56390.977
98684.211
56179.775
97402.597
55350.554
96774.194
54945.055
52083.333
51020.408
50675.676
87719.298
52816.901
88235.294
50505.051
47318.612
86206.897
47923.323
45454.545
45317.221
45045.045
43604.651
43988.27
43478.261
42134.831
42134.831
41436.464
40106.952
39787.798
39164.491
38071.066
37593.985
37406.484
36231.884
35128.806
35377.358
34246.575
34013.605
33259.424
32967.033
32608.696
33185.841
31380.753
31779.661
30737.705
29702.97
29940.12
28409.091
28846.154
27932.961
264.261
53003.534
34013.605
137614.679
41436.464
62761.506
68493.151
76530.612
78125.0
79365.079
96774.194
93750.0
80645.161
98684.211
84269.663
59288.538
71428.571
72115.385
85714.286
87209.302
89820.359
94339.623
88235.294
79787.234
106382.979
78947.368
96153.846
86206.897
90361.446
94339.623
102040.816
78125.0
88235.294
110294.118
75376.884
87209.302
85714.286
80645.161
80645.161
84269.663
79365.079
75000.0
71090.047
69124.424
41899.441
58365.759
127118.644
72815.534
69124.424
125000.0
85714.286
93167.702
111111.111
89285.714
76530.612
100671.141
77319.588
104166.667
75376.884
109489.051
77720.207
96153.846
83798.883
81081.081
104166.667
75376.884
100671.141
79365.079
100671.141
77720.207
105633.803
87209.302
84269.663
87719.298
88235.294
89285.714
75757.576
107913.669
83798.883
79787.234
91463.415
96774.194
78534.031
85227.273
90909.091
87209.302
88235.294
89820.359
107913.669
73529.412
83798.883
94936.709
122950.82
66666.667
93750.0
89285.714
88235.294
114503.817
76142.132
105633.803
94339.623
68181.818
94339.623
88757.396
125000.0
76530.612
78947.368
84745.763
95541.401
81967.213
92592.593
90361.446
89820.359
87719.298
80213.904
88235.294
90361.446
91463.415
87719.298
88757.396
81081.081
82417.582
197368.421
