64000.0
66782.609
66782.609
66782.609
66782.609
66782.609
66782.609
65641.026
65084.746
67368.421
67964.602
67368.421
66782.609
65084.746
64537.815
64537.815
65641.026
65641.026
65084.746
66206.897
65641.026
65084.746
65084.746
65084.746
65084.746
65084.746
64537.815
64537.815
65084.746
65641.026
66206.897
67368.421
67964.602
67964.602
67964.602
67964.602
67964.602
66782.609
65641.026
121904.762
274285.714
56058.394
65084.746
101052.632
274285.714
62950.82
67964.602
69818.182
67964.602
64537.815
60952.381
58181.818
58625.954
114626.866
44651.163
65084.746
102400.0
51543.624
67368.421
67964.602
67368.421
67368.421
99740.26
196923.077
66782.609
67368.421
67964.602
65641.026
63471.074
61935.484
60000.0
59534.884
58625.954
59534.884
60000.0
60952.381
61935.484
61935.484
62439.024
62950.82
60952.381
60952.381
61935.484
61935.484
61440.0
60952.381
59534.884
58625.954
59534.884
59076.923
59076.923
120000.0
274285.714
52965.517
62439.024
64000.0
65084.746
62950.82
62439.024
61440.0
60000.0
60472.441
60952.381
61935.484
61935.484
64000.0
64537.815
65084.746
64537.815
65641.026
65641.026
64537.815
65084.746
65084.746
66782.609
66206.897
66782.609
67368.421
65641.026
63471.074
62439.024
60952.381
60472.441
60472.441
62439.024
62439.024
62439.024
62439.024
61440.0
61935.484
62439.024
60952.381
60952.381
60472.441
61440.0
62950.82
61935.484
123870.968
264827.586
54468.085
63471.074
65084.746
65084.746
65641.026
62439.024
60952.381
59076.923
58625.954
58625.954
59076.923
60952.381
102400.0
46829.268
65084.746
66782.609
67368.421
67368.421
66782.609
65084.746
62439.024
62439.024
62439.024
60472.441
61440.0
61440.0
60952.381
61440.0
61935.484
63471.074
64000.0
65641.026
66782.609
69189.189
67368.421
65084.746
61935.484
60952.381
58181.818
58625.954
59076.923
60000.0
59534.884
60472.441
61935.484
62439.024
61935.484
62439.024
62439.024
61935.484
62439.024
61440.0
61935.484
60000.0
58625.954
57744.361
58625.954
58181.818
58625.954
59076.923
59076.923
60472.441
60472.441
60952.381
60952.381
61440.0
60952.381
60952.381
60000.0
60000.0
60472.441
60952.381
60472.441
61935.484
62439.024
62950.82
64000.0
62950.82
63471.074
63471.074
62950.82
62439.024
62439.024
62439.024
61935.484
61935.484
62950.82
62950.82
62439.024
62950.82
62439.024
63471.074
62439.024
62950.82
62439.024
62950.82
63471.074
62950.82
63471.074
64000.0
63471.074
64000.0
65084.746
64000.0
62950.82
63471.074
62950.82
62439.024
63471.074
125901.639
284444.444
55652.174
65641.026
67368.421
67368.421
66782.609
65641.026
64000.0
60952.381
61935.484
61935.484
60952.381
62439.024
63471.074
65084.746
65084.746
66206.897
67368.421
65641.026
66206.897
65641.026
64537.815
62950.82
61935.484
62950.82
64537.815
62950.82
62950.82
64000.0
128000.0
264827.586
55251.799
64537.815
65641.026
67368.421
64537.815
64000.0
63471.074
61935.484
61935.484
60952.381
61935.484
63471.074
64000.0
66782.609
66206.897
66782.609
65084.746
64000.0
64537.815
64000.0
65084.746
65641.026
65641.026
64537.815
63471.074
63471.074
62950.82
62950.82
64000.0
65084.746
66206.897
66782.609
65641.026
65084.746
64537.815
65084.746
67368.421
66206.897
65084.746
62950.82
61935.484
61935.484
62950.82
65084.746
65641.026
65084.746
65084.746
63471.074
61440.0
61440.0
62439.024
130169.492
274285.714
53706.294
63471.074
65641.026
65084.746
64000.0
62439.024
60472.441
62439.024
63471.074
64000.0
64000.0
65084.746
65641.026
65084.746
65641.026
66206.897
66206.897
67368.421
69189.189
68571.429
70458.716
69818.182
69818.182
69189.189
69818.182
69818.182
71111.111
112941.176
264827.586
69189.189
69818.182
75294.118
76800.0
74563.107
69818.182
65084.746
62439.024
61440.0
123870.968
45714.286
65641.026
66782.609
69818.182
69818.182
67368.421
64000.0
62950.82
121904.762
45714.286
65084.746
66782.609
67964.602
67964.602
121904.762
49230.769
71775.701
72452.83
69818.182
68571.429
118153.846
264827.586
59076.923
65641.026
64537.815
62950.82
103783.784
48301.887
65641.026
65641.026
64000.0
62950.82
60000.0
58625.954
111304.348
44137.931
60952.381
64000.0
64000.0
64000.0
103783.784
46545.455
63471.074
63471.074
64000.0
62439.024
60952.381
59076.923
59076.923
57744.361
60000.0
61440.0
61440.0
61935.484
61935.484
64000.0
63471.074
62950.82
62439.024
64537.815
64000.0
62950.82
62950.82
61935.484
61935.484
62439.024
62950.82
64000.0
64000.0
64000.0
63471.074
63471.074
62950.82
118153.846
264827.586
54468.085
63471.074
65084.746
65641.026
66782.609
65641.026
64000.0
62439.024
62950.82
63471.074
63471.074
62439.024
62950.82
61440.0
61935.484
63471.074
63471.074
65084.746
65084.746
65641.026
66782.609
67368.421
66782.609
66782.609
66206.897
64537.815
62439.024
61440.0
60952.381
60472.441
60000.0
60472.441
60952.381
61440.0
62439.024
61935.484
62439.024
61935.484
61440.0
128000.0
274285.714
53706.294
62439.024
64000.0
64000.0
62950.82
61935.484
59534.884
57744.361
57744.361
57744.361
125901.639
264827.586
52244.898
61935.484
62439.024
61935.484
62439.024
62439.024
61935.484
61935.484
61440.0
60952.381
61935.484
63471.074
65084.746
65084.746
64537.815
63471.074
64000.0
62950.82
62439.024
63471.074
62439.024
62950.82
63471.074
62950.82
64537.815
63471.074
62439.024
62439.024
62950.82
62439.024
62950.82
62439.024
62439.024
61440.0
61440.0
60472.441
60472.441
60952.381
60000.0
60000.0
58181.818
59534.884
61440.0
60952.381
61935.484
61935.484
62950.82
60952.381
62439.024
62439.024
62439.024
63471.074
63471.074
63471.074
64000.0
64000.0
64537.815
64537.815
62950.82
65084.746
65084.746
62439.024
61935.484
60472.441
56058.394
58625.954
62439.024
65641.026
67368.421
64537.815
63471.074
61440.0
61935.484
60952.381
60952.381
62439.024
63471.074
62950.82
63471.074
63471.074
61935.484
60000.0
59076.923
58625.954
58625.954
58181.818
59076.923
59534.884
60000.0
60000.0
61935.484
62439.024
61440.0
61935.484
61935.484
59534.884
60000.0
60472.441
58181.818
57313.433
59076.923
59076.923
58625.954
58181.818
58181.818
121904.762
43146.067
59534.884
60952.381
61935.484
61440.0
60472.441
58625.954
59076.923
59076.923
58181.818
57744.361
58625.954
59076.923
58625.954
106666.667
44393.064
61935.484
61440.0
60952.381
58625.954
57744.361
56470.588
54857.143
56470.588
57744.361
59076.923
60952.381
62950.82
63471.074
65084.746
65084.746
65084.746
65084.746
64537.815
61935.484
61440.0
60472.441
60472.441
60472.441
61935.484
62950.82
61935.484
62439.024
61440.0
61440.0
62439.024
62950.82
64537.815
65641.026
64000.0
63471.074
61935.484
61440.0
60952.381
60472.441
61935.484
61935.484
61440.0
60952.381
60472.441
60000.0
60000.0
60000.0
60472.441
59534.884
60000.0
58625.954
60000.0
59534.884
59534.884
60472.441
59534.884
59076.923
125901.639
264827.586
52965.517
61935.484
62950.82
63471.074
62950.82
60000.0
58181.818
58181.818
56888.889
57744.361
58181.818
59076.923
59076.923
59534.884
59076.923
59534.884
59076.923
58625.954
58625.954
59076.923
58625.954
59076.923
59534.884
60000.0
59534.884
57744.361
58625.954
60000.0
60000.0
61440.0
60000.0
62950.82
63471.074
62950.82
62950.82
62439.024
61935.484
61935.484
60000.0
58625.954
60000.0
60952.381
61935.484
63471.074
63471.074
64000.0
65641.026
65084.746
65084.746
64537.815
64537.815
64537.815
64537.815
64537.815
65084.746
66206.897
66206.897
65084.746
65641.026
64000.0
62950.82
64000.0
65641.026
65641.026
66206.897
67368.421
67368.421
67368.421
67964.602
67964.602
68571.429
69189.189
69189.189
69818.182
67964.602
66206.897
62950.82
62439.024
60952.381
60000.0
60472.441
61440.0
60952.381
62950.82
63471.074
65641.026
65641.026
65084.746
67368.421
67368.421
68571.429
68571.429
68571.429
69189.189
67368.421
65641.026
66782.609
69189.189
71111.111
70458.716
70458.716
67368.421
65641.026
62950.82
62950.82
62439.024
121904.762
264827.586
56058.394
64537.815
66206.897
66782.609
65641.026
65641.026
64000.0
63471.074
64000.0
65084.746
65641.026
66206.897
67368.421
67964.602
66782.609
67368.421
66206.897
66206.897
66206.897
63471.074
62439.024
130169.492
274285.714
54857.143
66206.897
67368.421
66782.609
66782.609
65084.746
64000.0
65084.746
64000.0
65084.746
64000.0
64537.815
64000.0
62439.024
61935.484
123870.968
256000.0
55251.799
66206.897
67964.602
67964.602
65084.746
63471.074
62439.024
61440.0
62950.82
62950.82
61440.0
62439.024
62950.82
64537.815
65084.746
66206.897
66782.609
67964.602
67964.602
69189.189
66782.609
62439.024
58181.818
57744.361
58625.954
59076.923
59534.884
59534.884
62439.024
62439.024
62950.82
63471.074
63471.074
65641.026
66206.897
66206.897
66782.609
66206.897
65641.026
64537.815
64000.0
64537.815
64000.0
118153.846
284444.444
55251.799
65084.746
66206.897
65641.026
66206.897
66206.897
65084.746
63471.074
61440.0
60952.381
61440.0
61935.484
60952.381
61440.0
61935.484
62439.024
61935.484
61935.484
61440.0
62439.024
62439.024
61440.0
62950.82
62439.024
62439.024
61935.484
62950.82
65084.746
64537.815
64000.0
63471.074
62950.82
62950.82
63471.074
61440.0
62439.024
62439.024
63471.074
62439.024
61440.0
61440.0
60472.441
59076.923
60000.0
60000.0
59534.884
60472.441
60952.381
60472.441
60000.0
60472.441
60472.441
61440.0
61440.0
61935.484
61935.484
62439.024
62439.024
62950.82
112941.176
264827.586
57744.361
65084.746
64537.815
64537.815
65084.746
64000.0
63471.074
62950.82
63471.074
64000.0
64000.0
64537.815
64537.815
62439.024
62950.82
62439.024
60952.381
60472.441
61440.0
61440.0
61935.484
64000.0
65641.026
65084.746
64000.0
61935.484
59534.884
57313.433
57313.433
56888.889
56888.889
56888.889
58625.954
59076.923
59076.923
59076.923
59076.923
60000.0
60000.0
60472.441
59534.884
58181.818
60000.0
59076.923
58181.818
57313.433
59076.923
62950.82
61440.0
61440.0
61440.0
60472.441
59534.884
59534.884
59534.884
59534.884
120000.0
256000.0
53333.333
65084.746
66782.609
67964.602
67964.602
65641.026
64000.0
61440.0
60000.0
109714.286
256000.0
52965.517
118153.846
44137.931
62439.024
62950.82
60472.441
58181.818
58181.818
57744.361
125901.639
264827.586
51543.624
60472.441
60952.381
60952.381
59076.923
60472.441
59534.884
58625.954
58625.954
59534.884
60472.441
60472.441
60472.441
60952.381
61440.0
61440.0
61440.0
61935.484
62439.024
62950.82
62439.024
61935.484
60952.381
62439.024
61935.484
62439.024
62439.024
60952.381
61440.0
60952.381
60952.381
120000.0
264827.586
54084.507
62950.82
63471.074
65084.746
65641.026
65084.746
65641.026
66206.897
65641.026
65641.026
65084.746
65641.026
64537.815
64000.0
63471.074
63471.074
64000.0
64000.0
64537.815
64537.815
64000.0
65641.026
65641.026
66782.609
66782.609
65641.026
66782.609
66782.609
65641.026
64537.815
63471.074
62950.82
62950.82
62439.024
61935.484
62439.024
62950.82
64000.0
64537.815
64537.815
64537.815
64537.815
64000.0
62950.82
61935.484
60952.381
60000.0
60472.441
60000.0
59076.923
59076.923
59534.884
59076.923
58625.954
59076.923
112941.176
256000.0
53333.333
60472.441
62439.024
61935.484
60952.381
59076.923
57313.433
56470.588
55652.174
56470.588
58181.818
58625.954
58625.954
60000.0
60472.441
60472.441
59076.923
58625.954
58181.818
59076.923
123870.968
43636.364
62950.82
64000.0
61935.484
59076.923
57744.361
56470.588
55652.174
109714.286
43146.067
60472.441
60952.381
62439.024
64000.0
64000.0
62950.82
60000.0
57744.361
59076.923
58625.954
60472.441
59534.884
60952.381
62439.024
62950.82
63471.074
112941.176
256000.0
57744.361
66782.609
67368.421
67368.421
67368.421
66782.609
65641.026
62439.024
62950.82
60952.381
60472.441
64537.815
64000.0
61935.484
59534.884
59076.923
59076.923
60472.441
62439.024
64000.0
64000.0
62950.82
61440.0
60952.381
59076.923
59534.884
60472.441
60000.0
60472.441
59076.923
57313.433
56470.588
59534.884
60000.0
59534.884
60000.0
59534.884
59076.923
59534.884
59076.923
59534.884
59076.923
59534.884
59534.884
60472.441
60000.0
60000.0
60000.0
60000.0
60000.0
60472.441
60000.0
60472.441
60472.441
60000.0
60000.0
59534.884
60000.0
59534.884
60000.0
61440.0
62950.82
63471.074
63471.074
62950.82
61935.484
60952.381
59534.884
59076.923
59076.923
59534.884
60952.381
61440.0
61440.0
61440.0
60952.381
61440.0
61440.0
61440.0
60000.0
61440.0
61440.0
60952.381
61440.0
59534.884
60000.0
59076.923
59534.884
60952.381
60952.381
61440.0
61935.484
61440.0
61440.0
60472.441
62439.024
62439.024
62950.82
62439.024
64000.0
66206.897
68571.429
69189.189
67964.602
64537.815
62439.024
60000.0
60000.0
60472.441
60952.381
60000.0
60952.381
61440.0
60952.381
61935.484
61935.484
61440.0
62439.024
61440.0
62950.82
61935.484
60952.381
116363.636
256000.0
54468.085
61935.484
62439.024
62439.024
63471.074
63471.074
61935.484
60952.381
60952.381
59076.923
57744.361
58625.954
58625.954
58625.954
60000.0
60472.441
60472.441
60952.381
60000.0
60952.381
60472.441
60472.441
60472.441
59534.884
60952.381
61440.0
61935.484
62950.82
61935.484
60952.381
60472.441
60952.381
62950.82
63471.074
66782.609
67964.602
70458.716
71111.111
72452.83
71775.701
72452.83
72452.83
73142.857
72452.83
73142.857
72452.83
73846.154
71775.701
71775.701
72452.83
73142.857
71111.111
69818.182
163404.255
120000.0
125901.639
48301.887
69189.189
69818.182
71775.701
73142.857
70458.716
67964.602
64537.815
61440.0
59534.884
61440.0
62950.82
64000.0
62950.82
61935.484
61440.0
60000.0
60472.441
61935.484
62950.82
62950.82
62439.024
60952.381
59076.923
59076.923
58625.954
56470.588
56470.588
55652.174
53706.294
55652.174
54857.143
55652.174
55652.174
57313.433
58181.818
57744.361
58181.818
58181.818
59076.923
60952.381
61935.484
63471.074
63471.074
63471.074
64000.0
62950.82
58181.818
56470.588
56470.588
56888.889
55251.799
56888.889
57744.361
58181.818
57744.361
56470.588
59076.923
59076.923
59076.923
120000.0
256000.0
52244.898
61440.0
64537.815
65641.026
65084.746
64000.0
61935.484
58625.954
57744.361
57744.361
57744.361
59076.923
60000.0
60000.0
60472.441
61935.484
60000.0
60000.0
60472.441
60472.441
58181.818
55652.174
56470.588
57313.433
57744.361
57313.433
57313.433
57744.361
58181.818
59076.923
59076.923
57744.361
58181.818
59076.923
60000.0
61440.0
61440.0
63471.074
66206.897
65084.746
64000.0
60472.441
60472.441
62439.024
61440.0
60952.381
61935.484
64000.0
66206.897
69189.189
69189.189
68571.429
67964.602
66206.897
65084.746
63471.074
62950.82
62950.82
62439.024
64000.0
62950.82
63471.074
64000.0
64537.815
64000.0
62439.024
59534.884
58625.954
59534.884
62439.024
60952.381
58625.954
57744.361
56058.394
54468.085
54084.507
54468.085
55251.799
55251.799
55251.799
54468.085
56058.394
57313.433
57744.361
123870.968
264827.586
51891.892
59534.884
59076.923
57744.361
56470.588
54084.507
51891.892
52244.898
52602.74
54468.085
55652.174
57313.433
59076.923
59534.884
59076.923
58625.954
60000.0
57744.361
56470.588
56058.394
56888.889
56470.588
57744.361
59534.884
60000.0
60000.0
60472.441
59534.884
58181.818
56470.588
57744.361
60472.441
60472.441
61440.0
62439.024
64000.0
64000.0
64537.815
64537.815
65084.746
67368.421
68571.429
68571.429
66206.897
62950.82
59534.884
54857.143
54857.143
53333.333
51200.0
52965.517
54468.085
56888.889
57744.361
59534.884
62439.024
64000.0
94814.815
207567.568
66782.609
66782.609
66782.609
68571.429
69189.189
69818.182
70458.716
160000.0
240000.0
264827.586
73846.154
75294.118
77575.758
78367.347
82580.645
187317.073
182857.143
1097142.857
80000.0
80842.105
80000.0
79175.258
80842.105
80000.0
79175.258
78367.347
79175.258
78367.347
77575.758
73846.154
73846.154
75294.118
73846.154
71111.111
71775.701
74563.107
69818.182
74563.107
73846.154
73142.857
76039.604
76039.604
76039.604
76800.0
71775.701
71775.701
76039.604
71111.111
71775.701
71111.111
71111.111
74563.107
71111.111
74563.107
71775.701
76800.0
76039.604
128000.0
56470.588
78367.347
76800.0
80000.0
81702.128
80842.105
76800.0
72452.83
70458.716
69818.182
69818.182
69818.182
69818.182
69818.182
72452.83
73846.154
75294.118
71775.701
71111.111
70458.716
69818.182
69818.182
70458.716
71111.111
69818.182
69818.182
132413.793
284444.444
64537.815
74563.107
76039.604
80000.0
78367.347
76800.0
73142.857
71775.701
71111.111
71111.111
71775.701
71775.701
71111.111
98461.538
55652.174
69818.182
77575.758
118153.846
53333.333
70458.716
70458.716
65641.026
62439.024
59534.884
121904.762
274285.714
53333.333
105205.479
192000.0
62439.024
65641.026
66206.897
64537.815
99740.26
264827.586
57744.361
112941.176
47407.407
65641.026
63471.074
62439.024
60472.441
60952.381
61440.0
89302.326
192000.0
62439.024
64537.815
66206.897
66782.609
68571.429
67964.602
67368.421
68571.429
67368.421
65641.026
64000.0
93658.537
192000.0
68571.429
65084.746
64537.815
62950.82
62950.82
61440.0
59076.923
59076.923
57313.433
57313.433
59076.923
58181.818
59076.923
59534.884
62439.024
62950.82
64000.0
62439.024
61935.484
62950.82
62950.82
63471.074
62439.024
61440.0
60952.381
59534.884
59534.884
60000.0
59534.884
60952.381
60952.381
61935.484
62439.024
62439.024
61440.0
66782.609
134736.842
163404.255
144905.66
150588.235
153600.0
160000.0
163404.255
80842.105
62950.82
64537.815
64000.0
65084.746
62950.82
60952.381
60472.441
60000.0
59534.884
60952.381
61935.484
62950.82
63471.074
64537.815
64537.815
65641.026
66206.897
66206.897
67964.602
67964.602
67964.602
67964.602
66206.897
67368.421
66206.897
66206.897
65641.026
65641.026
65084.746
65641.026
64000.0
63471.074
63471.074
64000.0
64537.815
65084.746
65084.746
66206.897
65641.026
65641.026
66206.897
66782.609
67368.421
67368.421
66206.897
65084.746
64000.0
62439.024
64537.815
123870.968
274285.714
56058.394
66206.897
68571.429
68571.429
67368.421
65084.746
62950.82
60472.441
60952.381
60472.441
61440.0
62439.024
64537.815
65084.746
65084.746
66206.897
66206.897
64000.0
63471.074
64000.0
63471.074
65084.746
66206.897
67368.421
67964.602
67368.421
66206.897
64000.0
62439.024
61935.484
64000.0
64537.815
64537.815
65084.746
66782.609
67368.421
67368.421
67964.602
67964.602
69189.189
70458.716
70458.716
71111.111
69189.189
68571.429
66782.609
65641.026
63471.074
123870.968
274285.714
54468.085
64537.815
65084.746
66206.897
65084.746
64537.815
64000.0
62439.024
60000.0
60000.0
60472.441
123870.968
274285.714
55251.799
66782.609
68571.429
68571.429
68571.429
67368.421
65641.026
65641.026
64000.0
62439.024
61935.484
60952.381
62439.024
61440.0
62439.024
63471.074
62439.024
62950.82
62439.024
61935.484
61440.0
61935.484
62439.024
61935.484
62439.024
63471.074
65084.746
66782.609
70458.716
69189.189
69189.189
68571.429
67964.602
67964.602
67964.602
67964.602
66782.609
66206.897
67368.421
66782.609
67368.421
67964.602
66782.609
66782.609
66782.609
66206.897
65641.026
62950.82
61440.0
60952.381
60472.441
61935.484
63471.074
65084.746
66206.897
66206.897
66206.897
65084.746
63471.074
63471.074
62439.024
61935.484
60952.381
61440.0
61935.484
62439.024
62950.82
62950.82
64000.0
64537.815
65641.026
66782.609
66206.897
66206.897
66206.897
66782.609
67368.421
67964.602
66206.897
65641.026
63471.074
61440.0
61935.484
61935.484
62439.024
62950.82
64000.0
65084.746
66206.897
66782.609
67368.421
66206.897
67368.421
65641.026
64537.815
63471.074
63471.074
62950.82
62950.82
62950.82
62950.82
