71090.047
71428.571
72815.534
72815.534
73891.626
74626.866
73529.412
73170.732
73170.732
72815.534
72115.385
71090.047
69444.444
69444.444
70093.458
70093.458
70093.458
70754.717
71770.335
71090.047
70754.717
70754.717
71428.571
71770.335
72115.385
71770.335
72463.768
72115.385
72463.768
72815.534
73170.732
73170.732
72115.385
71770.335
72463.768
72815.534
71770.335
72115.385
71770.335
70754.717
71090.047
70754.717
70422.535
71090.047
71770.335
72115.385
72463.768
72463.768
72463.768
72463.768
73529.412
73529.412
72815.534
73891.626
73529.412
73529.412
73170.732
73170.732
73170.732
73170.732
73529.412
73529.412
73891.626
74257.426
73529.412
73529.412
73529.412
73891.626
73891.626
73529.412
73891.626
73170.732
73891.626
73170.732
74257.426
73891.626
73529.412
73891.626
74257.426
151515.152
214285.714
43731.778
73529.412
74257.426
74626.866
75757.576
76142.132
76923.077
76530.612
76142.132
76142.132
76530.612
75757.576
74626.866
73529.412
72815.534
73529.412
73529.412
72115.385
151515.152
211267.606
43227.666
71770.335
106382.979
54744.526
73891.626
74626.866
75000.0
74257.426
74626.866
74626.866
73529.412
73170.732
73529.412
72463.768
72463.768
71428.571
71428.571
71428.571
71428.571
71090.047
72115.385
71770.335
71770.335
71770.335
71428.571
72115.385
72115.385
71428.571
71770.335
72815.534
71428.571
72463.768
71770.335
72115.385
72115.385
72815.534
72815.534
72815.534
73170.732
73170.732
72815.534
73529.412
72815.534
72815.534
72463.768
72463.768
73170.732
72815.534
72815.534
72463.768
72815.534
73529.412
72815.534
73529.412
72815.534
72815.534
72815.534
72815.534
72815.534
72463.768
72463.768
72815.534
72815.534
74257.426
73891.626
74257.426
73891.626
75000.0
73529.412
73170.732
72463.768
73529.412
73170.732
72115.385
71770.335
72463.768
71428.571
72115.385
72463.768
72815.534
72463.768
71770.335
72115.385
71770.335
71428.571
71428.571
71090.047
70754.717
70093.458
69444.444
70754.717
70754.717
71090.047
72115.385
71090.047
71428.571
71428.571
72463.768
71770.335
71770.335
72115.385
71090.047
70754.717
71428.571
70422.535
70093.458
70093.458
70754.717
70754.717
70754.717
71428.571
72115.385
73170.732
73891.626
73529.412
73529.412
153061.224
208333.333
43731.778
73529.412
75000.0
74626.866
75376.884
76142.132
76530.612
76142.132
75376.884
75000.0
76142.132
73891.626
72463.768
71770.335
70754.717
70422.535
71428.571
70422.535
70093.458
70093.458
70422.535
70422.535
70422.535
70422.535
71090.047
71090.047
70093.458
70093.458
70093.458
70754.717
70754.717
70754.717
71770.335
70422.535
70422.535
71090.047
70754.717
70093.458
70422.535
70754.717
70754.717
71428.571
72115.385
72463.768
72463.768
73529.412
72815.534
72463.768
72463.768
72463.768
71090.047
71770.335
72463.768
71770.335
71770.335
71770.335
71428.571
71428.571
71428.571
71428.571
71770.335
71090.047
71090.047
70754.717
70422.535
70422.535
69767.442
71428.571
72463.768
72115.385
72815.534
73529.412
72463.768
72815.534
74257.426
73891.626
73529.412
73529.412
73891.626
74257.426
74626.866
73529.412
73891.626
73529.412
73891.626
74626.866
73529.412
73891.626
73891.626
74257.426
74257.426
73891.626
74257.426
73891.626
74257.426
73170.732
73529.412
73529.412
73891.626
73170.732
73891.626
74257.426
73891.626
74257.426
74626.866
73170.732
73891.626
74257.426
73529.412
73170.732
73170.732
73170.732
73170.732
73170.732
73170.732
74257.426
73170.732
71770.335
71428.571
72463.768
71770.335
71770.335
71428.571
71428.571
71428.571
71770.335
71770.335
72463.768
72115.385
71770.335
70754.717
70422.535
70754.717
69767.442
70754.717
71428.571
71428.571
72115.385
73891.626
73891.626
74257.426
73891.626
74626.866
74626.866
74257.426
74257.426
74626.866
73891.626
73529.412
73529.412
74626.866
74257.426
153061.224
211267.606
43988.27
73529.412
75000.0
75757.576
75376.884
75757.576
76142.132
75757.576
75757.576
75000.0
75000.0
75000.0
74257.426
74257.426
74257.426
73891.626
73891.626
73891.626
73529.412
73529.412
73170.732
73529.412
73529.412
71770.335
72815.534
72463.768
73170.732
73170.732
73529.412
73891.626
74257.426
74626.866
75376.884
319148.936
585.526
3663.004
76142.132
54945.055
65789.474
71770.335
60240.964
63291.139
68807.339
64935.065
60240.964
70093.458
65789.474
53191.489
9208.103
68807.339
60483.871
20463.847
25684.932
27624.309
29182.879
30120.482
30487.805
31512.605
32051.282
32608.696
32967.033
33407.572
33783.784
34090.909
34403.67
34642.032
34883.721
35046.729
35377.358
