74563.107
71111.111
71111.111
72452.83
69818.182
128000.0
51543.624
102400.0
55652.174
99740.26
58181.818
98461.538
59534.884
99740.26
60952.381
99740.26
60472.441
102400.0
60472.441
101052.632
59534.884
101052.632
59534.884
101052.632
59076.923
101052.632
60472.441
101052.632
60000.0
101052.632
61440.0
97215.19
63471.074
92530.12
65084.746
94814.815
64000.0
93658.537
63471.074
90352.941
64000.0
94814.815
62439.024
105205.479
57744.361
94814.815
62439.024
93658.537
62439.024
74563.107
76800.0
105205.479
59534.884
101052.632
60472.441
94814.815
60952.381
96000.0
60000.0
90352.941
61440.0
93658.537
58181.818
71111.111
71775.701
103783.784
54468.085
72452.83
73846.154
106666.667
53706.294
71775.701
73846.154
106666.667
53333.333
94814.815
57744.361
93658.537
59534.884
96000.0
59534.884
73142.857
76800.0
108169.014
55251.799
98461.538
59076.923
93658.537
61440.0
97215.19
60952.381
90352.941
65084.746
97215.19
62439.024
92530.12
64537.815
96000.0
62439.024
75294.118
74563.107
73846.154
71775.701
71111.111
69818.182
70458.716
71111.111
69818.182
69818.182
70458.716
71111.111
70458.716
71111.111
71111.111
69818.182
68571.429
68571.429
70458.716
70458.716
69189.189
69818.182
86292.135
54084.507
64537.815
114626.866
51200.0
103783.784
56888.889
97215.19
61935.484
102400.0
60952.381
102400.0
60952.381
101052.632
59534.884
98461.538
59534.884
114626.866
55251.799
101052.632
365714.286
66206.897
116363.636
54084.507
102400.0
58625.954
102400.0
59534.884
105205.479
59076.923
103783.784
59076.923
103783.784
58181.818
102400.0
58625.954
102400.0
59076.923
103783.784
60000.0
109714.286
56470.588
103783.784
62439.024
92530.12
65641.026
109714.286
60472.441
97215.19
116363.636
139636.364
111304.348
60952.381
114626.866
59534.884
111304.348
125901.639
120000.0
98461.538
63471.074
99740.26
60472.441
97215.19
60472.441
73846.154
72452.83
102400.0
52602.74
71111.111
71111.111
101052.632
64000.0
101052.632
50526.316
94814.815
56470.588
73142.857
73142.857
103783.784
54857.143
93658.537
59534.884
92530.12
61935.484
93658.537
63471.074
96000.0
64537.815
93658.537
66206.897
274285.714
147692.308
66206.897
108169.014
64537.815
111304.348
65084.746
307200.0
178604.651
63471.074
114626.866
63471.074
111304.348
63471.074
333913.043
170666.667
63471.074
97215.19
67368.421
96000.0
66782.609
97215.19
64000.0
93658.537
64537.815
97215.19
61935.484
76039.604
75294.118
103783.784
55251.799
90352.941
58625.954
71111.111
73846.154
86292.135
53706.294
57744.361
118153.846
51891.892
102400.0
56888.889
89302.326
64000.0
101052.632
59534.884
109714.286
58181.818
101052.632
58625.954
97215.19
59534.884
98461.538
61440.0
102400.0
61440.0
101052.632
61440.0
103783.784
61440.0
102400.0
61935.484
105205.479
62950.82
105205.479
63471.074
106666.667
62439.024
106666.667
62439.024
106666.667
61440.0
105205.479
62439.024
105205.479
61935.484
102400.0
61440.0
102400.0
59076.923
99740.26
60000.0
101052.632
59534.884
98461.538
61440.0
94814.815
63471.074
91428.571
63471.074
73142.857
74563.107
103783.784
53706.294
71111.111
71775.701
105205.479
54084.507
71111.111
72452.83
106666.667
53333.333
106666.667
46829.268
64537.815
70458.716
71111.111
102400.0
52602.74
96000.0
56470.588
96000.0
58181.818
99740.26
56470.588
96000.0
56470.588
97215.19
56470.588
96000.0
58625.954
102400.0
57744.361
98461.538
60472.441
101052.632
59534.884
101052.632
60000.0
97215.19
62439.024
97215.19
60472.441
103783.784
60000.0
101052.632
60000.0
73846.154
75294.118
105205.479
57313.433
98461.538
60472.441
96000.0
62950.82
99740.26
62439.024
94814.815
64000.0
97215.19
61440.0
74563.107
73846.154
105205.479
59076.923
99740.26
49870.13
91428.571
50860.927
94814.815
55251.799
90352.941
61935.484
97215.19
61440.0
91428.571
65641.026
98461.538
60000.0
86292.135
62950.82
101052.632
53333.333
69818.182
74563.107
70458.716
102400.0
54857.143
94814.815
56888.889
94814.815
56888.889
97215.19
56058.394
96000.0
56058.394
96000.0
54857.143
98461.538
56058.394
111304.348
55251.799
98461.538
58625.954
99740.26
57313.433
96000.0
60952.381
99740.26
57744.361
96000.0
58625.954
97215.19
56888.889
97215.19
56470.588
97215.19
56058.394
97215.19
56888.889
97215.19
55652.174
96000.0
54857.143
94814.815
53333.333
97215.19
50860.927
94814.815
49870.13
105205.479
52965.517
102400.0
53333.333
99740.26
54084.507
69818.182
68571.429
67964.602
66782.609
102400.0
50526.316
98461.538
52965.517
97215.19
54084.507
96000.0
56888.889
94814.815
60952.381
93658.537
63471.074
89302.326
65641.026
111304.348
61440.0
105205.479
64537.815
98461.538
67368.421
108169.014
63471.074
97215.19
66782.609
109714.286
64000.0
112941.176
60952.381
96000.0
65084.746
111304.348
59076.923
76039.604
76039.604
106666.667
55652.174
96000.0
57744.361
86292.135
67964.602
106666.667
57744.361
99740.26
60952.381
101052.632
62950.82
102400.0
60000.0
94814.815
62950.82
98461.538
59076.923
73142.857
73142.857
72452.83
102400.0
58181.818
99740.26
51543.624
109714.286
54084.507
97215.19
57313.433
109714.286
55251.799
98461.538
58181.818
112941.176
55251.799
99740.26
58625.954
106666.667
55652.174
114626.866
51200.0
99740.26
57744.361
99740.26
58625.954
101052.632
59534.884
99740.26
60472.441
101052.632
60952.381
101052.632
60952.381
101052.632
61440.0
103783.784
62439.024
101052.632
61440.0
103783.784
61440.0
103783.784
61935.484
102400.0
61440.0
103783.784
62439.024
101052.632
61935.484
101052.632
61935.484
102400.0
61935.484
120000.0
59076.923
98461.538
61440.0
102400.0
64537.815
98461.538
65641.026
96000.0
66206.897
96000.0
64537.815
76039.604
77575.758
74563.107
76039.604
76039.604
73846.154
72452.83
72452.83
72452.83
71775.701
72452.83
69818.182
111304.348
53333.333
112941.176
55251.799
120000.0
52244.898
102400.0
60000.0
103783.784
59076.923
103783.784
60952.381
102400.0
60952.381
103783.784
61440.0
102400.0
61440.0
102400.0
63471.074
99740.26
64537.815
99740.26
65641.026
101052.632
64537.815
99740.26
65641.026
101052.632
65641.026
114626.866
60952.381
99740.26
64537.815
97215.19
66782.609
99740.26
65641.026
98461.538
66782.609
108169.014
64537.815
97215.19
65084.746
98461.538
66206.897
97215.19
65084.746
96000.0
65084.746
97215.19
66782.609
97215.19
66782.609
98461.538
66206.897
114626.866
60952.381
97215.19
66206.897
98461.538
66206.897
111304.348
61440.0
96000.0
65641.026
94814.815
67368.421
99740.26
66782.609
99740.26
65641.026
96000.0
68571.429
97215.19
65641.026
97215.19
66782.609
109714.286
62950.82
97215.19
68571.429
79175.258
80842.105
78367.347
79175.258
76800.0
77575.758
76039.604
76039.604
73846.154
74563.107
73846.154
73846.154
74563.107
73846.154
73846.154
72452.83
73846.154
73846.154
73846.154
75294.118
73846.154
73142.857
71775.701
71775.701
71111.111
70458.716
71111.111
70458.716
67964.602
68571.429
70458.716
67964.602
69189.189
69189.189
71111.111
72452.83
68571.429
73846.154
71111.111
74563.107
75294.118
75294.118
76039.604
71111.111
71111.111
71111.111
73142.857
76800.0
71111.111
76039.604
74563.107
74563.107
73142.857
73142.857
72452.83
71775.701
72452.83
73846.154
156734.694
48000.0
80842.105
67368.421
76039.604
74563.107
75294.118
76039.604
73846.154
75294.118
74563.107
74563.107
109714.286
59076.923
73142.857
75294.118
76039.604
74563.107
74563.107
74563.107
74563.107
74563.107
71775.701
73846.154
73142.857
72452.83
73142.857
73846.154
75294.118
88275.862
404210.526
73142.857
71111.111
69818.182
70458.716
69189.189
69818.182
69818.182
71111.111
69818.182
68571.429
67964.602
139636.364
137142.857
70458.716
67368.421
67368.421
67964.602
66782.609
90352.941
51543.624
60952.381
65641.026
67368.421
67964.602
67964.602
67368.421
67964.602
68571.429
69818.182
69189.189
69189.189
78367.347
57744.361
60472.441
70458.716
66782.609
67964.602
66782.609
66782.609
69189.189
69818.182
68571.429
71111.111
80842.105
54857.143
118153.846
48301.887
69818.182
73142.857
72452.83
74563.107
72452.83
156734.694
49548.387
68571.429
73142.857
72452.83
73142.857
69189.189
68571.429
66206.897
65084.746
163404.255
160000.0
47701.863
64537.815
98461.538
51200.0
67964.602
72452.83
70458.716
71775.701
71111.111
71111.111
69189.189
295384.615
87272.727
68571.429
65084.746
65084.746
65084.746
73846.154
56470.588
58625.954
116363.636
48917.197
67964.602
71111.111
70458.716
68571.429
67964.602
64000.0
64000.0
80000.0
47116.564
60952.381
114626.866
48000.0
66206.897
67964.602
65084.746
65084.746
82580.645
50860.927
49870.13
63471.074
108169.014
49870.13
67368.421
69189.189
67964.602
64537.815
61440.0
120000.0
45176.471
60472.441
108169.014
48000.0
62950.82
102400.0
47701.863
61440.0
118153.846
45443.787
88275.862
50526.316
53706.294
112941.176
47116.564
65084.746
68571.429
66782.609
65641.026
65641.026
65641.026
150588.235
42905.028
67964.602
65641.026
62950.82
64000.0
62950.82
94814.815
48607.595
61935.484
99740.26
48301.887
65084.746
64537.815
64537.815
92530.12
47701.863
61935.484
101052.632
48607.595
61935.484
101052.632
48917.197
62950.82
98461.538
49870.13
61935.484
116363.636
46265.06
88275.862
51891.892
52244.898
109714.286
46545.455
62950.82
64537.815
62439.024
62439.024
61935.484
92530.12
47701.863
59076.923
120000.0
45988.024
80000.0
56470.588
62439.024
114626.866
43636.364
60472.441
103783.784
46829.268
59534.884
105205.479
46545.455
60472.441
102400.0
46829.268
65641.026
90352.941
52244.898
61935.484
93658.537
48607.595
63471.074
89302.326
49230.769
76800.0
52965.517
59534.884
120000.0
45714.286
90352.941
56058.394
64537.815
65084.746
62950.82
108169.014
47701.863
60952.381
98461.538
47116.564
57744.361
105205.479
44912.281
65084.746
83478.261
49548.387
61935.484
91428.571
46829.268
60000.0
99740.26
46545.455
61935.484
109714.286
45988.024
81702.128
48607.595
58625.954
105205.479
45176.471
61440.0
94814.815
47116.564
60472.441
94814.815
49548.387
64000.0
64000.0
62950.82
61935.484
59076.923
96000.0
48607.595
63471.074
66206.897
65084.746
62950.82
64000.0
67964.602
62950.82
60000.0
63471.074
96000.0
50860.927
49870.13
108169.014
46829.268
65641.026
65084.746
64000.0
62439.024
66782.609
61440.0
60952.381
96000.0
47701.863
65084.746
64537.815
65084.746
67368.421
62439.024
60000.0
59534.884
106666.667
46829.268
61935.484
65641.026
84395.604
51200.0
54857.143
109714.286
46265.06
67368.421
64537.815
62950.82
61935.484
84395.604
48000.0
60000.0
102400.0
48301.887
64537.815
66206.897
65084.746
65641.026
66206.897
65641.026
86292.135
51543.624
60952.381
101052.632
46545.455
64537.815
68571.429
62950.82
61440.0
65084.746
60000.0
57744.361
108169.014
45176.471
65641.026
66782.609
67964.602
64000.0
65084.746
63471.074
82580.645
44393.064
56470.588
109714.286
42905.028
60952.381
64000.0
59534.884
94814.815
46545.455
63471.074
90352.941
49548.387
60472.441
97215.19
48607.595
61440.0
96000.0
48607.595
61935.484
93658.537
48917.197
61440.0
94814.815
174545.455
54084.507
46829.268
61440.0
97215.19
46545.455
61440.0
94814.815
48301.887
63471.074
85333.333
52602.74
76800.0
45714.286
59534.884
102400.0
45714.286
61440.0
94814.815
48607.595
63471.074
81702.128
55251.799
64000.0
62950.82
58625.954
98461.538
47116.564
57313.433
103783.784
44912.281
62950.82
60952.381
56888.889
97215.19
53333.333
47116.564
61440.0
60472.441
60000.0
60000.0
62439.024
58181.818
87272.727
51891.892
52244.898
108169.014
41069.519
60000.0
101052.632
42666.667
59076.923
109714.286
44393.064
60952.381
91428.571
48000.0
59534.884
94814.815
45176.471
60000.0
94814.815
48301.887
59076.923
60472.441
61440.0
58625.954
57313.433
97215.19
45988.024
61935.484
97215.19
46545.455
59076.923
88275.862
48000.0
65084.746
60952.381
57744.361
96000.0
44912.281
59076.923
97215.19
46545.455
60472.441
90352.941
48000.0
80842.105
45176.471
60000.0
99740.26
44393.064
54857.143
150588.235
40634.921
64000.0
65084.746
64000.0
59534.884
59534.884
93658.537
43636.364
54857.143
106666.667
44651.163
60000.0
93658.537
48301.887
63471.074
63471.074
57313.433
92530.12
46265.06
59534.884
96000.0
49230.769
61440.0
84395.604
48607.595
61935.484
60952.381
86292.135
46265.06
56470.588
105205.479
44651.163
59076.923
97215.19
45714.286
58181.818
99740.26
44393.064
60000.0
98461.538
53333.333
45714.286
61440.0
91428.571
46265.06
58625.954
94814.815
45443.787
60952.381
64000.0
62439.024
147692.308
47116.564
46265.06
59076.923
97215.19
46265.06
61440.0
62950.82
60952.381
60952.381
60952.381
83478.261
44912.281
60000.0
89302.326
47116.564
64537.815
64000.0
65084.746
65641.026
62950.82
57744.361
79175.258
45443.787
54468.085
109714.286
42197.802
58625.954
89302.326
45176.471
60000.0
97215.19
44393.064
88275.862
50196.078
51543.624
106666.667
42197.802
60000.0
85333.333
48000.0
61935.484
65084.746
56470.588
103783.784
44393.064
60472.441
92530.12
46829.268
62950.82
60952.381
58181.818
56470.588
55652.174
102400.0
47116.564
59534.884
94814.815
45714.286
58181.818
98461.538
45714.286
56888.889
103783.784
45988.024
60000.0
94814.815
45988.024
60000.0
94814.815
47701.863
60472.441
88275.862
48917.197
59076.923
61440.0
62950.82
58625.954
68571.429
43389.831
58181.818
103783.784
45176.471
60472.441
97215.19
47701.863
60472.441
91428.571
47116.564
57744.361
98461.538
44912.281
80000.0
45714.286
57744.361
105205.479
43885.714
61440.0
60952.381
59076.923
91428.571
47116.564
59534.884
93658.537
47407.407
61935.484
62950.82
60472.441
57744.361
85333.333
46829.268
56888.889
105205.479
46545.455
64000.0
64537.815
69189.189
60000.0
58625.954
96000.0
163404.255
58625.954
47116.564
63471.074
94814.815
47116.564
61440.0
94814.815
48607.595
65084.746
66206.897
62439.024
55652.174
87272.727
45176.471
56470.588
106666.667
43636.364
65641.026
62950.82
58181.818
88275.862
47701.863
61935.484
61440.0
61935.484
62950.82
62439.024
60472.441
59534.884
59534.884
58625.954
88275.862
47701.863
55652.174
103783.784
44137.931
60952.381
105205.479
43146.067
59534.884
96000.0
46265.06
59534.884
111304.348
45714.286
61935.484
88275.862
46829.268
60472.441
90352.941
46829.268
62439.024
84395.604
50526.316
59076.923
91428.571
45176.471
81702.128
44651.163
56058.394
106666.667
43389.831
59534.884
60952.381
58181.818
97215.19
44912.281
65084.746
87272.727
45988.024
64000.0
85333.333
48607.595
62950.82
65084.746
64537.815
61935.484
59534.884
94814.815
45988.024
57313.433
101052.632
44912.281
62439.024
86292.135
48301.887
77575.758
44651.163
59076.923
118153.846
44137.931
60472.441
98461.538
48607.595
60000.0
96000.0
47701.863
64000.0
65641.026
61935.484
83478.261
46545.455
61935.484
101052.632
46265.06
60952.381
93658.537
45988.024
60000.0
96000.0
48607.595
64000.0
61935.484
56888.889
59534.884
56888.889
99740.26
44137.931
85333.333
47407.407
58625.954
105205.479
44651.163
62439.024
60000.0
79175.258
46545.455
58625.954
103783.784
56058.394
213333.333
59076.923
92530.12
48301.887
61935.484
320000.0
80842.105
65641.026
65641.026
65641.026
65641.026
65084.746
60952.381
81702.128
46829.268
56888.889
108169.014
45443.787
62950.82
64000.0
60952.381
62439.024
264827.586
81702.128
60952.381
62950.82
60952.381
137142.857
116363.636
62950.82
86292.135
264827.586
264827.586
147692.308
202105.263
139636.364
178604.651
144905.66
101052.632
147692.308
116363.636
67964.602
67368.421
66206.897
66782.609
66782.609
66782.609
69189.189
121904.762
147692.308
69818.182
112941.176
49870.13
71111.111
147692.308
144905.66
72452.83
71775.701
71775.701
71111.111
73142.857
71775.701
73142.857
73846.154
73142.857
73846.154
73846.154
74563.107
73142.857
75294.118
74563.107
73846.154
73142.857
73846.154
72452.83
72452.83
69818.182
69189.189
67964.602
101052.632
51543.624
84395.604
58181.818
67368.421
97215.19
54468.085
69818.182
71775.701
71775.701
73142.857
73142.857
71775.701
71775.701
71775.701
71775.701
71111.111
73142.857
73142.857
71775.701
72452.83
128000.0
55251.799
71775.701
76800.0
75294.118
76039.604
74563.107
73846.154
73846.154
72452.83
73142.857
74563.107
73142.857
73142.857
72452.83
72452.83
72452.83
71111.111
72452.83
71111.111
70458.716
69818.182
69818.182
91428.571
56058.394
103783.784
54468.085
71775.701
92530.12
59534.884
98461.538
56058.394
102400.0
56058.394
103783.784
56058.394
103783.784
56470.588
103783.784
57313.433
103783.784
57313.433
103783.784
57313.433
103783.784
57744.361
103783.784
59076.923
102400.0
58625.954
103783.784
59534.884
102400.0
59534.884
102400.0
61935.484
101052.632
62950.82
98461.538
64000.0
96000.0
66782.609
97215.19
65084.746
90352.941
66782.609
96000.0
62439.024
76039.604
76039.604
74563.107
73846.154
73142.857
71111.111
71111.111
70458.716
68571.429
98461.538
52965.517
102400.0
52965.517
99740.26
53706.294
101052.632
54084.507
101052.632
54084.507
99740.26
56058.394
99740.26
55251.799
98461.538
55652.174
98461.538
55251.799
97215.19
53706.294
97215.19
57744.361
97215.19
60952.381
94814.815
58625.954
91428.571
56470.588
91428.571
56058.394
89302.326
56888.889
87272.727
59076.923
71111.111
94814.815
57313.433
97215.19
57313.433
71111.111
69818.182
69189.189
68571.429
67964.602
67964.602
101052.632
51200.0
97215.19
51543.624
101052.632
52244.898
102400.0
52244.898
103783.784
52965.517
102400.0
52965.517
99740.26
55652.174
98461.538
53333.333
101052.632
54084.507
99740.26
54468.085
99740.26
53706.294
99740.26
56470.588
94814.815
55652.174
96000.0
58181.818
96000.0
55652.174
93658.537
56888.889
91428.571
56058.394
91428.571
57313.433
89302.326
57744.361
89302.326
58181.818
72452.83
73142.857
71775.701
71111.111
69189.189
69189.189
68571.429
67368.421
66782.609
68571.429
67368.421
66782.609
97215.19
52602.74
99740.26
53706.294
101052.632
55652.174
101052.632
56888.889
99740.26
58625.954
99740.26
59534.884
97215.19
60472.441
106666.667
58181.818
93658.537
63471.074
106666.667
60000.0
76039.604
76800.0
75294.118
76039.604
73142.857
73142.857
71111.111
71775.701
73846.154
73846.154
74563.107
74563.107
72452.83
71775.701
72452.83
71111.111
71111.111
88275.862
58181.818
67368.421
70458.716
69189.189
70458.716
69189.189
69818.182
66782.609
65641.026
114626.866
49548.387
66206.897
98461.538
52244.898
97215.19
52244.898
68571.429
68571.429
105205.479
49230.769
93658.537
54468.085
64000.0
108169.014
49230.769
66782.609
101052.632
51200.0
98461.538
51543.624
68571.429
98461.538
53333.333
97215.19
54857.143
101052.632
53333.333
103783.784
53333.333
106666.667
53706.294
102400.0
56470.588
97215.19
59534.884
98461.538
62950.82
98461.538
62439.024
111304.348
60000.0
105205.479
63471.074
111304.348
60952.381
105205.479
63471.074
78367.347
80000.0
80000.0
77575.758
77575.758
78367.347
76800.0
128000.0
55652.174
109714.286
60472.441
114626.866
59076.923
99740.26
63471.074
112941.176
60000.0
97215.19
64000.0
94814.815
64537.815
96000.0
65084.746
102400.0
61935.484
77575.758
76039.604
75294.118
75294.118
75294.118
73846.154
71775.701
72452.83
72452.83
73142.857
73846.154
73846.154
74563.107
73846.154
73142.857
73142.857
73142.857
73142.857
72452.83
72452.83
67964.602
69818.182
70458.716
68571.429
69818.182
72452.83
130169.492
49548.387
71775.701
73142.857
81702.128
69818.182
73846.154
76039.604
74563.107
73846.154
72452.83
71111.111
153600.0
45443.787
66782.609
69189.189
66782.609
66782.609
68571.429
68571.429
87272.727
54857.143
63471.074
68571.429
67368.421
87272.727
55652.174
66782.609
70458.716
69818.182
67964.602
67368.421
66206.897
65084.746
112941.176
47701.863
67368.421
99740.26
52602.74
109714.286
50196.078
65641.026
123870.968
48301.887
69189.189
111304.348
50196.078
70458.716
69189.189
68571.429
68571.429
69818.182
73142.857
62439.024
106666.667
56470.588
98461.538
49548.387
71111.111
73846.154
72452.83
73142.857
72452.83
72452.83
72452.83
67964.602
70458.716
71111.111
67964.602
69189.189
71111.111
68571.429
68571.429
67368.421
67964.602
66206.897
66206.897
66206.897
65641.026
85333.333
52602.74
58181.818
111304.348
48917.197
67368.421
71775.701
91428.571
274285.714
67368.421
69818.182
67368.421
67964.602
118153.846
156734.694
66782.609
67368.421
65641.026
67368.421
65641.026
65084.746
65084.746
85333.333
51200.0
64000.0
68571.429
67964.602
67368.421
69189.189
66782.609
67368.421
80842.105
54468.085
64000.0
102400.0
207567.568
70458.716
71111.111
69189.189
69189.189
66782.609
76800.0
55251.799
114626.866
46265.06
67368.421
70458.716
69189.189
68571.429
68571.429
69818.182
67964.602
66782.609
68571.429
66206.897
86292.135
333913.043
67368.421
67964.602
67964.602
67964.602
69818.182
67368.421
67368.421
69818.182
67964.602
67964.602
78367.347
480000.0
69189.189
68571.429
68571.429
68571.429
67368.421
87272.727
50860.927
60952.381
65084.746
65641.026
67368.421
150588.235
44393.064
81702.128
51891.892
64000.0
66782.609
66782.609
66206.897
66782.609
67368.421
67964.602
67368.421
67964.602
66782.609
67368.421
66782.609
68571.429
67368.421
75294.118
66206.897
72452.83
71775.701
