114626.866
192000.0
118153.846
90352.941
89302.326
112941.176
192000.0
130169.492
90352.941
109714.286
192000.0
130169.492
90352.941
90352.941
90352.941
89302.326
90352.941
89302.326
90352.941
92530.12
125901.639
72452.83
92530.12
94814.815
92530.12
121904.762
76800.0
94814.815
92530.12
93658.537
128000.0
196923.077
118153.846
92530.12
94814.815
94814.815
132413.793
76039.604
97215.19
96000.0
97215.19
125901.639
79175.258
97215.19
97215.19
97215.19
132413.793
79175.258
98461.538
98461.538
99740.26
123870.968
196923.077
142222.222
97215.19
98461.538
96000.0
128000.0
196923.077
240000.0
69818.182
125901.639
76039.604
93658.537
96000.0
96000.0
94814.815
96000.0
97215.19
125901.639
196923.077
130169.492
96000.0
97215.19
97215.19
128000.0
196923.077
130169.492
96000.0
96000.0
94814.815
128000.0
196923.077
121904.762
93658.537
92530.12
118153.846
192000.0
134736.842
93658.537
92530.12
92530.12
128000.0
71775.701
92530.12
92530.12
112941.176
196923.077
128000.0
93658.537
90352.941
118153.846
192000.0
125901.639
91428.571
90352.941
114626.866
196923.077
130169.492
90352.941
90352.941
90352.941
91428.571
91428.571
90352.941
91428.571
125901.639
71111.111
91428.571
91428.571
90352.941
91428.571
91428.571
93658.537
93658.537
94814.815
125901.639
202105.263
121904.762
93658.537
93658.537
91428.571
114626.866
75294.118
89302.326
88275.862
90352.941
89302.326
89302.326
89302.326
109714.286
74563.107
88275.862
90352.941
90352.941
90352.941
89302.326
89302.326
89302.326
89302.326
132413.793
67964.602
88275.862
89302.326
90352.941
89302.326
90352.941
125901.639
196923.077
109714.286
91428.571
90352.941
92530.12
123870.968
71775.701
90352.941
90352.941
89302.326
130169.492
196923.077
108169.014
90352.941
91428.571
120000.0
192000.0
121904.762
91428.571
92530.12
92530.12
125901.639
196923.077
116363.636
92530.12
92530.12
92530.12
91428.571
90352.941
91428.571
91428.571
91428.571
130169.492
69189.189
89302.326
91428.571
116363.636
74563.107
91428.571
92530.12
90352.941
90352.941
91428.571
125901.639
72452.83
91428.571
91428.571
90352.941
91428.571
91428.571
121904.762
71775.701
91428.571
91428.571
90352.941
90352.941
89302.326
88275.862
89302.326
89302.326
90352.941
132413.793
66782.609
87272.727
87272.727
118153.846
70458.716
88275.862
90352.941
114626.866
71111.111
88275.862
88275.862
118153.846
70458.716
87272.727
88275.862
86292.135
87272.727
88275.862
87272.727
128000.0
68571.429
89302.326
89302.326
89302.326
88275.862
89302.326
88275.862
89302.326
88275.862
87272.727
86292.135
86292.135
125901.639
66206.897
85333.333
87272.727
116363.636
69189.189
85333.333
87272.727
121904.762
67368.421
85333.333
87272.727
121904.762
66206.897
87272.727
86292.135
121904.762
69189.189
87272.727
87272.727
116363.636
70458.716
89302.326
88275.862
87272.727
86292.135
116363.636
187317.073
111304.348
86292.135
90352.941
111304.348
73846.154
89302.326
91428.571
90352.941
89302.326
90352.941
90352.941
90352.941
88275.862
123870.968
71775.701
90352.941
91428.571
92530.12
93658.537
90352.941
125901.639
71111.111
91428.571
92530.12
91428.571
120000.0
70458.716
88275.862
89302.326
89302.326
130169.492
69818.182
89302.326
90352.941
123870.968
192000.0
116363.636
91428.571
91428.571
118153.846
76039.604
89302.326
90352.941
118153.846
73846.154
90352.941
89302.326
92530.12
92530.12
90352.941
120000.0
73142.857
91428.571
89302.326
90352.941
90352.941
89302.326
90352.941
125901.639
192000.0
109714.286
90352.941
90352.941
108169.014
196923.077
130169.492
90352.941
114626.866
80842.105
90352.941
91428.571
89302.326
91428.571
90352.941
90352.941
123870.968
70458.716
89302.326
88275.862
88275.862
125901.639
196923.077
98461.538
87272.727
86292.135
114626.866
67964.602
85333.333
86292.135
116363.636
67964.602
85333.333
85333.333
103783.784
74563.107
86292.135
88275.862
87272.727
85333.333
85333.333
86292.135
123870.968
64000.0
84395.604
83478.261
84395.604
84395.604
112941.176
66782.609
93658.537
77575.758
85333.333
121904.762
67368.421
85333.333
85333.333
87272.727
87272.727
87272.727
86292.135
120000.0
67964.602
87272.727
86292.135
88275.862
88275.862
87272.727
86292.135
85333.333
85333.333
123870.968
77575.758
73142.857
83478.261
86292.135
87272.727
86292.135
86292.135
87272.727
86292.135
130169.492
66206.897
87272.727
89302.326
88275.862
89302.326
134736.842
70458.716
86292.135
88275.862
87272.727
87272.727
121904.762
65641.026
85333.333
85333.333
118153.846
67368.421
87272.727
88275.862
116363.636
69818.182
87272.727
87272.727
116363.636
69189.189
86292.135
86292.135
118153.846
66206.897
86292.135
86292.135
118153.846
67368.421
85333.333
85333.333
295384.615
153600.0
256000.0
333913.043
142222.222
86292.135
86292.135
114626.866
202105.263
106666.667
307200.0
121904.762
240000.0
142222.222
111304.348
71111.111
88275.862
88275.862
106666.667
192000.0
128000.0
89302.326
89302.326
116363.636
192000.0
118153.846
90352.941
90352.941
121904.762
192000.0
118153.846
90352.941
91428.571
116363.636
196923.077
128000.0
93658.537
93658.537
102400.0
256000.0
134736.842
94814.815
96000.0
96000.0
130169.492
76800.0
96000.0
97215.19
98461.538
97215.19
101052.632
98461.538
99740.26
99740.26
99740.26
108169.014
264827.586
147692.308
102400.0
101052.632
102400.0
111304.348
256000.0
147692.308
101052.632
102400.0
102400.0
109714.286
96000.0
99740.26
102400.0
103783.784
102400.0
101052.632
102400.0
105205.479
101052.632
102400.0
105205.479
102400.0
102400.0
103783.784
102400.0
112941.176
99740.26
103783.784
106666.667
103783.784
105205.479
264827.586
174545.455
103783.784
105205.479
103783.784
108169.014
274285.714
156734.694
105205.479
103783.784
94814.815
111304.348
103783.784
98461.538
264827.586
174545.455
101052.632
102400.0
99740.26
99740.26
98461.538
98461.538
106666.667
89302.326
96000.0
97215.19
96000.0
96000.0
94814.815
93658.537
92530.12
91428.571
89302.326
125901.639
67964.602
86292.135
86292.135
85333.333
83478.261
116363.636
64537.815
82580.645
81702.128
108169.014
66782.609
83478.261
83478.261
83478.261
83478.261
121904.762
62439.024
83478.261
83478.261
84395.604
83478.261
118153.846
67368.421
130169.492
130169.492
274285.714
274285.714
88275.862
86292.135
89302.326
125901.639
71111.111
89302.326
90352.941
123870.968
72452.83
90352.941
92530.12
90352.941
92530.12
132413.793
70458.716
90352.941
91428.571
91428.571
89302.326
87272.727
90352.941
123870.968
67368.421
86292.135
88275.862
85333.333
87272.727
85333.333
84395.604
112941.176
68571.429
81702.128
85333.333
120000.0
64537.815
82580.645
86292.135
120000.0
64537.815
82580.645
85333.333
118153.846
63471.074
81702.128
82580.645
120000.0
63471.074
80842.105
82580.645
121904.762
63471.074
80842.105
83478.261
120000.0
64537.815
81702.128
85333.333
112941.176
96000.0
87272.727
69818.182
76039.604
81702.128
83478.261
83478.261
84395.604
85333.333
84395.604
85333.333
84395.604
85333.333
123870.968
64537.815
85333.333
85333.333
98461.538
187317.073
130169.492
86292.135
116363.636
69189.189
121904.762
69189.189
82580.645
85333.333
86292.135
86292.135
87272.727
125901.639
66782.609
85333.333
87272.727
116363.636
71775.701
88275.862
86292.135
89302.326
88275.862
88275.862
123870.968
70458.716
85333.333
85333.333
86292.135
125901.639
64537.815
80842.105
84395.604
118153.846
65641.026
83478.261
98461.538
77575.758
86292.135
85333.333
80000.0
114626.866
59534.884
77575.758
80842.105
118153.846
60472.441
80000.0
82580.645
116363.636
64537.815
82580.645
84395.604
84395.604
86292.135
84395.604
85333.333
123870.968
192000.0
101052.632
84395.604
86292.135
86292.135
86292.135
87272.727
86292.135
87272.727
121904.762
187317.073
106666.667
86292.135
87272.727
87272.727
88275.862
87272.727
128000.0
66782.609
86292.135
87272.727
87272.727
87272.727
86292.135
87272.727
87272.727
85333.333
88275.862
87272.727
87272.727
121904.762
192000.0
111304.348
87272.727
89302.326
88275.862
89302.326
90352.941
87272.727
130169.492
187317.073
108169.014
89302.326
89302.326
89302.326
91428.571
91428.571
123870.968
192000.0
116363.636
88275.862
91428.571
123870.968
192000.0
116363.636
91428.571
93658.537
123870.968
77575.758
94814.815
96000.0
98461.538
240000.0
153600.0
94814.815
94814.815
92530.12
121904.762
187317.073
123870.968
92530.12
88275.862
120000.0
187317.073
114626.866
88275.862
90352.941
128000.0
192000.0
111304.348
89302.326
90352.941
128000.0
69818.182
89302.326
89302.326
123870.968
192000.0
111304.348
88275.862
89302.326
121904.762
187317.073
111304.348
89302.326
89302.326
87272.727
86292.135
121904.762
99740.26
64537.815
79175.258
81702.128
128000.0
60952.381
86292.135
87272.727
86292.135
85333.333
118153.846
130169.492
120000.0
81702.128
78367.347
78367.347
120000.0
56888.889
76039.604
77575.758
121904.762
134736.842
97215.19
80000.0
81702.128
80842.105
81702.128
82580.645
120000.0
139636.364
202105.263
264827.586
81702.128
81702.128
81702.128
120000.0
65641.026
83478.261
120000.0
123870.968
137142.857
128000.0
65641.026
80000.0
82580.645
81702.128
81702.128
81702.128
128000.0
60952.381
81702.128
83478.261
111304.348
89302.326
65641.026
106666.667
69189.189
87272.727
85333.333
87272.727
87272.727
112941.176
71111.111
88275.862
89302.326
89302.326
91428.571
90352.941
90352.941
89302.326
89302.326
90352.941
89302.326
90352.941
90352.941
130169.492
187317.073
109714.286
90352.941
90352.941
90352.941
120000.0
187317.073
120000.0
90352.941
89302.326
91428.571
120000.0
192000.0
111304.348
88275.862
90352.941
89302.326
89302.326
88275.862
116363.636
192000.0
111304.348
87272.727
87272.727
87272.727
114626.866
192000.0
109714.286
86292.135
86292.135
123870.968
187317.073
101052.632
84395.604
86292.135
123870.968
65641.026
85333.333
86292.135
112941.176
192000.0
108169.014
86292.135
86292.135
87272.727
86292.135
85333.333
85333.333
128000.0
111304.348
139636.364
137142.857
156734.694
114626.866
89302.326
88275.862
87272.727
84395.604
87272.727
84395.604
86292.135
116363.636
192000.0
106666.667
87272.727
88275.862
86292.135
87272.727
120000.0
192000.0
108169.014
85333.333
87272.727
86292.135
87272.727
88275.862
88275.862
89302.326
89302.326
89302.326
90352.941
89302.326
90352.941
90352.941
89302.326
90352.941
128000.0
69818.182
89302.326
89302.326
90352.941
88275.862
88275.862
88275.862
130169.492
67964.602
90352.941
90352.941
91428.571
90352.941
90352.941
121904.762
192000.0
111304.348
89302.326
89302.326
89302.326
87272.727
88275.862
88275.862
87272.727
128000.0
66206.897
86292.135
87272.727
87272.727
87272.727
85333.333
85333.333
132413.793
64537.815
84395.604
85333.333
85333.333
85333.333
85333.333
84395.604
125901.639
192000.0
99740.26
84395.604
86292.135
86292.135
85333.333
85333.333
87272.727
120000.0
67368.421
86292.135
86292.135
86292.135
84395.604
86292.135
85333.333
86292.135
85333.333
86292.135
130169.492
64537.815
85333.333
87272.727
87272.727
87272.727
87272.727
85333.333
87272.727
86292.135
87272.727
87272.727
87272.727
128000.0
187317.073
102400.0
87272.727
87272.727
116363.636
187317.073
116363.636
88275.862
89302.326
89302.326
89302.326
88275.862
87272.727
89302.326
118153.846
187317.073
111304.348
85333.333
88275.862
87272.727
86292.135
86292.135
86292.135
123870.968
66206.897
87272.727
86292.135
86292.135
84395.604
84395.604
80842.105
80842.105
81702.128
81702.128
79175.258
132413.793
128000.0
108169.014
83478.261
82580.645
102400.0
71111.111
81702.128
86292.135
111304.348
66782.609
84395.604
86292.135
84395.604
83478.261
116363.636
187317.073
240000.0
142222.222
92530.12
86292.135
85333.333
83478.261
84395.604
82580.645
84395.604
84395.604
84395.604
118153.846
67368.421
86292.135
85333.333
86292.135
86292.135
87272.727
87272.727
84395.604
86292.135
123870.968
187317.073
101052.632
86292.135
84395.604
87272.727
84395.604
116363.636
192000.0
106666.667
86292.135
89302.326
88275.862
87272.727
88275.862
87272.727
125901.639
187317.073
109714.286
88275.862
90352.941
88275.862
99740.26
80842.105
90352.941
116363.636
187317.073
118153.846
90352.941
90352.941
90352.941
91428.571
91428.571
90352.941
90352.941
92530.12
91428.571
91428.571
92530.12
93658.537
120000.0
196923.077
118153.846
92530.12
93658.537
91428.571
91428.571
92530.12
91428.571
92530.12
90352.941
93658.537
92530.12
91428.571
91428.571
90352.941
91428.571
90352.941
90352.941
89302.326
91428.571
89302.326
90352.941
90352.941
92530.12
123870.968
192000.0
118153.846
93658.537
91428.571
91428.571
91428.571
90352.941
90352.941
90352.941
90352.941
90352.941
94814.815
240000.0
132413.793
89302.326
89302.326
89302.326
86292.135
87272.727
86292.135
86292.135
86292.135
87272.727
121904.762
192000.0
102400.0
87272.727
86292.135
85333.333
87272.727
83478.261
85333.333
82580.645
83478.261
84395.604
83478.261
83478.261
84395.604
83478.261
84395.604
85333.333
90352.941
116363.636
192000.0
97215.19
85333.333
85333.333
109714.286
187317.073
111304.348
85333.333
85333.333
85333.333
121904.762
192000.0
101052.632
85333.333
86292.135
118153.846
70458.716
85333.333
87272.727
87272.727
85333.333
87272.727
88275.862
89302.326
88275.862
88275.862
88275.862
88275.862
90352.941
88275.862
90352.941
88275.862
90352.941
91428.571
91428.571
120000.0
192000.0
240000.0
64537.815
90352.941
89302.326
93658.537
90352.941
90352.941
89302.326
123870.968
187317.073
121904.762
92530.12
92530.12
91428.571
91428.571
92530.12
93658.537
89302.326
91428.571
91428.571
128000.0
192000.0
111304.348
92530.12
91428.571
90352.941
89302.326
89302.326
87272.727
87272.727
86292.135
83478.261
83478.261
82580.645
80842.105
130169.492
137142.857
97215.19
80842.105
83478.261
83478.261
83478.261
84395.604
84395.604
83478.261
86292.135
83478.261
81702.128
82580.645
80842.105
81702.128
79175.258
80842.105
109714.286
187317.073
92530.12
78367.347
80842.105
111304.348
62950.82
81702.128
81702.128
114626.866
187317.073
99740.26
81702.128
82580.645
112941.176
66206.897
81702.128
83478.261
81702.128
82580.645
81702.128
116363.636
63471.074
82580.645
81702.128
106666.667
187317.073
103783.784
83478.261
81702.128
83478.261
84395.604
82580.645
81702.128
128000.0
60952.381
81702.128
80000.0
82580.645
81702.128
83478.261
81702.128
80842.105
81702.128
84395.604
79175.258
80000.0
79175.258
132413.793
60000.0
80000.0
82580.645
81702.128
81702.128
80842.105
82580.645
80842.105
85333.333
81702.128
116363.636
65084.746
83478.261
84395.604
84395.604
85333.333
82580.645
81702.128
83478.261
125901.639
60952.381
83478.261
85333.333
85333.333
83478.261
80842.105
79175.258
123870.968
182857.143
91428.571
80842.105
84395.604
103783.784
187317.073
116363.636
86292.135
84395.604
105205.479
182857.143
116363.636
84395.604
87272.727
86292.135
86292.135
87272.727
86292.135
125901.639
187317.073
103783.784
88275.862
87272.727
88275.862
88275.862
88275.862
87272.727
86292.135
121904.762
187317.073
102400.0
84395.604
84395.604
86292.135
85333.333
84395.604
86292.135
118153.846
187317.073
101052.632
82580.645
85333.333
83478.261
85333.333
83478.261
85333.333
85333.333
84395.604
84395.604
105205.479
182857.143
112941.176
82580.645
82580.645
82580.645
81702.128
82580.645
82580.645
80842.105
81702.128
120000.0
182857.143
94814.815
80000.0
81702.128
80842.105
83478.261
81702.128
80842.105
82580.645
81702.128
82580.645
83478.261
84395.604
83478.261
84395.604
85333.333
84395.604
86292.135
86292.135
85333.333
83478.261
86292.135
85333.333
89302.326
87272.727
87272.727
87272.727
88275.862
87272.727
88275.862
86292.135
89302.326
87272.727
88275.862
85333.333
90352.941
87272.727
87272.727
89302.326
88275.862
87272.727
86292.135
86292.135
86292.135
85333.333
87272.727
85333.333
87272.727
86292.135
85333.333
86292.135
87272.727
87272.727
87272.727
86292.135
88275.862
86292.135
88275.862
87272.727
87272.727
88275.862
87272.727
88275.862
86292.135
88275.862
88275.862
88275.862
86292.135
89302.326
89302.326
90352.941
89302.326
91428.571
89302.326
93658.537
90352.941
94814.815
92530.12
93658.537
93658.537
93658.537
96000.0
94814.815
94814.815
97215.19
94814.815
94814.815
96000.0
96000.0
96000.0
96000.0
94814.815
94814.815
96000.0
94814.815
94814.815
94814.815
94814.815
93658.537
94814.815
93658.537
93658.537
93658.537
92530.12
93658.537
93658.537
93658.537
92530.12
93658.537
93658.537
93658.537
94814.815
96000.0
96000.0
96000.0
97215.19
97215.19
96000.0
97215.19
96000.0
97215.19
97215.19
98461.538
96000.0
98461.538
98461.538
97215.19
98461.538
97215.19
98461.538
97215.19
97215.19
96000.0
96000.0
94814.815
94814.815
94814.815
93658.537
93658.537
92530.12
92530.12
91428.571
90352.941
89302.326
89302.326
88275.862
87272.727
86292.135
87272.727
247741.935
130169.492
87272.727
86292.135
87272.727
86292.135
86292.135
87272.727
86292.135
88275.862
89302.326
89302.326
91428.571
92530.12
92530.12
92530.12
94814.815
247741.935
144905.66
94814.815
92530.12
94814.815
94814.815
93658.537
96000.0
93658.537
94814.815
130169.492
192000.0
128000.0
96000.0
96000.0
97215.19
97215.19
96000.0
99740.26
98461.538
99740.26
97215.19
102400.0
105205.479
256000.0
153600.0
99740.26
99740.26
99740.26
102400.0
102400.0
247741.935
170666.667
101052.632
101052.632
102400.0
103783.784
102400.0
102400.0
108169.014
256000.0
163404.255
102400.0
102400.0
103783.784
109714.286
256000.0
160000.0
102400.0
103783.784
102400.0
108169.014
256000.0
153600.0
101052.632
99740.26
98461.538
99740.26
96000.0
105205.479
247741.935
130169.492
92530.12
91428.571
99740.26
264827.586
118153.846
89302.326
88275.862
92530.12
256000.0
123870.968
86292.135
88275.862
87272.727
86292.135
111304.348
256000.0
101052.632
86292.135
88275.862
88275.862
88275.862
88275.862
89302.326
112941.176
256000.0
101052.632
88275.862
88275.862
89302.326
89302.326
102400.0
264827.586
112941.176
88275.862
134736.842
71111.111
89302.326
90352.941
91428.571
150588.235
72452.83
86292.135
92530.12
90352.941
92530.12
98461.538
86292.135
90352.941
106666.667
274285.714
116363.636
92530.12
90352.941
93658.537
93658.537
106666.667
264827.586
123870.968
94814.815
93658.537
97215.19
97215.19
105205.479
274285.714
134736.842
96000.0
94814.815
96000.0
120000.0
78367.347
94814.815
94814.815
93658.537
108169.014
264827.586
121904.762
92530.12
93658.537
96000.0
256000.0
134736.842
89302.326
90352.941
89302.326
88275.862
87272.727
123870.968
196923.077
96000.0
84395.604
84395.604
123870.968
196923.077
94814.815
84395.604
84395.604
118153.846
96000.0
65641.026
114626.866
64000.0
85333.333
85333.333
85333.333
85333.333
86292.135
85333.333
86292.135
86292.135
130169.492
62950.82
83478.261
83478.261
123870.968
63471.074
86292.135
85333.333
83478.261
85333.333
112941.176
69189.189
85333.333
84395.604
84395.604
120000.0
65641.026
86292.135
121904.762
125901.639
153600.0
90352.941
86292.135
86292.135
121904.762
89302.326
67368.421
81702.128
83478.261
82580.645
81702.128
125901.639
192000.0
91428.571
81702.128
84395.604
83478.261
82580.645
118153.846
166956.522
98461.538
153600.0
187317.073
81702.128
256000.0
112941.176
134736.842
202105.263
83478.261
274285.714
137142.857
106666.667
320000.0
82580.645
128000.0
59076.923
128000.0
94814.815
590769.231
81702.128
99740.26
121904.762
182857.143
78367.347
78367.347
130169.492
192000.0
123870.968
57744.361
80000.0
78367.347
80000.0
77575.758
78367.347
77575.758
120000.0
56888.889
78367.347
76039.604
123870.968
55652.174
77575.758
76039.604
121904.762
55251.799
77575.758
76039.604
121904.762
116363.636
102400.0
76039.604
75294.118
74563.107
73846.154
73846.154
75294.118
123870.968
121904.762
91428.571
71775.701
71775.701
71775.701
121904.762
120000.0
93658.537
70458.716
71111.111
72452.83
121904.762
123870.968
88275.862
109714.286
139636.364
82580.645
60000.0
114626.866
108169.014
66206.897
109714.286
123870.968
88275.862
73846.154
72452.83
118153.846
128000.0
91428.571
74563.107
73142.857
73142.857
111304.348
56058.394
75294.118
74563.107
75294.118
74563.107
120000.0
125901.639
94814.815
74563.107
73142.857
106666.667
56888.889
75294.118
74563.107
75294.118
73846.154
116363.636
128000.0
91428.571
73142.857
142222.222
121904.762
150588.235
125901.639
90352.941
142222.222
123870.968
81702.128
73846.154
112941.176
118153.846
97215.19
142222.222
121904.762
144905.66
123870.968
88275.862
72452.83
71111.111
71775.701
72452.83
114626.866
120000.0
94814.815
72452.83
144905.66
121904.762
142222.222
123870.968
87272.727
71775.701
73142.857
111304.348
53333.333
73846.154
72452.83
108169.014
55652.174
73846.154
73142.857
108169.014
56888.889
75294.118
76800.0
76039.604
75294.118
73846.154
73142.857
118153.846
128000.0
92530.12
137142.857
120000.0
156734.694
58181.818
76039.604
76039.604
75294.118
74563.107
109714.286
125901.639
97215.19
76800.0
73142.857
103783.784
125901.639
97215.19
76039.604
72452.83
120000.0
125901.639
91428.571
75294.118
125901.639
120000.0
92530.12
74563.107
134736.842
118153.846
82580.645
69189.189
144905.66
125901.639
79175.258
72452.83
144905.66
123870.968
79175.258
71775.701
144905.66
121904.762
78367.347
71775.701
73142.857
147692.308
116363.636
256000.0
137142.857
76800.0
147692.308
118153.846
91428.571
73142.857
147692.308
118153.846
89302.326
74563.107
75294.118
147692.308
114626.866
99740.26
77575.758
147692.308
130169.492
88275.862
79175.258
144905.66
121904.762
150588.235
60952.381
83478.261
139636.364
121904.762
101052.632
80842.105
80000.0
142222.222
55251.799
81702.128
77575.758
80000.0
144905.66
120000.0
137142.857
65084.746
83478.261
80000.0
80000.0
139636.364
56470.588
83478.261
78367.347
79175.258
79175.258
78367.347
77575.758
78367.347
111304.348
59076.923
144905.66
125901.639
264827.586
142222.222
79175.258
76800.0
76800.0
76800.0
76800.0
77575.758
76039.604
77575.758
76800.0
76800.0
76800.0
76039.604
77575.758
76039.604
111304.348
58181.818
80000.0
134736.842
120000.0
264827.586
153600.0
76800.0
78367.347
76800.0
76800.0
112941.176
144905.66
187317.073
284444.444
76800.0
76800.0
77575.758
76800.0
137142.857
121904.762
256000.0
153600.0
79175.258
76800.0
78367.347
78367.347
77575.758
139636.364
123870.968
98461.538
76039.604
78367.347
77575.758
78367.347
79175.258
144905.66
120000.0
128000.0
66782.609
80842.105
76800.0
78367.347
79175.258
79175.258
137142.857
112941.176
132413.793
69818.182
82580.645
78367.347
79175.258
139636.364
121904.762
147692.308
63471.074
81702.128
132413.793
116363.636
166956.522
62439.024
81702.128
79175.258
80000.0
102400.0
64537.815
144905.66
55652.174
81702.128
80000.0
80000.0
137142.857
56470.588
81702.128
80000.0
79175.258
79175.258
101052.632
66206.897
142222.222
123870.968
109714.286
74563.107
80000.0
139636.364
123870.968
132413.793
66782.609
80842.105
78367.347
79175.258
142222.222
114626.866
156734.694
64000.0
81702.128
79175.258
79175.258
137142.857
120000.0
109714.286
247741.935
109714.286
80000.0
142222.222
123870.968
132413.793
64537.815
82580.645
77575.758
78367.347
134736.842
55652.174
79175.258
79175.258
78367.347
139636.364
121904.762
125901.639
67368.421
80000.0
77575.758
108169.014
61440.0
80842.105
137142.857
121904.762
256000.0
163404.255
80842.105
79175.258
137142.857
121904.762
103783.784
247741.935
112941.176
81702.128
137142.857
118153.846
134736.842
67964.602
81702.128
103783.784
64000.0
144905.66
56058.394
80842.105
80842.105
80842.105
137142.857
56470.588
82580.645
80000.0
80000.0
79175.258
80842.105
128000.0
56888.889
82580.645
78367.347
78367.347
79175.258
78367.347
79175.258
79175.258
78367.347
78367.347
114626.866
60000.0
147692.308
121904.762
142222.222
192000.0
92530.12
139636.364
55251.799
80842.105
80000.0
78367.347
80000.0
80000.0
109714.286
132413.793
144905.66
130169.492
144905.66
57744.361
71111.111
76039.604
102400.0
144905.66
108169.014
83478.261
78367.347
77575.758
79175.258
76800.0
77575.758
77575.758
78367.347
116363.636
56470.588
78367.347
77575.758
76800.0
77575.758
76800.0
76800.0
99740.26
61935.484
78367.347
77575.758
76800.0
76800.0
77575.758
76800.0
76800.0
76800.0
77575.758
76800.0
76800.0
76800.0
106666.667
59534.884
77575.758
76800.0
77575.758
76800.0
77575.758
76800.0
92530.12
182857.143
105205.479
79175.258
76800.0
77575.758
77575.758
76800.0
77575.758
76800.0
118153.846
56888.889
83478.261
75294.118
78367.347
103783.784
62439.024
80842.105
76800.0
78367.347
79175.258
102400.0
63471.074
81702.128
77575.758
80000.0
79175.258
79175.258
137142.857
120000.0
101052.632
78367.347
78367.347
77575.758
79175.258
78367.347
99740.26
63471.074
81702.128
77575.758
78367.347
79175.258
101052.632
64537.815
80000.0
79175.258
79175.258
80000.0
79175.258
79175.258
111304.348
60472.441
130169.492
57744.361
125901.639
116363.636
256000.0
219428.571
80842.105
80000.0
81702.128
80842.105
116363.636
61440.0
82580.645
82580.645
81702.128
82580.645
81702.128
81702.128
82580.645
80842.105
80000.0
80000.0
80000.0
106666.667
62439.024
80842.105
79175.258
78367.347
79175.258
80000.0
78367.347
77575.758
78367.347
77575.758
78367.347
77575.758
76800.0
78367.347
102400.0
134736.842
112941.176
80000.0
78367.347
77575.758
77575.758
78367.347
78367.347
77575.758
77575.758
118153.846
57313.433
79175.258
77575.758
77575.758
77575.758
77575.758
78367.347
106666.667
60952.381
79175.258
79175.258
78367.347
103783.784
61935.484
82580.645
77575.758
78367.347
101052.632
65084.746
80842.105
78367.347
80000.0
79175.258
112941.176
61440.0
83478.261
79175.258
80000.0
134736.842
56888.889
82580.645
80000.0
80842.105
101052.632
66782.609
81702.128
134736.842
57313.433
81702.128
80842.105
80000.0
80842.105
80842.105
106666.667
63471.074
80842.105
80842.105
80000.0
101052.632
65641.026
81702.128
80000.0
79175.258
80000.0
80000.0
79175.258
79175.258
79175.258
103783.784
63471.074
80000.0
79175.258
78367.347
111304.348
60952.381
81702.128
78367.347
78367.347
78367.347
78367.347
114626.866
59534.884
80000.0
78367.347
77575.758
78367.347
103783.784
62950.82
81702.128
77575.758
80000.0
78367.347
78367.347
78367.347
79175.258
78367.347
77575.758
105205.479
61440.0
82580.645
76800.0
79175.258
132413.793
56888.889
84395.604
77575.758
79175.258
108169.014
62439.024
81702.128
76800.0
77575.758
101052.632
182857.143
99740.26
79175.258
79175.258
80000.0
80842.105
80842.105
80842.105
80842.105
80000.0
118153.846
59076.923
80842.105
78367.347
78367.347
102400.0
61935.484
80000.0
76800.0
76039.604
76800.0
76800.0
76039.604
112941.176
57313.433
78367.347
76800.0
132413.793
112941.176
247741.935
170666.667
77575.758
76039.604
75294.118
132413.793
116363.636
102400.0
75294.118
76800.0
76039.604
132413.793
116363.636
96000.0
77575.758
76039.604
75294.118
132413.793
116363.636
97215.19
76039.604
74563.107
76039.604
118153.846
56058.394
76039.604
128000.0
54857.143
78367.347
123870.968
55652.174
83478.261
76039.604
76800.0
78367.347
77575.758
79175.258
77575.758
112941.176
59534.884
79175.258
134736.842
118153.846
256000.0
170666.667
80842.105
79175.258
80000.0
79175.258
101052.632
182857.143
98461.538
80842.105
125901.639
56470.588
83478.261
77575.758
79175.258
78367.347
80842.105
80000.0
80842.105
128000.0
57313.433
80842.105
79175.258
80000.0
79175.258
79175.258
79175.258
79175.258
79175.258
78367.347
108169.014
61440.0
79175.258
79175.258
78367.347
78367.347
78367.347
77575.758
77575.758
77575.758
77575.758
78367.347
125901.639
54857.143
79175.258
123870.968
108169.014
247741.935
232727.273
80000.0
76800.0
78367.347
77575.758
128000.0
55251.799
79175.258
79175.258
77575.758
123870.968
56888.889
80842.105
125901.639
56888.889
81702.128
125901.639
57744.361
83478.261
78367.347
80842.105
128000.0
120000.0
256000.0
187317.073
82580.645
78367.347
80842.105
80000.0
99740.26
65084.746
82580.645
109714.286
132413.793
125901.639
81702.128
78367.347
77575.758
112941.176
61440.0
80000.0
80842.105
79175.258
102400.0
64537.815
82580.645
79175.258
79175.258
80000.0
79175.258
80842.105
79175.258
118153.846
59534.884
80842.105
78367.347
78367.347
78367.347
79175.258
78367.347
116363.636
58625.954
80000.0
79175.258
76800.0
79175.258
106666.667
62439.024
79175.258
79175.258
77575.758
78367.347
108169.014
60472.441
