69189.189
69189.189
69818.182
68571.429
68571.429
69189.189
67964.602
68571.429
69818.182
69818.182
69818.182
70458.716
71775.701
71111.111
71111.111
71775.701
69818.182
69818.182
71111.111
69818.182
69818.182
71111.111
76800.0
69818.182
70458.716
71111.111
74563.107
76800.0
74563.107
71111.111
73846.154
73846.154
71775.701
72452.83
72452.83
69818.182
69189.189
69189.189
71775.701
66782.609
67964.602
67964.602
71111.111
66782.609
66782.609
66782.609
68571.429
66782.609
66782.609
68571.429
67368.421
66782.609
67368.421
66782.609
66206.897
65084.746
67368.421
63471.074
64000.0
66206.897
64537.815
65641.026
66206.897
65641.026
65641.026
69189.189
66782.609
66782.609
65084.746
66782.609
66206.897
64537.815
66782.609
66782.609
103783.784
85333.333
54468.085
61935.484
65084.746
66782.609
66782.609
65641.026
67964.602
74563.107
71775.701
63471.074
65084.746
66206.897
66206.897
66206.897
65641.026
67964.602
67368.421
65641.026
66206.897
73846.154
67368.421
65641.026
66782.609
70458.716
66782.609
66782.609
67368.421
66782.609
66782.609
66206.897
66782.609
65641.026
64000.0
63471.074
62950.82
64537.815
65084.746
67368.421
66782.609
67368.421
72452.83
66782.609
73142.857
67368.421
70458.716
65084.746
69189.189
68571.429
68571.429
69189.189
68571.429
68571.429
67964.602
66782.609
68571.429
67368.421
66206.897
69189.189
66206.897
67368.421
74563.107
73142.857
72452.83
71111.111
66782.609
69189.189
69189.189
74563.107
66782.609
71111.111
69189.189
75294.118
66782.609
68571.429
73846.154
64537.815
69189.189
73142.857
67368.421
73846.154
71775.701
71775.701
71775.701
73846.154
73846.154
72452.83
74563.107
74563.107
76039.604
73142.857
69818.182
68571.429
70458.716
69818.182
66782.609
67368.421
66206.897
66206.897
69818.182
73846.154
72452.83
70458.716
72452.83
73846.154
70458.716
70458.716
72452.83
72452.83
69189.189
72452.83
71775.701
71111.111
73142.857
69818.182
71111.111
73142.857
73142.857
71775.701
71775.701
73846.154
73142.857
73142.857
66782.609
69818.182
69189.189
69189.189
73846.154
65641.026
67368.421
72452.83
66206.897
67964.602
68571.429
67964.602
66206.897
71775.701
65084.746
69818.182
67964.602
64537.815
66206.897
66782.609
62950.82
60000.0
65641.026
66206.897
62439.024
67964.602
66782.609
64537.815
63471.074
68571.429
67368.421
63471.074
62439.024
66782.609
65641.026
61935.484
65084.746
64537.815
64000.0
62439.024
65084.746
65084.746
64537.815
66206.897
65641.026
65641.026
67964.602
66206.897
67368.421
66206.897
67368.421
67368.421
65084.746
66782.609
65641.026
65084.746
66782.609
66206.897
64537.815
65641.026
65084.746
63471.074
65084.746
65084.746
64000.0
80000.0
56888.889
64537.815
66782.609
66206.897
66782.609
67368.421
66206.897
66206.897
66782.609
66206.897
68571.429
67368.421
67368.421
69189.189
67368.421
69818.182
68571.429
69189.189
69818.182
71111.111
71111.111
71111.111
71775.701
71111.111
71111.111
70458.716
70458.716
70458.716
69189.189
71111.111
69818.182
69818.182
70458.716
69818.182
69818.182
70458.716
71775.701
69818.182
69189.189
69818.182
68571.429
69189.189
69189.189
69818.182
69818.182
67964.602
68571.429
73846.154
72452.83
71111.111
71111.111
73142.857
68571.429
69818.182
71775.701
70458.716
72452.83
71111.111
71111.111
72452.83
71111.111
71111.111
71775.701
84395.604
64537.815
71775.701
69189.189
71111.111
71775.701
71111.111
71111.111
67964.602
67964.602
68571.429
68571.429
66782.609
65084.746
65641.026
66206.897
64537.815
64000.0
66782.609
65641.026
64537.815
65084.746
65084.746
65084.746
64000.0
63471.074
65641.026
65084.746
65084.746
66206.897
65084.746
64537.815
65641.026
64537.815
64000.0
63471.074
65641.026
64000.0
62950.82
62439.024
64000.0
65084.746
62950.82
61935.484
64000.0
64000.0
63471.074
63471.074
65084.746
65641.026
64000.0
63471.074
65641.026
65084.746
63471.074
62439.024
63471.074
63471.074
61935.484
63471.074
64000.0
63471.074
62950.82
64000.0
64000.0
61935.484
62950.82
63471.074
62439.024
62950.82
64000.0
62439.024
61440.0
63471.074
64000.0
63471.074
64000.0
65084.746
62439.024
64000.0
64537.815
63471.074
62950.82
64537.815
64537.815
64000.0
63471.074
65084.746
64000.0
60952.381
62439.024
63471.074
62950.82
61440.0
61440.0
62439.024
62439.024
62950.82
64000.0
64000.0
61935.484
62950.82
63471.074
63471.074
61935.484
63471.074
63471.074
62439.024
62439.024
64000.0
62950.82
63471.074
64000.0
63471.074
61935.484
64000.0
64000.0
62439.024
61935.484
63471.074
64000.0
61440.0
60472.441
62439.024
61440.0
60472.441
63471.074
62950.82
61440.0
61440.0
63471.074
62950.82
62950.82
61935.484
63471.074
61935.484
61935.484
64000.0
62439.024
60952.381
60952.381
62950.82
62439.024
61935.484
63471.074
64000.0
61935.484
62439.024
64000.0
62950.82
61935.484
62950.82
63471.074
61440.0
60472.441
62950.82
62439.024
61935.484
62439.024
62950.82
60952.381
60000.0
61935.484
61440.0
60952.381
64537.815
61440.0
61935.484
60472.441
63471.074
62439.024
61440.0
62439.024
61935.484
61935.484
61440.0
62439.024
62950.82
61440.0
62439.024
69189.189
58625.954
62950.82
61935.484
63471.074
63471.074
61440.0
62439.024
62439.024
62950.82
62439.024
62950.82
62950.82
62950.82
64000.0
64537.815
62950.82
64537.815
64537.815
62439.024
61440.0
62950.82
61935.484
61440.0
62439.024
62439.024
61935.484
61935.484
61440.0
62439.024
61440.0
61935.484
62439.024
61440.0
60472.441
61440.0
61935.484
61440.0
60952.381
62950.82
63471.074
61935.484
61440.0
62950.82
62950.82
61935.484
62439.024
64537.815
63471.074
61440.0
61935.484
63471.074
63471.074
61440.0
62950.82
63471.074
62439.024
62439.024
62439.024
63471.074
61935.484
61440.0
62439.024
61935.484
60952.381
60472.441
61440.0
61935.484
61935.484
62439.024
63471.074
62439.024
61935.484
61440.0
63471.074
62439.024
61440.0
61440.0
62950.82
61440.0
60952.381
62950.82
62950.82
61440.0
61935.484
63471.074
63471.074
61935.484
62439.024
62950.82
62950.82
61935.484
61440.0
63471.074
63471.074
60952.381
61935.484
62439.024
62439.024
61440.0
61935.484
63471.074
62950.82
61935.484
61935.484
63471.074
64537.815
61935.484
62950.82
62950.82
60952.381
61935.484
64000.0
62439.024
60952.381
62950.82
62950.82
60952.381
63471.074
63471.074
64537.815
65641.026
65084.746
66206.897
67368.421
67368.421
67368.421
66206.897
66206.897
65641.026
67368.421
64000.0
61935.484
65084.746
61935.484
59534.884
60000.0
61935.484
60000.0
60472.441
61935.484
62950.82
60952.381
61440.0
61935.484
62439.024
59076.923
60952.381
64537.815
59076.923
60952.381
64000.0
60472.441
60952.381
61935.484
61440.0
59076.923
59076.923
59534.884
59076.923
59076.923
59076.923
60000.0
58181.818
58625.954
60000.0
58625.954
58181.818
60000.0
63471.074
54468.085
58625.954
59534.884
59076.923
60000.0
60000.0
59076.923
59076.923
59534.884
58625.954
58181.818
58181.818
59076.923
58181.818
59076.923
69189.189
55251.799
61440.0
61935.484
57744.361
57744.361
61440.0
59534.884
59534.884
61935.484
61935.484
59534.884
61440.0
62439.024
61440.0
59534.884
60000.0
60472.441
59076.923
59534.884
59534.884
60000.0
58181.818
59534.884
60472.441
59076.923
59534.884
60000.0
60472.441
58181.818
59534.884
60952.381
60952.381
60000.0
61440.0
60952.381
60000.0
60000.0
60472.441
59534.884
57313.433
60472.441
59076.923
59076.923
60952.381
58181.818
59076.923
60952.381
59534.884
56058.394
61440.0
60472.441
58625.954
60472.441
60000.0
57744.361
60472.441
60952.381
59076.923
59076.923
60000.0
60000.0
59534.884
60472.441
59534.884
58625.954
59534.884
60952.381
60000.0
59534.884
60472.441
60472.441
59076.923
60472.441
60952.381
59076.923
59534.884
60952.381
60000.0
59534.884
59534.884
60000.0
59534.884
60472.441
60952.381
60000.0
58625.954
60472.441
60952.381
60472.441
60952.381
61440.0
60000.0
56888.889
61935.484
59534.884
56888.889
60952.381
61440.0
59534.884
56888.889
60952.381
59534.884
58181.818
59534.884
60472.441
59076.923
58625.954
59076.923
59534.884
59076.923
58625.954
60000.0
80842.105
48607.595
58625.954
60952.381
60952.381
59076.923
60000.0
61935.484
60952.381
57744.361
62950.82
62439.024
58181.818
58181.818
61440.0
62439.024
56888.889
85333.333
50860.927
60000.0
60472.441
61440.0
62439.024
61935.484
58625.954
61440.0
60952.381
57313.433
56888.889
59076.923
58625.954
58181.818
59076.923
61440.0
57313.433
58181.818
60952.381
62950.82
57313.433
56888.889
60000.0
57313.433
53706.294
60472.441
61935.484
59076.923
59534.884
62950.82
62439.024
57744.361
59076.923
64000.0
62950.82
58181.818
60952.381
61440.0
58625.954
56470.588
62950.82
58625.954
57313.433
60472.441
59076.923
58625.954
60472.441
60472.441
57744.361
58181.818
60952.381
59534.884
58181.818
60952.381
58625.954
58625.954
59534.884
59076.923
58181.818
59076.923
60472.441
60952.381
60472.441
62439.024
62950.82
63471.074
61935.484
60472.441
62439.024
61935.484
63471.074
61440.0
61440.0
61440.0
61935.484
60952.381
59534.884
59534.884
60000.0
58625.954
57744.361
58625.954
58625.954
58181.818
59076.923
58181.818
58181.818
58625.954
85333.333
51891.892
57313.433
58625.954
60000.0
57744.361
58625.954
58625.954
61440.0
60952.381
58625.954
58181.818
60000.0
60000.0
58181.818
58181.818
60472.441
60472.441
57313.433
59534.884
61440.0
60472.441
56470.588
58625.954
63471.074
59534.884
57744.361
60000.0
60472.441
57744.361
55652.174
56470.588
57744.361
57744.361
54857.143
57744.361
58181.818
58625.954
56058.394
57744.361
57744.361
59076.923
58181.818
58625.954
59076.923
59076.923
58181.818
58181.818
60000.0
60000.0
56888.889
57744.361
59534.884
60472.441
59076.923
58625.954
59076.923
59534.884
59076.923
58181.818
59076.923
59076.923
59534.884
56058.394
57744.361
58625.954
56058.394
57744.361
56888.889
58181.818
55652.174
54857.143
58181.818
59534.884
59076.923
57744.361
58625.954
59076.923
57313.433
57744.361
59076.923
58181.818
73846.154
53706.294
60952.381
61935.484
58181.818
60472.441
61935.484
61440.0
56470.588
59534.884
60952.381
58625.954
57313.433
59076.923
58625.954
57744.361
58625.954
57744.361
57313.433
59076.923
58625.954
58181.818
59076.923
58625.954
56058.394
59076.923
59534.884
58625.954
79175.258
54084.507
59076.923
57744.361
60000.0
59076.923
56470.588
59076.923
59534.884
57313.433
59534.884
60000.0
58625.954
59534.884
59076.923
58181.818
58625.954
57313.433
58625.954
57744.361
59534.884
59076.923
58625.954
57744.361
59534.884
58181.818
58181.818
60000.0
59534.884
58625.954
60472.441
60472.441
59076.923
59534.884
61440.0
60472.441
60000.0
61935.484
60952.381
60000.0
61440.0
61440.0
60952.381
60000.0
61935.484
60472.441
60472.441
62950.82
61440.0
60952.381
60472.441
61440.0
60000.0
59534.884
59534.884
60952.381
60000.0
59076.923
59076.923
60472.441
60000.0
59076.923
59534.884
60000.0
60952.381
59076.923
59076.923
59534.884
58625.954
60000.0
61440.0
61935.484
59076.923
61935.484
57313.433
59534.884
57313.433
58181.818
59534.884
59534.884
58181.818
59534.884
59534.884
58181.818
59076.923
60472.441
60000.0
61935.484
54468.085
58625.954
61440.0
60472.441
61935.484
60472.441
61935.484
58625.954
64537.815
62950.82
61935.484
58625.954
59534.884
64537.815
55251.799
56888.889
58181.818
57313.433
59076.923
60472.441
57744.361
56888.889
56058.394
60000.0
56888.889
59076.923
60952.381
60472.441
61440.0
60952.381
60472.441
61440.0
60952.381
60472.441
60472.441
61440.0
60952.381
60952.381
61935.484
62439.024
61440.0
60472.441
62439.024
61440.0
60472.441
60000.0
61440.0
60952.381
59534.884
60952.381
60952.381
59534.884
60000.0
60472.441
60472.441
59534.884
60472.441
61440.0
59534.884
60000.0
60952.381
59534.884
60000.0
60000.0
60472.441
59076.923
60000.0
61440.0
60472.441
60472.441
61440.0
61935.484
60472.441
61440.0
61935.484
60952.381
60952.381
61935.484
60952.381
60000.0
60000.0
61440.0
60472.441
60952.381
61440.0
60952.381
60000.0
59076.923
61440.0
61440.0
59076.923
60472.441
61440.0
62439.024
60472.441
60472.441
61935.484
61440.0
60472.441
61440.0
62439.024
60952.381
61440.0
61935.484
60952.381
61935.484
62950.82
61935.484
61935.484
62950.82
62439.024
61440.0
61440.0
62439.024
62950.82
62439.024
61935.484
61440.0
61440.0
60952.381
62439.024
61935.484
60472.441
60952.381
88275.862
52965.517
60952.381
62439.024
59076.923
58625.954
59076.923
60952.381
60472.441
60952.381
59076.923
60000.0
59534.884
59076.923
58181.818
58181.818
58625.954
57744.361
57744.361
57313.433
57313.433
57313.433
57313.433
57744.361
57744.361
58625.954
60952.381
62439.024
85333.333
50860.927
59534.884
61935.484
62439.024
57313.433
58625.954
62439.024
58625.954
56470.588
57744.361
60472.441
57744.361
58181.818
60000.0
58181.818
55652.174
59534.884
58181.818
56058.394
59076.923
80842.105
53333.333
57744.361
82580.645
51543.624
59076.923
58181.818
60952.381
60472.441
57744.361
58625.954
60000.0
57313.433
58625.954
60952.381
61440.0
60952.381
61935.484
61440.0
60952.381
60472.441
61935.484
61935.484
60952.381
62439.024
62439.024
67964.602
49870.13
93658.537
118153.846
58625.954
56888.889
60000.0
64000.0
65084.746
65084.746
64000.0
63471.074
63471.074
62950.82
67368.421
54468.085
60472.441
60000.0
60000.0
60472.441
60472.441
60472.441
60952.381
60472.441
60472.441
60000.0
60952.381
60472.441
60472.441
60000.0
60952.381
61440.0
60472.441
61440.0
61440.0
60952.381
60952.381
61935.484
61440.0
60472.441
64537.815
57744.361
61935.484
60472.441
60000.0
61935.484
60000.0
60000.0
61440.0
60952.381
60000.0
59534.884
61935.484
60472.441
60000.0
61440.0
60952.381
59076.923
59534.884
60472.441
59534.884
58625.954
59534.884
59534.884
58625.954
58181.818
59534.884
59534.884
58625.954
59534.884
60472.441
60000.0
59534.884
59534.884
61440.0
60952.381
60000.0
61440.0
61440.0
60000.0
60000.0
60952.381
60472.441
59534.884
60472.441
60952.381
60000.0
60000.0
61935.484
62439.024
62439.024
60952.381
61440.0
62439.024
61935.484
61440.0
61440.0
61935.484
61440.0
60472.441
61440.0
61440.0
60000.0
60472.441
61440.0
60952.381
60472.441
60472.441
60472.441
60000.0
61440.0
61440.0
60952.381
60952.381
61440.0
61440.0
60952.381
61935.484
62439.024
64000.0
64537.815
61935.484
63471.074
64000.0
64000.0
62950.82
61935.484
62950.82
61935.484
60000.0
60000.0
61440.0
59534.884
59076.923
59534.884
60952.381
58625.954
59534.884
60000.0
60000.0
60000.0
60000.0
60952.381
60472.441
60472.441
61440.0
61440.0
60472.441
60952.381
61440.0
61935.484
60952.381
60952.381
61935.484
61440.0
60472.441
60472.441
60952.381
60000.0
61440.0
60000.0
60472.441
82580.645
49230.769
59076.923
59534.884
61935.484
62439.024
59534.884
59076.923
60472.441
61440.0
61440.0
60000.0
60472.441
60952.381
60472.441
59534.884
60952.381
60472.441
59076.923
60000.0
61440.0
61440.0
62439.024
62950.82
61440.0
61935.484
61935.484
62439.024
60952.381
60952.381
61440.0
60952.381
60000.0
60472.441
60952.381
59076.923
60000.0
60000.0
58625.954
59076.923
60472.441
59076.923
58625.954
60000.0
59534.884
59076.923
59076.923
60000.0
59534.884
59076.923
59076.923
61440.0
58181.818
57744.361
60000.0
59534.884
58181.818
59534.884
60000.0
57313.433
58181.818
58625.954
59076.923
58181.818
59534.884
60472.441
58181.818
58625.954
60000.0
60472.441
57744.361
68571.429
56470.588
60952.381
56470.588
59076.923
60472.441
60000.0
60000.0
60952.381
60952.381
59076.923
60472.441
60952.381
59534.884
59534.884
60472.441
60000.0
60000.0
60952.381
60952.381
60000.0
60472.441
60952.381
60000.0
60000.0
61440.0
60000.0
60000.0
60000.0
60472.441
59076.923
59076.923
60472.441
60000.0
59076.923
60000.0
88275.862
50526.316
58625.954
61935.484
62439.024
61440.0
61935.484
61935.484
62439.024
60952.381
61440.0
62439.024
60472.441
60472.441
60952.381
60952.381
60000.0
60000.0
60952.381
59076.923
60000.0
60952.381
60000.0
60952.381
80842.105
52602.74
60000.0
59076.923
60472.441
59076.923
59076.923
60472.441
61440.0
60952.381
59076.923
59534.884
60000.0
60000.0
59534.884
59534.884
60472.441
58625.954
60000.0
60472.441
60952.381
60472.441
60472.441
61440.0
61440.0
60000.0
60000.0
61440.0
59534.884
58625.954
60472.441
61935.484
60952.381
60472.441
61440.0
61440.0
59534.884
60952.381
60952.381
59534.884
60952.381
60952.381
60472.441
60472.441
61440.0
60952.381
60472.441
60952.381
61440.0
83478.261
50526.316
60000.0
60000.0
60000.0
61935.484
62950.82
58625.954
60472.441
60952.381
59076.923
58625.954
61440.0
61935.484
60472.441
60952.381
61935.484
60952.381
60000.0
61440.0
61440.0
59534.884
60952.381
61440.0
60472.441
60472.441
61440.0
61440.0
60952.381
60952.381
62950.82
61440.0
60952.381
61935.484
60952.381
60952.381
60472.441
61440.0
61440.0
60000.0
61935.484
62439.024
60472.441
60952.381
61935.484
61440.0
61440.0
62439.024
61935.484
61935.484
61440.0
62439.024
61440.0
61440.0
62439.024
61935.484
60952.381
61440.0
61935.484
60952.381
60472.441
61440.0
61440.0
60000.0
60472.441
61440.0
60952.381
59534.884
59076.923
61440.0
60952.381
59076.923
60000.0
62439.024
62950.82
58181.818
66782.609
59534.884
61935.484
64537.815
63471.074
60952.381
62950.82
62439.024
61440.0
60472.441
60952.381
60472.441
59534.884
61440.0
60472.441
59534.884
60472.441
60952.381
60000.0
60952.381
61935.484
61440.0
61440.0
62950.82
61440.0
61440.0
62439.024
61935.484
60952.381
60952.381
61440.0
61440.0
60472.441
60952.381
60952.381
60000.0
60000.0
60952.381
60472.441
60000.0
61440.0
60952.381
60952.381
60952.381
61935.484
60472.441
60952.381
61935.484
62439.024
61935.484
62950.82
62950.82
60952.381
61935.484
63471.074
62439.024
61440.0
62439.024
62439.024
60952.381
61935.484
61935.484
60952.381
61935.484
61935.484
60472.441
60952.381
62439.024
60472.441
60952.381
61440.0
60952.381
60472.441
61440.0
61440.0
60000.0
60952.381
61440.0
60000.0
60472.441
61440.0
61440.0
60472.441
60000.0
60952.381
61935.484
57744.361
60472.441
60952.381
60000.0
61440.0
61935.484
60472.441
61440.0
61440.0
60952.381
59076.923
60000.0
60952.381
60952.381
60000.0
60000.0
60952.381
61935.484
81702.128
51200.0
60000.0
62439.024
57313.433
60000.0
62439.024
60472.441
58181.818
58625.954
58625.954
57744.361
56888.889
60472.441
59076.923
58625.954
60000.0
60472.441
58181.818
59076.923
60952.381
61440.0
58625.954
59534.884
60952.381
60952.381
56470.588
58181.818
60000.0
59534.884
59534.884
