153600.0
72452.83
97215.19
97215.19
96000.0
96000.0
96000.0
97215.19
96000.0
97215.19
93658.537
97215.19
94814.815
94814.815
94814.815
94814.815
94814.815
93658.537
94814.815
94814.815
94814.815
93658.537
93658.537
93658.537
93658.537
92530.12
93658.537
93658.537
93658.537
92530.12
92530.12
92530.12
92530.12
93658.537
91428.571
92530.12
93658.537
93658.537
92530.12
94814.815
94814.815
94814.815
96000.0
94814.815
94814.815
96000.0
97215.19
96000.0
97215.19
97215.19
94814.815
94814.815
93658.537
93658.537
93658.537
91428.571
92530.12
90352.941
91428.571
91428.571
90352.941
89302.326
90352.941
88275.862
90352.941
91428.571
91428.571
90352.941
90352.941
90352.941
90352.941
90352.941
89302.326
91428.571
90352.941
91428.571
92530.12
93658.537
93658.537
92530.12
90352.941
92530.12
92530.12
92530.12
93658.537
93658.537
93658.537
93658.537
96000.0
94814.815
96000.0
94814.815
98461.538
97215.19
98461.538
99740.26
98461.538
101052.632
98461.538
99740.26
96000.0
98461.538
97215.19
103783.784
98461.538
99740.26
97215.19
99740.26
98461.538
94814.815
101052.632
98461.538
99740.26
99740.26
97215.19
101052.632
98461.538
98461.538
99740.26
94814.815
94814.815
97215.19
97215.19
94814.815
98461.538
96000.0
99740.26
94814.815
98461.538
98461.538
98461.538
98461.538
96000.0
99740.26
98461.538
97215.19
98461.538
97215.19
97215.19
96000.0
93658.537
93658.537
94814.815
93658.537
91428.571
93658.537
93658.537
92530.12
94814.815
96000.0
93658.537
93658.537
97215.19
94814.815
94814.815
94814.815
93658.537
91428.571
90352.941
90352.941
88275.862
89302.326
89302.326
90352.941
90352.941
91428.571
90352.941
91428.571
92530.12
92530.12
91428.571
94814.815
93658.537
93658.537
93658.537
93658.537
93658.537
91428.571
92530.12
93658.537
93658.537
92530.12
93658.537
92530.12
92530.12
93658.537
92530.12
91428.571
92530.12
93658.537
91428.571
93658.537
94814.815
93658.537
91428.571
92530.12
91428.571
92530.12
92530.12
93658.537
94814.815
93658.537
94814.815
97215.19
94814.815
94814.815
96000.0
94814.815
93658.537
94814.815
96000.0
94814.815
97215.19
96000.0
97215.19
97215.19
96000.0
97215.19
98461.538
97215.19
98461.538
97215.19
96000.0
97215.19
96000.0
99740.26
93658.537
94814.815
96000.0
94814.815
96000.0
97215.19
97215.19
101052.632
94814.815
97215.19
96000.0
97215.19
101052.632
94814.815
98461.538
101052.632
97215.19
97215.19
99740.26
98461.538
99740.26
97215.19
97215.19
98461.538
99740.26
97215.19
98461.538
99740.26
97215.19
98461.538
99740.26
98461.538
99740.26
98461.538
98461.538
101052.632
97215.19
102400.0
98461.538
99740.26
96000.0
101052.632
98461.538
98461.538
98461.538
103783.784
97215.19
99740.26
99740.26
99740.26
97215.19
97215.19
97215.19
97215.19
98461.538
98461.538
101052.632
97215.19
101052.632
99740.26
98461.538
99740.26
96000.0
96000.0
99740.26
99740.26
101052.632
96000.0
98461.538
102400.0
96000.0
99740.26
103783.784
98461.538
99740.26
98461.538
99740.26
102400.0
98461.538
99740.26
99740.26
98461.538
99740.26
98461.538
99740.26
101052.632
98461.538
99740.26
97215.19
98461.538
99740.26
97215.19
97215.19
98461.538
97215.19
97215.19
97215.19
97215.19
97215.19
97215.19
96000.0
94814.815
96000.0
93658.537
97215.19
94814.815
96000.0
96000.0
94814.815
96000.0
96000.0
97215.19
94814.815
97215.19
96000.0
94814.815
96000.0
96000.0
93658.537
93658.537
91428.571
91428.571
92530.12
93658.537
93658.537
94814.815
93658.537
92530.12
92530.12
92530.12
92530.12
92530.12
91428.571
91428.571
92530.12
134736.842
74563.107
91428.571
92530.12
91428.571
93658.537
94814.815
92530.12
94814.815
93658.537
94814.815
94814.815
94814.815
94814.815
94814.815
96000.0
93658.537
93658.537
93658.537
93658.537
92530.12
93658.537
92530.12
92530.12
91428.571
92530.12
91428.571
93658.537
91428.571
92530.12
92530.12
92530.12
92530.12
92530.12
92530.12
91428.571
92530.12
93658.537
91428.571
93658.537
93658.537
92530.12
92530.12
91428.571
92530.12
91428.571
93658.537
92530.12
92530.12
92530.12
93658.537
92530.12
92530.12
92530.12
91428.571
90352.941
92530.12
92530.12
90352.941
92530.12
91428.571
90352.941
92530.12
92530.12
92530.12
91428.571
92530.12
92530.12
91428.571
92530.12
92530.12
92530.12
90352.941
93658.537
91428.571
93658.537
91428.571
92530.12
92530.12
91428.571
92530.12
92530.12
93658.537
91428.571
93658.537
92530.12
91428.571
93658.537
93658.537
92530.12
92530.12
92530.12
91428.571
92530.12
92530.12
91428.571
92530.12
92530.12
92530.12
91428.571
93658.537
92530.12
92530.12
93658.537
91428.571
92530.12
92530.12
92530.12
92530.12
92530.12
91428.571
92530.12
92530.12
92530.12
125901.639
76800.0
91428.571
90352.941
92530.12
91428.571
91428.571
91428.571
91428.571
89302.326
91428.571
91428.571
89302.326
91428.571
90352.941
89302.326
90352.941
91428.571
90352.941
91428.571
90352.941
90352.941
90352.941
90352.941
91428.571
90352.941
92530.12
90352.941
92530.12
93658.537
92530.12
93658.537
92530.12
92530.12
93658.537
91428.571
93658.537
93658.537
92530.12
91428.571
91428.571
90352.941
90352.941
89302.326
90352.941
88275.862
90352.941
90352.941
89302.326
89302.326
90352.941
89302.326
86292.135
89302.326
89302.326
88275.862
90352.941
89302.326
88275.862
90352.941
89302.326
90352.941
88275.862
90352.941
90352.941
90352.941
90352.941
90352.941
90352.941
89302.326
89302.326
89302.326
90352.941
89302.326
90352.941
90352.941
89302.326
88275.862
90352.941
88275.862
88275.862
90352.941
89302.326
89302.326
89302.326
90352.941
90352.941
87272.727
87272.727
89302.326
87272.727
89302.326
89302.326
89302.326
87272.727
89302.326
89302.326
89302.326
88275.862
90352.941
88275.862
147692.308
65084.746
90352.941
90352.941
89302.326
90352.941
89302.326
90352.941
91428.571
91428.571
90352.941
91428.571
90352.941
92530.12
91428.571
92530.12
90352.941
92530.12
90352.941
92530.12
91428.571
91428.571
90352.941
90352.941
88275.862
91428.571
89302.326
89302.326
90352.941
89302.326
89302.326
90352.941
90352.941
89302.326
88275.862
88275.862
88275.862
90352.941
90352.941
89302.326
90352.941
90352.941
90352.941
90352.941
92530.12
91428.571
91428.571
92530.12
92530.12
91428.571
96000.0
90352.941
93658.537
91428.571
91428.571
92530.12
92530.12
91428.571
90352.941
89302.326
86292.135
87272.727
88275.862
88275.862
88275.862
89302.326
88275.862
90352.941
89302.326
89302.326
90352.941
89302.326
88275.862
89302.326
89302.326
89302.326
90352.941
89302.326
89302.326
89302.326
89302.326
88275.862
89302.326
90352.941
89302.326
88275.862
89302.326
89302.326
89302.326
89302.326
90352.941
89302.326
90352.941
91428.571
90352.941
88275.862
91428.571
90352.941
88275.862
91428.571
90352.941
89302.326
91428.571
91428.571
93658.537
93658.537
92530.12
92530.12
92530.12
92530.12
93658.537
93658.537
94814.815
93658.537
93658.537
94814.815
93658.537
93658.537
93658.537
93658.537
92530.12
92530.12
92530.12
91428.571
92530.12
90352.941
91428.571
90352.941
90352.941
91428.571
90352.941
91428.571
90352.941
88275.862
87272.727
89302.326
87272.727
87272.727
87272.727
87272.727
87272.727
86292.135
89302.326
88275.862
88275.862
88275.862
89302.326
89302.326
90352.941
90352.941
90352.941
89302.326
90352.941
90352.941
89302.326
91428.571
90352.941
89302.326
90352.941
89302.326
89302.326
90352.941
88275.862
89302.326
89302.326
90352.941
90352.941
89302.326
90352.941
88275.862
89302.326
89302.326
89302.326
89302.326
88275.862
89302.326
89302.326
89302.326
88275.862
90352.941
87272.727
87272.727
87272.727
87272.727
86292.135
87272.727
87272.727
87272.727
86292.135
88275.862
88275.862
88275.862
89302.326
88275.862
90352.941
90352.941
90352.941
90352.941
89302.326
88275.862
89302.326
90352.941
91428.571
89302.326
90352.941
88275.862
89302.326
89302.326
88275.862
89302.326
88275.862
89302.326
88275.862
89302.326
89302.326
88275.862
88275.862
86292.135
87272.727
86292.135
89302.326
89302.326
87272.727
89302.326
89302.326
90352.941
91428.571
91428.571
91428.571
91428.571
93658.537
93658.537
91428.571
93658.537
92530.12
92530.12
92530.12
93658.537
94814.815
94814.815
91428.571
93658.537
93658.537
92530.12
94814.815
96000.0
94814.815
94814.815
94814.815
96000.0
94814.815
96000.0
94814.815
96000.0
96000.0
96000.0
94814.815
96000.0
96000.0
94814.815
96000.0
94814.815
94814.815
96000.0
94814.815
94814.815
92530.12
93658.537
93658.537
93658.537
93658.537
93658.537
92530.12
92530.12
91428.571
92530.12
92530.12
91428.571
92530.12
91428.571
91428.571
91428.571
91428.571
91428.571
91428.571
91428.571
91428.571
91428.571
93658.537
93658.537
92530.12
92530.12
92530.12
92530.12
91428.571
92530.12
92530.12
93658.537
91428.571
90352.941
92530.12
92530.12
90352.941
91428.571
89302.326
90352.941
90352.941
90352.941
91428.571
90352.941
91428.571
90352.941
92530.12
92530.12
92530.12
93658.537
91428.571
92530.12
91428.571
92530.12
93658.537
92530.12
92530.12
92530.12
93658.537
92530.12
93658.537
92530.12
92530.12
92530.12
91428.571
92530.12
92530.12
92530.12
92530.12
91428.571
92530.12
91428.571
93658.537
92530.12
92530.12
92530.12
91428.571
92530.12
91428.571
92530.12
91428.571
91428.571
90352.941
90352.941
91428.571
91428.571
89302.326
90352.941
90352.941
90352.941
90352.941
91428.571
90352.941
90352.941
90352.941
91428.571
90352.941
91428.571
92530.12
91428.571
91428.571
89302.326
91428.571
90352.941
90352.941
90352.941
90352.941
89302.326
90352.941
91428.571
89302.326
88275.862
89302.326
89302.326
88275.862
90352.941
89302.326
89302.326
88275.862
88275.862
88275.862
90352.941
89302.326
90352.941
89302.326
89302.326
89302.326
90352.941
89302.326
89302.326
90352.941
90352.941
90352.941
90352.941
91428.571
91428.571
89302.326
90352.941
90352.941
90352.941
90352.941
90352.941
90352.941
89302.326
90352.941
90352.941
90352.941
90352.941
90352.941
90352.941
91428.571
91428.571
92530.12
91428.571
91428.571
91428.571
90352.941
92530.12
91428.571
91428.571
91428.571
91428.571
91428.571
90352.941
92530.12
91428.571
91428.571
90352.941
90352.941
92530.12
92530.12
91428.571
90352.941
91428.571
89302.326
91428.571
90352.941
90352.941
90352.941
90352.941
89302.326
90352.941
89302.326
88275.862
88275.862
125901.639
66782.609
88275.862
88275.862
88275.862
89302.326
87272.727
88275.862
89302.326
88275.862
89302.326
89302.326
88275.862
89302.326
89302.326
90352.941
90352.941
89302.326
90352.941
90352.941
91428.571
91428.571
91428.571
90352.941
89302.326
91428.571
91428.571
91428.571
92530.12
91428.571
92530.12
91428.571
92530.12
92530.12
91428.571
92530.12
90352.941
90352.941
90352.941
91428.571
90352.941
88275.862
90352.941
88275.862
88275.862
89302.326
87272.727
90352.941
87272.727
86292.135
89302.326
88275.862
88275.862
87272.727
88275.862
88275.862
89302.326
89302.326
90352.941
88275.862
89302.326
89302.326
89302.326
88275.862
89302.326
89302.326
89302.326
90352.941
91428.571
91428.571
90352.941
91428.571
89302.326
90352.941
90352.941
90352.941
90352.941
90352.941
90352.941
90352.941
90352.941
91428.571
90352.941
89302.326
91428.571
91428.571
90352.941
92530.12
92530.12
93658.537
93658.537
92530.12
93658.537
93658.537
94814.815
93658.537
94814.815
92530.12
93658.537
92530.12
93658.537
93658.537
92530.12
92530.12
93658.537
92530.12
93658.537
93658.537
92530.12
91428.571
93658.537
92530.12
92530.12
93658.537
92530.12
91428.571
90352.941
90352.941
90352.941
90352.941
90352.941
89302.326
89302.326
89302.326
89302.326
90352.941
88275.862
89302.326
88275.862
87272.727
89302.326
89302.326
88275.862
89302.326
89302.326
88275.862
90352.941
89302.326
90352.941
91428.571
90352.941
90352.941
91428.571
92530.12
90352.941
92530.12
90352.941
89302.326
90352.941
90352.941
90352.941
91428.571
90352.941
89302.326
90352.941
90352.941
90352.941
90352.941
89302.326
90352.941
89302.326
90352.941
91428.571
91428.571
88275.862
91428.571
90352.941
91428.571
91428.571
91428.571
90352.941
90352.941
92530.12
91428.571
90352.941
93658.537
92530.12
91428.571
90352.941
93658.537
93658.537
91428.571
92530.12
94814.815
93658.537
94814.815
94814.815
94814.815
94814.815
93658.537
94814.815
93658.537
93658.537
96000.0
93658.537
94814.815
93658.537
94814.815
94814.815
96000.0
93658.537
93658.537
92530.12
91428.571
93658.537
93658.537
94814.815
92530.12
94814.815
92530.12
93658.537
94814.815
93658.537
92530.12
96000.0
94814.815
96000.0
94814.815
96000.0
97215.19
96000.0
96000.0
93658.537
97215.19
96000.0
96000.0
97215.19
96000.0
96000.0
96000.0
98461.538
98461.538
96000.0
98461.538
97215.19
96000.0
98461.538
99740.26
97215.19
98461.538
97215.19
96000.0
98461.538
98461.538
97215.19
98461.538
99740.26
97215.19
97215.19
98461.538
97215.19
96000.0
97215.19
99740.26
97215.19
97215.19
99740.26
98461.538
98461.538
98461.538
97215.19
101052.632
98461.538
99740.26
99740.26
99740.26
101052.632
98461.538
97215.19
99740.26
99740.26
97215.19
99740.26
96000.0
97215.19
97215.19
96000.0
97215.19
94814.815
97215.19
98461.538
96000.0
97215.19
96000.0
97215.19
94814.815
96000.0
93658.537
92530.12
93658.537
93658.537
93658.537
94814.815
92530.12
94814.815
94814.815
94814.815
94814.815
96000.0
94814.815
91428.571
94814.815
94814.815
94814.815
96000.0
97215.19
96000.0
96000.0
98461.538
94814.815
98461.538
97215.19
97215.19
97215.19
98461.538
98461.538
97215.19
99740.26
97215.19
96000.0
98461.538
97215.19
97215.19
96000.0
98461.538
97215.19
94814.815
97215.19
96000.0
94814.815
96000.0
96000.0
93658.537
96000.0
93658.537
94814.815
94814.815
93658.537
92530.12
91428.571
92530.12
91428.571
92530.12
92530.12
92530.12
93658.537
93658.537
93658.537
93658.537
92530.12
93658.537
93658.537
94814.815
94814.815
94814.815
96000.0
93658.537
94814.815
96000.0
93658.537
96000.0
96000.0
96000.0
94814.815
94814.815
94814.815
94814.815
92530.12
94814.815
92530.12
92530.12
93658.537
92530.12
94814.815
93658.537
94814.815
93658.537
94814.815
93658.537
94814.815
96000.0
94814.815
93658.537
96000.0
94814.815
94814.815
96000.0
94814.815
94814.815
93658.537
94814.815
94814.815
94814.815
94814.815
93658.537
94814.815
93658.537
94814.815
94814.815
93658.537
94814.815
93658.537
92530.12
160000.0
147692.308
256000.0
170666.667
105205.479
94814.815
93658.537
92530.12
92530.12
93658.537
94814.815
94814.815
92530.12
93658.537
92530.12
93658.537
92530.12
91428.571
93658.537
93658.537
92530.12
92530.12
93658.537
92530.12
92530.12
91428.571
91428.571
93658.537
92530.12
93658.537
93658.537
93658.537
93658.537
91428.571
94814.815
94814.815
94814.815
94814.815
96000.0
94814.815
93658.537
94814.815
94814.815
93658.537
93658.537
93658.537
93658.537
93658.537
94814.815
92530.12
93658.537
93658.537
91428.571
92530.12
92530.12
90352.941
92530.12
92530.12
92530.12
91428.571
92530.12
91428.571
93658.537
91428.571
91428.571
92530.12
91428.571
91428.571
92530.12
91428.571
92530.12
91428.571
90352.941
93658.537
92530.12
93658.537
92530.12
91428.571
93658.537
90352.941
93658.537
90352.941
90352.941
91428.571
90352.941
91428.571
90352.941
91428.571
89302.326
89302.326
90352.941
88275.862
90352.941
91428.571
91428.571
91428.571
92530.12
93658.537
92530.12
92530.12
92530.12
92530.12
92530.12
92530.12
94814.815
93658.537
92530.12
93658.537
91428.571
93658.537
92530.12
92530.12
92530.12
92530.12
92530.12
92530.12
93658.537
92530.12
92530.12
90352.941
90352.941
90352.941
90352.941
89302.326
90352.941
89302.326
89302.326
91428.571
90352.941
91428.571
91428.571
92530.12
91428.571
92530.12
92530.12
93658.537
93658.537
91428.571
92530.12
93658.537
93658.537
93658.537
93658.537
94814.815
92530.12
93658.537
94814.815
94814.815
93658.537
94814.815
93658.537
93658.537
94814.815
94814.815
94814.815
94814.815
94814.815
93658.537
94814.815
94814.815
94814.815
96000.0
96000.0
94814.815
94814.815
96000.0
94814.815
93658.537
94814.815
94814.815
97215.19
94814.815
96000.0
96000.0
96000.0
93658.537
93658.537
93658.537
91428.571
94814.815
92530.12
94814.815
92530.12
92530.12
93658.537
92530.12
93658.537
93658.537
94814.815
92530.12
96000.0
93658.537
94814.815
94814.815
94814.815
96000.0
93658.537
96000.0
97215.19
98461.538
97215.19
96000.0
96000.0
96000.0
96000.0
98461.538
96000.0
97215.19
94814.815
97215.19
96000.0
96000.0
94814.815
96000.0
94814.815
93658.537
94814.815
96000.0
94814.815
94814.815
93658.537
93658.537
93658.537
93658.537
94814.815
94814.815
92530.12
94814.815
93658.537
93658.537
97215.19
125901.639
78367.347
92530.12
94814.815
96000.0
91428.571
90352.941
90352.941
90352.941
88275.862
90352.941
87272.727
88275.862
88275.862
88275.862
89302.326
87272.727
89302.326
89302.326
87272.727
89302.326
86292.135
89302.326
92530.12
90352.941
92530.12
92530.12
92530.12
94814.815
93658.537
97215.19
91428.571
94814.815
96000.0
94814.815
94814.815
94814.815
94814.815
96000.0
96000.0
93658.537
94814.815
94814.815
96000.0
93658.537
93658.537
96000.0
91428.571
94814.815
91428.571
97215.19
91428.571
94814.815
92530.12
93658.537
94814.815
93658.537
97215.19
121904.762
225882.353
225882.353
219428.571
92530.12
90352.941
93658.537
93658.537
90352.941
96000.0
90352.941
91428.571
92530.12
93658.537
94814.815
92530.12
91428.571
91428.571
91428.571
91428.571
91428.571
89302.326
90352.941
89302.326
90352.941
89302.326
91428.571
87272.727
90352.941
89302.326
130169.492
67964.602
90352.941
89302.326
90352.941
92530.12
89302.326
93658.537
90352.941
88275.862
90352.941
89302.326
90352.941
89302.326
90352.941
89302.326
88275.862
89302.326
90352.941
89302.326
90352.941
89302.326
89302.326
90352.941
89302.326
90352.941
91428.571
88275.862
89302.326
91428.571
92530.12
90352.941
88275.862
87272.727
86292.135
85333.333
86292.135
84395.604
83478.261
84395.604
86292.135
83478.261
86292.135
86292.135
85333.333
86292.135
85333.333
87272.727
87272.727
86292.135
86292.135
87272.727
85333.333
84395.604
84395.604
84395.604
85333.333
86292.135
84395.604
86292.135
84395.604
87272.727
86292.135
88275.862
86292.135
88275.862
89302.326
89302.326
88275.862
86292.135
92530.12
89302.326
90352.941
89302.326
91428.571
89302.326
91428.571
88275.862
90352.941
91428.571
87272.727
92530.12
88275.862
91428.571
93658.537
88275.862
91428.571
87272.727
89302.326
92530.12
88275.862
88275.862
92530.12
87272.727
90352.941
90352.941
89302.326
94814.815
88275.862
94814.815
92530.12
92530.12
94814.815
90352.941
90352.941
91428.571
89302.326
88275.862
93658.537
87272.727
88275.862
91428.571
88275.862
90352.941
89302.326
87272.727
91428.571
86292.135
85333.333
91428.571
87272.727
87272.727
89302.326
87272.727
87272.727
88275.862
88275.862
87272.727
87272.727
88275.862
90352.941
87272.727
91428.571
91428.571
89302.326
93658.537
91428.571
91428.571
94814.815
92530.12
94814.815
92530.12
93658.537
92530.12
92530.12
93658.537
92530.12
89302.326
91428.571
89302.326
91428.571
90352.941
90352.941
87272.727
91428.571
87272.727
91428.571
88275.862
89302.326
88275.862
89302.326
89302.326
90352.941
90352.941
87272.727
91428.571
89302.326
91428.571
93658.537
89302.326
90352.941
88275.862
93658.537
89302.326
90352.941
91428.571
91428.571
88275.862
92530.12
89302.326
89302.326
89302.326
89302.326
90352.941
87272.727
89302.326
91428.571
89302.326
91428.571
88275.862
87272.727
88275.862
89302.326
88275.862
89302.326
88275.862
90352.941
87272.727
89302.326
89302.326
88275.862
90352.941
89302.326
88275.862
89302.326
87272.727
87272.727
87272.727
89302.326
85333.333
88275.862
88275.862
89302.326
88275.862
89302.326
88275.862
89302.326
88275.862
91428.571
88275.862
88275.862
88275.862
90352.941
87272.727
87272.727
86292.135
87272.727
86292.135
85333.333
87272.727
84395.604
85333.333
85333.333
85333.333
86292.135
85333.333
86292.135
87272.727
87272.727
87272.727
90352.941
87272.727
88275.862
87272.727
87272.727
88275.862
88275.862
88275.862
86292.135
86292.135
88275.862
85333.333
86292.135
85333.333
85333.333
86292.135
84395.604
86292.135
86292.135
84395.604
84395.604
85333.333
85333.333
83478.261
86292.135
86292.135
84395.604
86292.135
84395.604
87272.727
85333.333
85333.333
86292.135
86292.135
85333.333
85333.333
84395.604
81702.128
84395.604
81702.128
83478.261
82580.645
82580.645
81702.128
83478.261
82580.645
82580.645
85333.333
83478.261
83478.261
83478.261
87272.727
84395.604
84395.604
86292.135
83478.261
84395.604
83478.261
87272.727
84395.604
83478.261
87272.727
85333.333
85333.333
86292.135
85333.333
84395.604
85333.333
86292.135
85333.333
84395.604
86292.135
83478.261
84395.604
85333.333
85333.333
85333.333
84395.604
87272.727
84395.604
84395.604
86292.135
84395.604
84395.604
84395.604
85333.333
86292.135
84395.604
87272.727
85333.333
86292.135
87272.727
87272.727
87272.727
88275.862
86292.135
87272.727
86292.135
86292.135
86292.135
85333.333
87272.727
85333.333
84395.604
85333.333
86292.135
84395.604
84395.604
83478.261
87272.727
84395.604
87272.727
84395.604
86292.135
87272.727
86292.135
85333.333
85333.333
84395.604
147692.308
61440.0
86292.135
85333.333
86292.135
85333.333
85333.333
84395.604
86292.135
84395.604
84395.604
82580.645
83478.261
83478.261
82580.645
82580.645
82580.645
81702.128
81702.128
85333.333
81702.128
82580.645
84395.604
82580.645
83478.261
87272.727
84395.604
82580.645
85333.333
83478.261
82580.645
83478.261
85333.333
83478.261
83478.261
86292.135
84395.604
84395.604
84395.604
82580.645
85333.333
82580.645
85333.333
82580.645
85333.333
82580.645
84395.604
82580.645
84395.604
83478.261
81702.128
84395.604
83478.261
82580.645
83478.261
83478.261
82580.645
81702.128
85333.333
83478.261
82580.645
83478.261
83478.261
82580.645
83478.261
83478.261
82580.645
82580.645
83478.261
82580.645
83478.261
82580.645
81702.128
82580.645
82580.645
80842.105
86292.135
82580.645
81702.128
83478.261
84395.604
82580.645
82580.645
82580.645
82580.645
82580.645
85333.333
81702.128
81702.128
82580.645
81702.128
81702.128
81702.128
82580.645
80842.105
80842.105
82580.645
82580.645
81702.128
83478.261
81702.128
82580.645
83478.261
82580.645
83478.261
81702.128
84395.604
81702.128
80842.105
82580.645
82580.645
82580.645
81702.128
86292.135
81702.128
82580.645
82580.645
82580.645
83478.261
80842.105
86292.135
81702.128
82580.645
85333.333
82580.645
84395.604
84395.604
83478.261
83478.261
82580.645
83478.261
82580.645
82580.645
83478.261
80842.105
84395.604
84395.604
83478.261
82580.645
82580.645
83478.261
82580.645
82580.645
83478.261
82580.645
82580.645
83478.261
81702.128
81702.128
82580.645
81702.128
81702.128
82580.645
81702.128
82580.645
81702.128
80842.105
79175.258
82580.645
80842.105
80842.105
79175.258
80842.105
80842.105
82580.645
80000.0
80000.0
82580.645
81702.128
80842.105
82580.645
81702.128
80000.0
81702.128
82580.645
80842.105
80000.0
144905.66
55251.799
81702.128
81702.128
81702.128
80842.105
81702.128
81702.128
80842.105
80000.0
80842.105
80000.0
80000.0
80842.105
80000.0
83478.261
80842.105
80000.0
80842.105
81702.128
80842.105
80842.105
80000.0
80842.105
81702.128
80842.105
80842.105
80000.0
80842.105
78367.347
80842.105
80000.0
81702.128
79175.258
80842.105
82580.645
81702.128
80842.105
80842.105
80842.105
80842.105
80000.0
81702.128
80842.105
80000.0
80842.105
80000.0
82580.645
81702.128
80000.0
81702.128
81702.128
80000.0
80000.0
81702.128
80842.105
80842.105
81702.128
80000.0
81702.128
79175.258
80000.0
80842.105
80842.105
81702.128
80842.105
82580.645
81702.128
83478.261
83478.261
81702.128
83478.261
82580.645
84395.604
81702.128
81702.128
80842.105
81702.128
82580.645
81702.128
81702.128
82580.645
80842.105
82580.645
81702.128
80000.0
82580.645
80842.105
81702.128
80000.0
81702.128
81702.128
81702.128
80000.0
80000.0
81702.128
80842.105
79175.258
80000.0
80842.105
80000.0
80000.0
80842.105
80000.0
80842.105
80842.105
79175.258
80842.105
81702.128
79175.258
78367.347
81702.128
80842.105
80000.0
80000.0
130169.492
57744.361
80000.0
80842.105
80000.0
80842.105
80000.0
81702.128
81702.128
80842.105
78367.347
80000.0
80000.0
78367.347
79175.258
81702.128
80842.105
80000.0
80000.0
80842.105
81702.128
80000.0
79175.258
80842.105
80842.105
80000.0
79175.258
80842.105
78367.347
80842.105
79175.258
80842.105
80842.105
79175.258
81702.128
78367.347
81702.128
80842.105
80000.0
79175.258
80842.105
80000.0
80842.105
78367.347
79175.258
80000.0
80000.0
77575.758
79175.258
80000.0
78367.347
80000.0
80000.0
80000.0
78367.347
102400.0
67964.602
120000.0
174545.455
144905.66
73142.857
76039.604
76039.604
128000.0
91428.571
80000.0
73846.154
76039.604
106666.667
66782.609
120000.0
86292.135
103783.784
142222.222
46829.268
116363.636
174545.455
130169.492
130169.492
128000.0
166956.522
174545.455
118153.846
88275.862
98461.538
147692.308
67964.602
120000.0
80842.105
125901.639
160000.0
166956.522
70458.716
125901.639
170666.667
132413.793
170666.667
60472.441
125901.639
170666.667
130169.492
98461.538
130169.492
187317.073
125901.639
91428.571
55251.799
79175.258
128000.0
166956.522
139636.364
125901.639
67964.602
125901.639
166956.522
130169.492
137142.857
150588.235
116363.636
121904.762
123870.968
139636.364
132413.793
170666.667
118153.846
123870.968
130169.492
121904.762
116363.636
120000.0
121904.762
72452.83
134736.842
58181.818
77575.758
128000.0
163404.255
142222.222
137142.857
128000.0
134736.842
52965.517
74563.107
132413.793
57744.361
120000.0
178604.651
130169.492
134736.842
160000.0
128000.0
109714.286
74563.107
77575.758
77575.758
78367.347
76800.0
78367.347
79175.258
77575.758
77575.758
78367.347
79175.258
81702.128
78367.347
80000.0
80000.0
79175.258
79175.258
80000.0
80842.105
80000.0
78367.347
80842.105
79175.258
79175.258
79175.258
79175.258
77575.758
80000.0
79175.258
77575.758
78367.347
78367.347
77575.758
79175.258
77575.758
78367.347
78367.347
77575.758
76039.604
77575.758
78367.347
80000.0
80000.0
80000.0
76800.0
76800.0
77575.758
78367.347
80000.0
78367.347
78367.347
77575.758
77575.758
80000.0
78367.347
78367.347
78367.347
79175.258
80000.0
80842.105
77575.758
79175.258
80000.0
81702.128
80000.0
80842.105
78367.347
79175.258
80000.0
79175.258
79175.258
76800.0
80000.0
80000.0
78367.347
79175.258
79175.258
79175.258
78367.347
77575.758
80842.105
78367.347
78367.347
79175.258
79175.258
80842.105
81702.128
80000.0
80000.0
80842.105
80842.105
78367.347
79175.258
78367.347
80000.0
80000.0
80000.0
78367.347
80842.105
80000.0
78367.347
79175.258
81702.128
79175.258
80000.0
80842.105
80842.105
80842.105
79175.258
79175.258
81702.128
80000.0
80842.105
79175.258
79175.258
80842.105
80000.0
80000.0
80000.0
78367.347
81702.128
79175.258
80000.0
79175.258
80842.105
79175.258
79175.258
80000.0
80842.105
80000.0
79175.258
78367.347
78367.347
79175.258
79175.258
78367.347
80842.105
80000.0
80842.105
80842.105
79175.258
80842.105
79175.258
80842.105
79175.258
80000.0
79175.258
80842.105
79175.258
80000.0
79175.258
80842.105
79175.258
80842.105
78367.347
