63471.074
78367.347
60952.381
80842.105
59534.884
81702.128
59076.923
86292.135
56888.889
84395.604
55652.174
86292.135
54468.085
89302.326
55652.174
84395.604
58181.818
114626.866
187317.073
66206.897
121904.762
170666.667
68571.429
114626.866
187317.073
70458.716
111304.348
182857.143
73142.857
116363.636
178604.651
76039.604
116363.636
166956.522
114626.866
99740.26
109714.286
76800.0
118153.846
170666.667
73142.857
75294.118
91428.571
108169.014
130169.492
65084.746
80000.0
66206.897
76800.0
121904.762
89302.326
108169.014
76039.604
66206.897
52244.898
105205.479
50860.927
102400.0
51200.0
98461.538
49870.13
105205.479
48917.197
103783.784
66782.609
66782.609
48607.595
103783.784
48000.0
106666.667
101052.632
86292.135
112941.176
47701.863
105205.479
47407.407
105205.479
49548.387
94814.815
52602.74
90352.941
51891.892
114626.866
48607.595
94814.815
51543.624
102400.0
49870.13
106666.667
49548.387
106666.667
49230.769
106666.667
120000.0
80000.0
114626.866
48917.197
109714.286
114626.866
80000.0
219428.571
232727.273
48000.0
111304.348
118153.846
80842.105
116363.636
48000.0
166956.522
480000.0
102400.0
89302.326
114626.866
49548.387
108169.014
112941.176
85333.333
116363.636
49870.13
102400.0
52965.517
103783.784
51200.0
108169.014
52602.74
101052.632
53706.294
101052.632
54857.143
97215.19
56888.889
92530.12
59076.923
88275.862
60000.0
87272.727
61935.484
83478.261
62950.82
81702.128
65084.746
79175.258
67964.602
77575.758
68571.429
77575.758
69818.182
76800.0
71111.111
74563.107
74563.107
71775.701
76039.604
123870.968
150588.235
81702.128
70458.716
79175.258
73846.154
80000.0
79175.258
80000.0
80000.0
81702.128
77575.758
85333.333
83478.261
84395.604
82580.645
81702.128
87272.727
85333.333
86292.135
86292.135
84395.604
284444.444
128000.0
84395.604
84395.604
112941.176
333913.043
82580.645
82580.645
81702.128
80000.0
80000.0
80000.0
225882.353
114626.866
76039.604
73846.154
73846.154
99740.26
64537.815
91428.571
295384.615
73142.857
77575.758
73142.857
77575.758
81702.128
284444.444
123870.968
80000.0
82580.645
99740.26
84395.604
83478.261
84395.604
274285.714
130169.492
83478.261
80842.105
108169.014
74563.107
84395.604
120000.0
247741.935
98461.538
182857.143
108169.014
78367.347
78367.347
103783.784
207567.568
333913.043
142222.222
77575.758
78367.347
82580.645
7680000.0
78367.347
78367.347
79175.258
123870.968
80000.0
77575.758
79175.258
106666.667
66782.609
77575.758
82580.645
79175.258
78367.347
76039.604
76039.604
76039.604
75294.118
76039.604
111304.348
65084.746
102400.0
77575.758
101052.632
79175.258
74563.107
88275.862
72452.83
67964.602
67964.602
69818.182
63471.074
74563.107
112941.176
64537.815
96000.0
120000.0
147692.308
72452.83
61935.484
78367.347
61440.0
85333.333
59534.884
72452.83
57744.361
86292.135
55251.799
90352.941
52244.898
98461.538
51891.892
98461.538
49870.13
101052.632
48917.197
105205.479
94814.815
92530.12
109714.286
50526.316
116363.636
44912.281
102400.0
89302.326
91428.571
112941.176
48301.887
102400.0
48607.595
102400.0
67964.602
65641.026
46545.455
102400.0
47407.407
102400.0
49548.387
99740.26
47407.407
106666.667
46829.268
106666.667
47701.863
105205.479
47701.863
108169.014
60472.441
77575.758
48301.887
102400.0
45443.787
109714.286
45176.471
103783.784
47701.863
105205.479
46829.268
99740.26
108169.014
48301.887
54084.507
60952.381
60952.381
58625.954
114626.866
48000.0
106666.667
48000.0
108169.014
49870.13
106666.667
51200.0
99740.26
52244.898
99740.26
51200.0
99740.26
51891.892
94814.815
53333.333
90352.941
54084.507
86292.135
55251.799
81702.128
55251.799
83478.261
54084.507
86292.135
53706.294
86292.135
54084.507
83478.261
67964.602
66782.609
62439.024
102400.0
51891.892
71775.701
60000.0
79175.258
71111.111
65084.746
64537.815
71775.701
63471.074
74563.107
64537.815
73846.154
59534.884
92530.12
77575.758
58625.954
57744.361
83478.261
60000.0
83478.261
60000.0
76800.0
61440.0
75294.118
62439.024
105205.479
56888.889
120000.0
137142.857
68571.429
69189.189
70458.716
69818.182
71111.111
70458.716
69818.182
71775.701
67964.602
73846.154
67964.602
101052.632
134736.842
120000.0
72452.83
64000.0
67368.421
84395.604
87272.727
66206.897
98461.538
56058.394
83478.261
58625.954
74563.107
67964.602
82580.645
64000.0
67964.602
69189.189
72452.83
70458.716
69818.182
68571.429
71111.111
66782.609
71775.701
65084.746
76800.0
81702.128
63471.074
60952.381
60472.441
114626.866
62439.024
75294.118
61440.0
81702.128
62439.024
92530.12
60952.381
86292.135
59534.884
66206.897
59076.923
76039.604
60952.381
73846.154
60952.381
81702.128
60000.0
74563.107
80842.105
111304.348
118153.846
60952.381
75294.118
59534.884
75294.118
69189.189
65641.026
60952.381
83478.261
56470.588
80842.105
118153.846
98461.538
93658.537
62950.82
76800.0
57313.433
82580.645
51200.0
99740.26
49230.769
108169.014
50526.316
105205.479
57744.361
93658.537
50526.316
108169.014
49548.387
108169.014
50196.078
103783.784
53333.333
93658.537
55251.799
86292.135
56888.889
82580.645
56888.889
83478.261
54857.143
89302.326
78367.347
106666.667
130169.492
54857.143
89302.326
51891.892
103783.784
116363.636
81702.128
109714.286
49548.387
103783.784
49548.387
105205.479
48917.197
105205.479
49230.769
106666.667
48000.0
111304.348
48000.0
108169.014
52602.74
102400.0
47701.863
103783.784
49230.769
109714.286
47116.564
111304.348
48301.887
105205.479
50526.316
105205.479
49230.769
99740.26
50526.316
94814.815
103783.784
90352.941
109714.286
54084.507
94814.815
51543.624
91428.571
50860.927
99740.26
50196.078
101052.632
48000.0
111304.348
47701.863
108169.014
48301.887
105205.479
48607.595
106666.667
48000.0
102400.0
48917.197
101052.632
51200.0
105205.479
49870.13
98461.538
50860.927
93658.537
52244.898
91428.571
52965.517
89302.326
54857.143
84395.604
58181.818
120000.0
170666.667
64537.815
77575.758
62950.82
76039.604
64000.0
73846.154
64537.815
87272.727
65084.746
121904.762
132413.793
67964.602
121904.762
166956.522
69818.182
121904.762
156734.694
72452.83
123870.968
160000.0
73846.154
125901.639
156734.694
75294.118
123870.968
160000.0
76039.604
90352.941
64000.0
128000.0
144905.66
81702.128
71111.111
77575.758
83478.261
65084.746
70458.716
73846.154
73142.857
73142.857
72452.83
71775.701
109714.286
61440.0
125901.639
116363.636
78367.347
75294.118
73142.857
69818.182
73142.857
70458.716
69818.182
69818.182
69189.189
69189.189
71111.111
71775.701
71775.701
66782.609
81702.128
64537.815
69189.189
60952.381
89302.326
58181.818
111304.348
51543.624
81702.128
90352.941
57313.433
96000.0
106666.667
101052.632
120000.0
51891.892
99740.26
53333.333
103783.784
49548.387
108169.014
73142.857
114626.866
47116.564
70458.716
47116.564
109714.286
47407.407
109714.286
47407.407
111304.348
48000.0
108169.014
48301.887
106666.667
48000.0
101052.632
50196.078
106666.667
48607.595
106666.667
49548.387
106666.667
49230.769
106666.667
49230.769
101052.632
51543.624
105205.479
48000.0
34439.462
105205.479
51543.624
98461.538
53333.333
94814.815
54468.085
94814.815
55652.174
90352.941
57313.433
87272.727
56470.588
89302.326
55652.174
92530.12
54857.143
93658.537
118153.846
86292.135
118153.846
59534.884
97215.19
56058.394
81702.128
60952.381
88275.862
58625.954
76800.0
64000.0
80000.0
61935.484
79175.258
60952.381
79175.258
86292.135
182857.143
79175.258
57744.361
86292.135
56888.889
88275.862
57744.361
86292.135
130169.492
101052.632
96000.0
54857.143
91428.571
56470.588
91428.571
56058.394
89302.326
56888.889
90352.941
58181.818
85333.333
60472.441
82580.645
60952.381
80842.105
61935.484
77575.758
60472.441
84395.604
58625.954
84395.604
73142.857
52244.898
59076.923
70458.716
56058.394
94814.815
46829.268
98461.538
48917.197
111304.348
77575.758
106666.667
137142.857
49548.387
111304.348
48301.887
103783.784
66782.609
72452.83
48301.887
111304.348
111304.348
82580.645
118153.846
48607.595
109714.286
48607.595
111304.348
49230.769
106666.667
121904.762
81702.128
123870.968
47701.863
103783.784
49870.13
109714.286
49230.769
111304.348
48917.197
108169.014
48917.197
109714.286
48917.197
111304.348
48917.197
99740.26
51891.892
112941.176
60472.441
85333.333
49230.769
102400.0
50860.927
111304.348
48607.595
109714.286
48301.887
108169.014
48917.197
109714.286
47701.863
103783.784
51543.624
106666.667
48917.197
108169.014
47116.564
109714.286
46829.268
109714.286
60000.0
82580.645
46265.06
103783.784
45988.024
101052.632
46829.268
108169.014
45988.024
106666.667
46265.06
106666.667
46545.455
105205.479
46545.455
103783.784
46265.06
101052.632
47116.564
108169.014
45988.024
108169.014
46265.06
106666.667
47116.564
108169.014
46545.455
108169.014
47407.407
106666.667
46829.268
109714.286
47116.564
106666.667
47407.407
108169.014
49230.769
99740.26
82580.645
99740.26
123870.968
49870.13
99740.26
51543.624
94814.815
109714.286
80000.0
120000.0
51891.892
92530.12
51543.624
93658.537
52965.517
92530.12
53333.333
89302.326
55251.799
86292.135
55652.174
84395.604
55251.799
90352.941
54468.085
93658.537
52602.74
99740.26
52602.74
99740.26
51891.892
102400.0
50196.078
105205.479
49548.387
101052.632
49870.13
98461.538
51543.624
112941.176
48607.595
111304.348
55652.174
85333.333
50196.078
106666.667
51200.0
97215.19
93658.537
91428.571
125901.639
53333.333
92530.12
51891.892
99740.26
50860.927
102400.0
51200.0
101052.632
55251.799
90352.941
53333.333
96000.0
51891.892
102400.0
49548.387
109714.286
49548.387
106666.667
52602.74
96000.0
55652.174
92530.12
56058.394
91428.571
55251.799
88275.862
56888.889
89302.326
58181.818
88275.862
57313.433
91428.571
55652.174
93658.537
55251.799
94814.815
54084.507
99740.26
52965.517
101052.632
52244.898
101052.632
51891.892
105205.479
51200.0
103783.784
53333.333
102400.0
51543.624
102400.0
52602.74
101052.632
51543.624
102400.0
52965.517
101052.632
53333.333
97215.19
55652.174
96000.0
58181.818
87272.727
58181.818
91428.571
76800.0
66206.897
54857.143
93658.537
56888.889
93658.537
111304.348
90352.941
112941.176
56470.588
87272.727
56888.889
89302.326
58181.818
86292.135
58181.818
91428.571
55652.174
88275.862
56058.394
92530.12
58181.818
85333.333
59076.923
88275.862
60472.441
118153.846
295384.615
60472.441
82580.645
61440.0
82580.645
98461.538
174545.455
81702.128
196923.077
87272.727
81702.128
62950.82
81702.128
62439.024
320000.0
116363.636
62950.82
80842.105
62950.82
80000.0
63471.074
80842.105
62950.82
80842.105
64000.0
79175.258
64537.815
78367.347
66782.609
118153.846
207567.568
232727.273
92530.12
73846.154
295384.615
92530.12
112941.176
170666.667
178604.651
196923.077
256000.0
247741.935
114626.866
78367.347
73142.857
202105.263
123870.968
134736.842
187317.073
384000.0
80842.105
71775.701
79175.258
247741.935
213333.333
142222.222
88275.862
76039.604
80842.105
125901.639
96000.0
2560000.0
87272.727
82580.645
77575.758
137142.857
91428.571
103783.784
90352.941
96000.0
92530.12
90352.941
90352.941
88275.862
118153.846
75294.118
87272.727
87272.727
88275.862
88275.862
94814.815
1920000.0
274285.714
121904.762
90352.941
90352.941
256000.0
142222.222
92530.12
92530.12
125901.639
640000.0
94814.815
94814.815
97215.19
93658.537
96000.0
97215.19
97215.19
93658.537
94814.815
97215.19
96000.0
93658.537
94814.815
93658.537
98461.538
91428.571
93658.537
93658.537
94814.815
93658.537
92530.12
92530.12
92530.12
96000.0
90352.941
92530.12
98461.538
86292.135
98461.538
91428.571
101052.632
90352.941
89302.326
86292.135
87272.727
106666.667
116363.636
89302.326
91428.571
87272.727
83478.261
83478.261
84395.604
93658.537
85333.333
81702.128
87272.727
82580.645
128000.0
86292.135
85333.333
80000.0
82580.645
94814.815
80842.105
80000.0
98461.538
77575.758
89302.326
75294.118
89302.326
76039.604
89302.326
114626.866
66206.897
118153.846
79175.258
75294.118
76800.0
76039.604
75294.118
76039.604
111304.348
69818.182
78367.347
94814.815
80842.105
81702.128
76039.604
102400.0
62950.82
71775.701
79175.258
106666.667
114626.866
97215.19
73846.154
72452.83
67368.421
76039.604
67368.421
74563.107
125901.639
103783.784
93658.537
71775.701
73846.154
67368.421
74563.107
65084.746
76800.0
61935.484
81702.128
59076.923
87272.727
116363.636
101052.632
96000.0
53706.294
98461.538
123870.968
92530.12
97215.19
52244.898
102400.0
52602.74
101052.632
50860.927
98461.538
51891.892
105205.479
52244.898
102400.0
52244.898
105205.479
55251.799
108169.014
50860.927
102400.0
51200.0
103783.784
50860.927
106666.667
49870.13
106666.667
49548.387
106666.667
49548.387
120000.0
48000.0
99740.26
51200.0
98461.538
51543.624
94814.815
51200.0
98461.538
50526.316
99740.26
50196.078
103783.784
48917.197
118153.846
48301.887
102400.0
50860.927
106666.667
51200.0
103783.784
109714.286
82580.645
118153.846
49870.13
108169.014
51200.0
105205.479
50196.078
112941.176
50526.316
98461.538
51200.0
108169.014
49870.13
108169.014
50196.078
108169.014
49230.769
101052.632
49870.13
111304.348
48917.197
109714.286
49230.769
109714.286
48917.197
109714.286
49548.387
108169.014
50526.316
106666.667
49548.387
111304.348
50526.316
111304.348
50196.078
109714.286
51200.0
111304.348
52965.517
98461.538
56058.394
89302.326
57744.361
86292.135
59076.923
82580.645
59076.923
81702.128
60952.381
78367.347
63471.074
74563.107
64537.815
125901.639
163404.255
111304.348
96000.0
101052.632
70458.716
125901.639
150588.235
70458.716
120000.0
156734.694
70458.716
116363.636
170666.667
86292.135
60472.441
71775.701
130169.492
132413.793
80000.0
137142.857
137142.857
78367.347
71111.111
76800.0
130169.492
142222.222
79175.258
132413.793
144905.66
81702.128
139636.364
132413.793
82580.645
134736.842
139636.364
81702.128
139636.364
139636.364
81702.128
137142.857
144905.66
108169.014
66206.897
80000.0
79175.258
79175.258
90352.941
123870.968
114626.866
78367.347
106666.667
72452.83
74563.107
73846.154
73846.154
73142.857
73846.154
73846.154
73846.154
74563.107
73846.154
73142.857
76800.0
75294.118
76800.0
75294.118
76039.604
73846.154
80000.0
83478.261
74563.107
78367.347
74563.107
70458.716
70458.716
73142.857
65641.026
78367.347
63471.074
81702.128
61440.0
87272.727
57744.361
39587.629
85333.333
56058.394
92530.12
54468.085
97215.19
56470.588
91428.571
53333.333
102400.0
94814.815
109714.286
102400.0
54084.507
106666.667
93658.537
94814.815
114626.866
50196.078
108169.014
49230.769
106666.667
49548.387
105205.479
49548.387
106666.667
49230.769
108169.014
49230.769
108169.014
50526.316
108169.014
49548.387
109714.286
49548.387
109714.286
49870.13
103783.784
51891.892
97215.19
112941.176
81702.128
121904.762
53706.294
91428.571
54468.085
90352.941
53333.333
93658.537
52244.898
99740.26
52602.74
97215.19
51891.892
101052.632
50196.078
108169.014
50860.927
103783.784
50860.927
105205.479
50196.078
106666.667
48917.197
111304.348
48917.197
112941.176
49230.769
111304.348
49548.387
111304.348
49870.13
108169.014
49870.13
108169.014
50196.078
101052.632
51543.624
94814.815
118153.846
85333.333
108169.014
56470.588
84395.604
56058.394
84395.604
72452.83
274285.714
83478.261
58181.818
81702.128
59534.884
78367.347
62439.024
73846.154
63471.074
75294.118
63471.074
73142.857
64537.815
73846.154
65641.026
123870.968
163404.255
69818.182
121904.762
160000.0
70458.716
125901.639
150588.235
71775.701
125901.639
150588.235
72452.83
118153.846
153600.0
73142.857
69189.189
72452.83
123870.968
144905.66
72452.83
71111.111
68571.429
73142.857
67964.602
76039.604
68571.429
76039.604
67964.602
76039.604
75294.118
67964.602
132413.793
96000.0
66782.609
102400.0
67368.421
73846.154
91428.571
111304.348
112941.176
66206.897
93658.537
57744.361
70458.716
67368.421
74563.107
68571.429
78367.347
68571.429
128000.0
163404.255
69189.189
71775.701
69189.189
72452.83
69818.182
71775.701
68571.429
94814.815
60000.0
73142.857
70458.716
77575.758
72452.83
71775.701
71775.701
73142.857
71775.701
73142.857
70458.716
74563.107
67964.602
76039.604
67368.421
76800.0
67964.602
76800.0
66206.897
76039.604
65641.026
77575.758
63471.074
79175.258
63471.074
79175.258
64537.815
78367.347
65641.026
73142.857
65641.026
72452.83
67964.602
125901.639
156734.694
70458.716
125901.639
156734.694
71111.111
88275.862
65084.746
128000.0
125901.639
73846.154
71111.111
72452.83
74563.107
74563.107
72452.83
114626.866
102400.0
102400.0
67368.421
77575.758
63471.074
81702.128
61440.0
79175.258
62439.024
79175.258
62439.024
86292.135
62950.82
77575.758
121904.762
63471.074
118153.846
56058.394
81702.128
64537.815
79175.258
65084.746
77575.758
66206.897
76039.604
66206.897
73846.154
67964.602
73142.857
68571.429
118153.846
60472.441
120000.0
134736.842
71111.111
73846.154
74563.107
80000.0
66206.897
75294.118
64000.0
106666.667
56470.588
99740.26
58181.818
71775.701
71775.701
106666.667
63471.074
120000.0
130169.492
72452.83
73846.154
73846.154
75294.118
73142.857
75294.118
76800.0
75294.118
71775.701
73142.857
70458.716
72452.83
72452.83
109714.286
92530.12
76039.604
74563.107
103783.784
89302.326
69818.182
63471.074
65084.746
121904.762
66782.609
82580.645
63471.074
88275.862
65641.026
80000.0
66206.897
76039.604
66206.897
76800.0
66782.609
74563.107
69189.189
121904.762
166956.522
73142.857
71111.111
72452.83
121904.762
153600.0
73846.154
71775.701
69818.182
72452.83
67964.602
76039.604
66782.609
75294.118
67964.602
77575.758
66782.609
80842.105
66782.609
77575.758
64537.815
79175.258
132413.793
81702.128
76800.0
65641.026
77575.758
120000.0
93658.537
106666.667
66782.609
75294.118
106666.667
101052.632
108169.014
65641.026
77575.758
108169.014
150588.235
81702.128
75294.118
66206.897
63471.074
84395.604
61440.0
76800.0
71775.701
70458.716
69189.189
81702.128
64000.0
72452.83
70458.716
73846.154
69189.189
77575.758
62439.024
83478.261
60000.0
108169.014
52602.74
80842.105
62439.024
79175.258
65641.026
73846.154
66206.897
106666.667
57744.361
128000.0
139636.364
67964.602
92530.12
60000.0
128000.0
150588.235
71111.111
72452.83
68571.429
75294.118
65641.026
79175.258
63471.074
79175.258
64000.0
80000.0
64537.815
78367.347
66206.897
77575.758
65641.026
76800.0
65084.746
79175.258
61935.484
82580.645
60472.441
84395.604
60000.0
87272.727
60000.0
83478.261
60000.0
83478.261
59534.884
85333.333
58181.818
88275.862
54468.085
98461.538
52244.898
111304.348
51543.624
111304.348
88275.862
106666.667
128000.0
54084.507
103783.784
54857.143
101052.632
56888.889
92530.12
59076.923
85333.333
61440.0
80000.0
64537.815
77575.758
65084.746
103783.784
57313.433
123870.968
156734.694
66782.609
76039.604
68571.429
128000.0
170666.667
69818.182
74563.107
67964.602
76039.604
73846.154
960000.0
96000.0
58625.954
75294.118
67368.421
80842.105
67368.421
76800.0
66206.897
82580.645
65084.746
77575.758
71111.111
73846.154
65084.746
76800.0
62950.82
80000.0
63471.074
80000.0
62950.82
80842.105
62950.82
78367.347
62439.024
85333.333
63471.074
76039.604
64000.0
77575.758
64537.815
76800.0
66206.897
75294.118
66782.609
73142.857
76800.0
65641.026
71775.701
128000.0
150588.235
72452.83
123870.968
160000.0
90352.941
116363.636
120000.0
73846.154
130169.492
147692.308
71775.701
73142.857
67964.602
75294.118
66782.609
76039.604
67964.602
75294.118
69189.189
74563.107
69189.189
73846.154
71775.701
71775.701
73142.857
134736.842
147692.308
73846.154
71775.701
73846.154
71775.701
73142.857
76039.604
73846.154
74563.107
72452.83
76039.604
70458.716
76800.0
69818.182
78367.347
69189.189
78367.347
69818.182
76800.0
69818.182
73846.154
71775.701
101052.632
62439.024
128000.0
125901.639
76039.604
134736.842
144905.66
78367.347
94814.815
64000.0
132413.793
128000.0
76039.604
72452.83
77575.758
85333.333
66782.609
77575.758
73846.154
75294.118
77575.758
93658.537
64000.0
74563.107
74563.107
75294.118
75294.118
75294.118
89302.326
66782.609
76039.604
79175.258
78367.347
79175.258
79175.258
101052.632
106666.667
132413.793
81702.128
77575.758
79175.258
77575.758
77575.758
76039.604
94814.815
111304.348
101052.632
74563.107
85333.333
71775.701
89302.326
69818.182
69818.182
80842.105
67964.602
69189.189
80000.0
69189.189
80842.105
69189.189
77575.758
70458.716
78367.347
69818.182
96000.0
60472.441
80842.105
71111.111
87272.727
62950.82
76039.604
73846.154
92530.12
64000.0
73846.154
75294.118
74563.107
76800.0
73846.154
73846.154
106666.667
147692.308
65084.746
99740.26
73142.857
89302.326
62950.82
84395.604
71775.701
73846.154
73846.154
76039.604
70458.716
78367.347
70458.716
111304.348
59534.884
72452.83
67368.421
81702.128
69818.182
78367.347
69189.189
82580.645
68571.429
76039.604
65641.026
82580.645
67368.421
83478.261
67964.602
76039.604
66782.609
79175.258
66782.609
79175.258
64537.815
80000.0
61935.484
84395.604
59534.884
84395.604
59534.884
83478.261
60472.441
81702.128
60952.381
79175.258
62439.024
76039.604
64537.815
132413.793
163404.255
69189.189
73142.857
71775.701
123870.968
160000.0
74563.107
128000.0
153600.0
76039.604
130169.492
147692.308
78367.347
125901.639
137142.857
81702.128
130169.492
147692.308
76800.0
73846.154
71775.701
73846.154
71111.111
76039.604
67964.602
81702.128
67368.421
81702.128
66206.897
82580.645
65084.746
81702.128
63471.074
81702.128
63471.074
82580.645
62950.82
81702.128
64000.0
80000.0
62439.024
82580.645
62950.82
80842.105
62439.024
82580.645
61440.0
82580.645
60952.381
82580.645
60472.441
87272.727
59076.923
85333.333
61935.484
80000.0
59534.884
93658.537
213333.333
76800.0
207567.568
142222.222
116363.636
105205.479
112941.176
81702.128
213333.333
89302.326
147692.308
103783.784
96000.0
53333.333
108169.014
54857.143
102400.0
59076.923
120000.0
53706.294
82580.645
62950.82
80842.105
65084.746
108169.014
142222.222
130169.492
93658.537
125901.639
72452.83
73846.154
69189.189
76039.604
66782.609
80842.105
61935.484
86292.135
60000.0
90352.941
60472.441
87272.727
60472.441
86292.135
60472.441
105205.479
55251.799
80842.105
65084.746
79175.258
66206.897
120000.0
207567.568
66782.609
76800.0
67964.602
77575.758
67368.421
76800.0
65084.746
80000.0
63471.074
80842.105
64000.0
79175.258
62950.82
81702.128
62950.82
84395.604
62950.82
78367.347
62950.82
79175.258
62439.024
78367.347
63471.074
78367.347
62950.82
76800.0
65084.746
76039.604
65641.026
74563.107
66782.609
74563.107
67368.421
108169.014
58625.954
120000.0
142222.222
71111.111
118153.846
178604.651
71111.111
70458.716
70458.716
123870.968
160000.0
69818.182
75294.118
65641.026
79175.258
64000.0
81702.128
92530.12
108169.014
125901.639
61440.0
83478.261
61935.484
81702.128
62439.024
81702.128
62950.82
80842.105
64000.0
79175.258
65641.026
76800.0
65084.746
78367.347
64537.815
112941.176
57744.361
123870.968
144905.66
67964.602
77575.758
67964.602
76800.0
65641.026
80000.0
63471.074
82580.645
64000.0
82580.645
64537.815
80842.105
64000.0
80842.105
64537.815
101052.632
58181.818
128000.0
174545.455
88275.862
116363.636
128000.0
73142.857
130169.492
156734.694
71111.111
125901.639
178604.651
69189.189
74563.107
75294.118
68571.429
68571.429
97215.19
59534.884
130169.492
150588.235
114626.866
102400.0
109714.286
69189.189
87272.727
59076.923
80000.0
65084.746
82580.645
64537.815
80842.105
61935.484
85333.333
60000.0
88275.862
58181.818
91428.571
58625.954
88275.862
59076.923
86292.135
57313.433
