79365.079
81081.081
79787.234
78534.031
77720.207
79787.234
79365.079
78534.031
77720.207
76530.612
75376.884
77319.588
79365.079
79365.079
78947.368
76923.077
80213.904
77319.588
75757.576
76142.132
74626.866
77720.207
78125.0
78947.368
79365.079
77319.588
76923.077
76142.132
77319.588
78947.368
78125.0
78947.368
79365.079
80645.161
80213.904
81521.739
80645.161
79365.079
80645.161
80213.904
81081.081
82417.582
80213.904
81081.081
82417.582
81081.081
80213.904
79787.234
77720.207
77319.588
78947.368
81521.739
81967.213
81081.081
78947.368
78534.031
77319.588
78125.0
77720.207
80213.904
80213.904
79365.079
78947.368
80645.161
80213.904
77319.588
76142.132
75757.576
77720.207
78534.031
78947.368
78534.031
77720.207
78534.031
78947.368
80645.161
80645.161
78947.368
78534.031
79365.079
80213.904
80645.161
81081.081
82417.582
81521.739
81081.081
82417.582
82872.928
83333.333
82872.928
81081.081
79365.079
80645.161
79365.079
79365.079
79365.079
79365.079
79787.234
80645.161
82417.582
81521.739
79365.079
77319.588
77720.207
78125.0
79787.234
79365.079
77720.207
79365.079
78947.368
79787.234
81521.739
79365.079
78947.368
78947.368
76923.077
78534.031
77720.207
77720.207
76923.077
77319.588
76530.612
76923.077
78125.0
79365.079
79787.234
79365.079
79365.079
77319.588
76923.077
78947.368
80213.904
80645.161
80645.161
79787.234
80645.161
81081.081
81081.081
81521.739
80645.161
80213.904
80213.904
79365.079
80213.904
81081.081
80213.904
80645.161
79365.079
80645.161
81521.739
82872.928
83798.883
85714.286
83333.333
84269.663
83333.333
81967.213
81081.081
80213.904
80645.161
82417.582
82872.928
80213.904
78534.031
77720.207
77720.207
77720.207
79365.079
79787.234
78534.031
78125.0
76530.612
78534.031
78125.0
76142.132
74626.866
76142.132
76923.077
76530.612
77319.588
77319.588
76923.077
77319.588
78947.368
78125.0
78125.0
78534.031
78125.0
79365.079
78947.368
78125.0
78534.031
79365.079
81521.739
81081.081
83798.883
86705.202
86206.897
84745.763
81521.739
82417.582
81967.213
82872.928
82417.582
79365.079
77319.588
77720.207
76923.077
79787.234
80645.161
81081.081
81081.081
80213.904
80645.161
78947.368
78947.368
78947.368
77720.207
78947.368
78947.368
79787.234
79787.234
78947.368
79787.234
79787.234
80645.161
79787.234
80213.904
80213.904
81521.739
82417.582
83798.883
82872.928
82872.928
80213.904
82417.582
79787.234
82417.582
82417.582
81521.739
80213.904
80645.161
80645.161
79787.234
78125.0
77720.207
77720.207
78947.368
81521.739
81967.213
81967.213
81967.213
82872.928
84745.763
85714.286
86206.897
84269.663
80645.161
81081.081
80645.161
81081.081
80213.904
78947.368
79787.234
81521.739
81967.213
83333.333
81967.213
80213.904
79365.079
78947.368
77720.207
74626.866
75000.0
76530.612
77720.207
77720.207
77720.207
77720.207
76530.612
76923.077
78125.0
78125.0
78534.031
79365.079
78947.368
78947.368
79365.079
80213.904
78534.031
78947.368
78947.368
79787.234
80645.161
80213.904
79365.079
81081.081
80645.161
78947.368
78534.031
80213.904
80645.161
81967.213
82417.582
82417.582
84269.663
82872.928
83798.883
84269.663
84745.763
81967.213
79787.234
81081.081
81521.739
81521.739
81081.081
81081.081
79365.079
77720.207
79365.079
80213.904
81081.081
79787.234
80213.904
80213.904
80645.161
81081.081
81081.081
81521.739
78947.368
77319.588
78125.0
78125.0
77720.207
78947.368
79365.079
78534.031
78125.0
78947.368
80213.904
79365.079
76923.077
76923.077
77319.588
78125.0
77319.588
76923.077
75376.884
78125.0
78125.0
76923.077
75000.0
71770.335
82872.928
82417.582
80213.904
80645.161
81081.081
80645.161
80645.161
80645.161
80213.904
81081.081
81967.213
83798.883
83798.883
82417.582
80213.904
79365.079
80645.161
81521.739
82417.582
81521.739
80645.161
79365.079
78534.031
77720.207
78947.368
78125.0
78125.0
80213.904
81521.739
82417.582
82872.928
81081.081
81081.081
83333.333
83798.883
83798.883
82872.928
81521.739
80645.161
81521.739
80645.161
80213.904
81967.213
79365.079
79787.234
79365.079
80645.161
79787.234
78947.368
79365.079
81081.081
82417.582
84269.663
84269.663
85714.286
83333.333
83333.333
83798.883
84269.663
85227.273
86705.202
86705.202
83798.883
81967.213
81967.213
78534.031
81081.081
80213.904
81081.081
82872.928
84745.763
85714.286
85714.286
85227.273
83798.883
84745.763
82417.582
81967.213
81521.739
79787.234
79365.079
79365.079
78947.368
80213.904
83798.883
83333.333
83333.333
84269.663
85227.273
85227.273
85227.273
84269.663
82872.928
81081.081
81967.213
82872.928
81967.213
81521.739
79365.079
78125.0
76923.077
77720.207
78534.031
78125.0
78534.031
78125.0
80213.904
83798.883
83798.883
86206.897
85714.286
83798.883
81081.081
82872.928
82417.582
84745.763
82872.928
81521.739
80645.161
81081.081
81967.213
82417.582
82872.928
82417.582
79787.234
81967.213
82417.582
83333.333
84745.763
84745.763
83333.333
79365.079
79365.079
81081.081
82417.582
82872.928
82417.582
81967.213
81081.081
81081.081
82417.582
83333.333
81521.739
81521.739
80213.904
80645.161
80213.904
81967.213
84269.663
84269.663
84269.663
84269.663
83333.333
82872.928
83333.333
86705.202
86206.897
86705.202
90361.446
92024.54
93750.0
94936.709
95541.401
96774.194
94936.709
97402.597
96153.846
94936.709
94339.623
94339.623
94339.623
93750.0
93750.0
92592.593
91463.415
90909.091
90909.091
89285.714
88235.294
88757.396
87719.298
88235.294
88235.294
85714.286
84745.763
85227.273
82872.928
83798.883
83333.333
82417.582
77319.588
88757.396
600000.0
677.323
600000.0
