100000.0
100000.0
101351.351
100671.141
100000.0
100671.141
100671.141
100671.141
98039.216
102739.726
101351.351
99337.748
98684.211
102739.726
98684.211
102739.726
98684.211
102739.726
98039.216
102739.726
100671.141
100671.141
100671.141
100000.0
100671.141
100671.141
100671.141
100671.141
100671.141
100000.0
100671.141
100671.141
100671.141
100000.0
101351.351
100000.0
100000.0
101351.351
100671.141
100000.0
100671.141
100671.141
100671.141
100671.141
100671.141
100000.0
100671.141
101351.351
99337.748
100671.141
100671.141
98039.216
103448.276
100671.141
98039.216
102739.726
100671.141
100671.141
100671.141
100671.141
100671.141
100000.0
100671.141
100000.0
101351.351
100671.141
100000.0
98039.216
103448.276
100671.141
100000.0
100671.141
100671.141
100671.141
100671.141
100000.0
100671.141
100000.0
101351.351
100671.141
100000.0
100671.141
100671.141
100671.141
100671.141
100000.0
100671.141
100671.141
100671.141
100000.0
100671.141
100671.141
98039.216
100671.141
103448.276
100671.141
100671.141
100000.0
100671.141
100671.141
100671.141
100000.0
101351.351
100000.0
100000.0
101351.351
100000.0
100671.141
100671.141
101351.351
100000.0
100671.141
100000.0
100671.141
100671.141
100671.141
100000.0
100671.141
100000.0
101351.351
100671.141
100671.141
100671.141
100671.141
100000.0
100671.141
100671.141
100000.0
100671.141
100671.141
113636.364
90361.446
104166.667
156250.0
182926.829
230769.231
230769.231
138888.889
101351.351
100671.141
100671.141
100671.141
100671.141
100000.0
100671.141
100671.141
100671.141
100671.141
100671.141
100671.141
99337.748
100671.141
101351.351
100671.141
100000.0
100671.141
101351.351
100000.0
100671.141
100000.0
100671.141
100671.141
100671.141
100671.141
100000.0
100000.0
101351.351
100671.141
100671.141
100671.141
100671.141
100000.0
100671.141
100000.0
100671.141
101351.351
100671.141
100000.0
100000.0
100671.141
100671.141
100671.141
100671.141
100671.141
100671.141
100000.0
100671.141
100671.141
100671.141
100671.141
99337.748
101351.351
100671.141
100671.141
100671.141
100000.0
100671.141
100671.141
100671.141
100671.141
100000.0
100671.141
100000.0
101351.351
100671.141
100671.141
100671.141
100000.0
100671.141
100000.0
100671.141
101351.351
100000.0
100671.141
100671.141
100671.141
100000.0
100671.141
100671.141
100671.141
100671.141
100000.0
100671.141
101351.351
99337.748
100671.141
100671.141
100671.141
100671.141
100000.0
101351.351
100671.141
100000.0
100671.141
100671.141
100671.141
100000.0
100671.141
100671.141
100671.141
100671.141
100000.0
100671.141
100671.141
100671.141
100671.141
100671.141
100000.0
101351.351
99337.748
100671.141
100671.141
100671.141
100671.141
100671.141
100671.141
100000.0
100671.141
100671.141
100671.141
100671.141
100671.141
100671.141
100000.0
100000.0
101351.351
100671.141
100000.0
100671.141
100671.141
100671.141
100671.141
100000.0
100671.141
100671.141
100671.141
100000.0
100671.141
100671.141
100671.141
100671.141
100671.141
100000.0
100671.141
100671.141
100671.141
100000.0
100671.141
100671.141
100671.141
100000.0
100671.141
100671.141
100671.141
100671.141
100671.141
100671.141
100671.141
100000.0
100671.141
100671.141
100000.0
100671.141
100671.141
100671.141
100671.141
100000.0
100671.141
100671.141
100671.141
100671.141
100671.141
100671.141
100671.141
100000.0
100671.141
100671.141
100671.141
100000.0
100671.141
100671.141
100671.141
100671.141
100000.0
100000.0
101351.351
100671.141
100671.141
100000.0
100671.141
100671.141
100671.141
100671.141
100000.0
100671.141
100671.141
100671.141
100000.0
101351.351
100000.0
100671.141
100000.0
100671.141
101351.351
100671.141
100000.0
100671.141
100671.141
100671.141
100000.0
101351.351
100000.0
100671.141
100000.0
100671.141
100671.141
100671.141
100671.141
100000.0
101351.351
100000.0
100671.141
100671.141
100671.141
100671.141
100000.0
100671.141
100671.141
100671.141
100000.0
100671.141
100671.141
101351.351
100000.0
100000.0
100671.141
100671.141
100671.141
100671.141
100671.141
100000.0
100671.141
100671.141
100671.141
100671.141
100671.141
100000.0
100671.141
100000.0
101351.351
100000.0
100671.141
100671.141
100671.141
100671.141
100671.141
100000.0
100671.141
100671.141
100671.141
100000.0
100671.141
100671.141
100671.141
100671.141
100671.141
100000.0
100671.141
100671.141
100671.141
100000.0
100671.141
100671.141
100000.0
100671.141
100671.141
101351.351
100000.0
100671.141
100671.141
100671.141
100000.0
100671.141
100671.141
100671.141
100671.141
100671.141
100000.0
100000.0
101351.351
100671.141
100671.141
100671.141
100000.0
100671.141
100671.141
100000.0
100671.141
100671.141
100671.141
100671.141
100000.0
100671.141
100671.141
100671.141
100671.141
100000.0
100671.141
100671.141
100671.141
100671.141
100671.141
100000.0
100671.141
101351.351
100000.0
100000.0
100671.141
100671.141
100671.141
100671.141
100671.141
100671.141
100000.0
100671.141
100671.141
100671.141
100000.0
100671.141
100671.141
100671.141
100000.0
100671.141
100671.141
100671.141
100671.141
100671.141
100671.141
100000.0
100671.141
100671.141
100000.0
100671.141
100671.141
100671.141
100671.141
100671.141
100000.0
100671.141
100671.141
100671.141
100671.141
100671.141
100000.0
100671.141
100671.141
100671.141
100671.141
100671.141
100000.0
100671.141
100671.141
100671.141
100671.141
100671.141
99337.748
100671.141
100671.141
100671.141
100671.141
100671.141
100671.141
100671.141
100671.141
100000.0
100671.141
100671.141
100671.141
100671.141
100000.0
100671.141
100671.141
100671.141
100671.141
100000.0
100671.141
100000.0
100671.141
101351.351
100671.141
100000.0
100671.141
100671.141
100671.141
100000.0
100671.141
100671.141
100671.141
100671.141
100000.0
100671.141
100671.141
100671.141
100671.141
100000.0
100671.141
100671.141
100671.141
100671.141
100671.141
100000.0
100671.141
100671.141
100671.141
100671.141
100000.0
100671.141
100671.141
100000.0
100671.141
100671.141
101351.351
100000.0
100671.141
100000.0
100671.141
100671.141
100671.141
100671.141
100671.141
100671.141
100671.141
100000.0
100671.141
100000.0
100671.141
100671.141
100671.141
100671.141
100671.141
100671.141
100000.0
100671.141
100000.0
100671.141
101351.351
100000.0
100671.141
100671.141
100671.141
100671.141
100000.0
100671.141
100671.141
100671.141
100671.141
100000.0
100671.141
101351.351
100000.0
100000.0
100671.141
100671.141
100671.141
100671.141
100671.141
100671.141
100000.0
100671.141
100671.141
100671.141
100671.141
100000.0
100671.141
100671.141
100000.0
101351.351
100671.141
100000.0
100000.0
101351.351
100671.141
100000.0
100671.141
100671.141
100671.141
100671.141
100671.141
100000.0
100671.141
100000.0
100671.141
100671.141
100671.141
100671.141
100671.141
100000.0
100671.141
100671.141
100671.141
100671.141
100671.141
100671.141
100671.141
100671.141
100000.0
100671.141
100000.0
100671.141
100671.141
101351.351
100000.0
100671.141
100000.0
100671.141
100000.0
101351.351
100671.141
100671.141
100671.141
100671.141
100000.0
100671.141
100000.0
100671.141
100671.141
100671.141
100671.141
100000.0
100671.141
100000.0
101351.351
100671.141
100671.141
100000.0
100671.141
100671.141
100671.141
100000.0
100671.141
100671.141
100671.141
100000.0
101351.351
100671.141
100000.0
100000.0
100671.141
101351.351
100000.0
100671.141
100671.141
100671.141
100671.141
100671.141
100000.0
100671.141
100671.141
100000.0
101351.351
100671.141
100000.0
100671.141
100000.0
100671.141
100671.141
100671.141
100671.141
100671.141
100671.141
100000.0
100671.141
100671.141
100671.141
100000.0
100671.141
101351.351
99337.748
100671.141
100671.141
100671.141
100671.141
100671.141
100671.141
100671.141
100000.0
100671.141
100671.141
100671.141
100671.141
100671.141
100671.141
99337.748
100671.141
100671.141
100671.141
111111.111
92024.54
104895.105
161290.323
238095.238
128205.128
106382.979
148514.851
87719.298
104166.667
441176.471
1267.427
833333.333
60483.871
230769.231
100671.141
96774.194
101351.351
100671.141
100671.141
100671.141
100671.141
103448.276
100671.141
100671.141
100671.141
97402.597
104166.667
100671.141
100000.0
100671.141
100000.0
101351.351
100671.141
97402.597
103448.276
98039.216
102739.726
98039.216
102739.726
101351.351
100671.141
100671.141
