67964.602
69189.189
67964.602
66782.609
67964.602
68571.429
69189.189
68571.429
68571.429
69818.182
69818.182
68571.429
70458.716
69818.182
69189.189
69818.182
69818.182
68571.429
69189.189
71111.111
69818.182
71111.111
68571.429
69189.189
69818.182
150588.235
58625.954
65641.026
67964.602
69818.182
69189.189
67964.602
67368.421
69818.182
69189.189
67964.602
67368.421
67964.602
67964.602
67964.602
67368.421
66206.897
67964.602
67964.602
66782.609
66206.897
67368.421
68571.429
67964.602
66782.609
66782.609
67368.421
67368.421
67964.602
66206.897
66206.897
67964.602
66782.609
66206.897
65641.026
67368.421
67368.421
66782.609
66206.897
67368.421
67368.421
68571.429
66782.609
67368.421
67368.421
69189.189
68571.429
66206.897
67368.421
69189.189
68571.429
67368.421
67368.421
67368.421
69818.182
67368.421
67964.602
67368.421
67964.602
68571.429
66782.609
67368.421
142222.222
118153.846
68571.429
65641.026
67368.421
65641.026
67368.421
67368.421
67964.602
65641.026
66206.897
67964.602
66782.609
66206.897
65641.026
66782.609
66782.609
66206.897
65641.026
66782.609
66782.609
67368.421
66206.897
66206.897
66782.609
66782.609
66206.897
66206.897
66206.897
65641.026
66782.609
65084.746
66206.897
66206.897
67368.421
65641.026
66206.897
66206.897
67368.421
67964.602
65641.026
65641.026
67964.602
67368.421
67368.421
66206.897
66206.897
68571.429
66782.609
66206.897
67368.421
66782.609
67368.421
66782.609
66206.897
66206.897
67368.421
67964.602
66206.897
65641.026
67368.421
67964.602
67368.421
65641.026
66206.897
67964.602
66206.897
65084.746
66782.609
66782.609
67368.421
65084.746
65641.026
66782.609
66782.609
66206.897
64537.815
66782.609
66206.897
66782.609
65084.746
65641.026
66782.609
67368.421
65641.026
65641.026
66782.609
67368.421
67368.421
66206.897
66206.897
67368.421
67368.421
67368.421
66206.897
66206.897
66782.609
66782.609
66206.897
66206.897
66206.897
66782.609
67368.421
66206.897
67368.421
67368.421
67964.602
66782.609
65641.026
80000.0
67964.602
67368.421
65641.026
65641.026
67368.421
66782.609
67368.421
66206.897
67964.602
66782.609
66782.609
66206.897
66782.609
67368.421
66782.609
66782.609
66206.897
66782.609
66782.609
67368.421
65641.026
66782.609
66782.609
66782.609
66782.609
66782.609
66782.609
67964.602
67368.421
66782.609
66782.609
67964.602
68571.429
67368.421
66782.609
67964.602
68571.429
68571.429
67368.421
66782.609
67368.421
68571.429
68571.429
66782.609
67964.602
68571.429
67964.602
66782.609
67368.421
68571.429
67368.421
67368.421
66782.609
66782.609
68571.429
67964.602
66782.609
67964.602
67368.421
67964.602
68571.429
67368.421
67964.602
68571.429
68571.429
68571.429
66782.609
67964.602
89302.326
67964.602
67964.602
67368.421
67368.421
69818.182
67964.602
66206.897
67964.602
69189.189
67964.602
67368.421
66782.609
69189.189
69189.189
67964.602
66782.609
68571.429
68571.429
68571.429
68571.429
67964.602
68571.429
67964.602
69189.189
67964.602
67964.602
69818.182
69818.182
69818.182
67964.602
69818.182
70458.716
70458.716
68571.429
69189.189
69818.182
70458.716
71111.111
67368.421
69189.189
70458.716
69818.182
71775.701
70458.716
69818.182
71775.701
72452.83
71775.701
71111.111
73142.857
72452.83
73142.857
73846.154
71111.111
71111.111
73142.857
73846.154
71775.701
71775.701
72452.83
73846.154
73846.154
71775.701
72452.83
74563.107
72452.83
73142.857
72452.83
73142.857
72452.83
73142.857
73846.154
73846.154
73142.857
72452.83
76039.604
76039.604
73846.154
73846.154
74563.107
76800.0
76800.0
72452.83
72452.83
75294.118
73846.154
73142.857
73142.857
73142.857
72452.83
73846.154
73846.154
73142.857
71775.701
73142.857
73142.857
74563.107
71775.701
71111.111
72452.83
73846.154
71775.701
70458.716
72452.83
73142.857
73142.857
70458.716
71111.111
72452.83
72452.83
71775.701
71775.701
71775.701
71111.111
72452.83
73142.857
73142.857
70458.716
72452.83
72452.83
73846.154
71111.111
71111.111
73142.857
73846.154
71111.111
71111.111
71775.701
71775.701
72452.83
71775.701
71111.111
71111.111
70458.716
71111.111
72452.83
71111.111
69818.182
71111.111
73142.857
70458.716
69189.189
71111.111
71775.701
71111.111
70458.716
69818.182
71111.111
71111.111
70458.716
68571.429
71111.111
69818.182
71111.111
70458.716
71111.111
70458.716
69818.182
70458.716
71775.701
68571.429
68571.429
71775.701
70458.716
70458.716
68571.429
69818.182
71775.701
70458.716
69818.182
69189.189
71111.111
70458.716
69818.182
68571.429
69818.182
71775.701
72452.83
71775.701
71775.701
71775.701
72452.83
71775.701
71111.111
69818.182
69189.189
70458.716
70458.716
67964.602
68571.429
69189.189
108169.014
57744.361
66206.897
67964.602
72452.83
72452.83
69818.182
69818.182
71775.701
72452.83
71111.111
70458.716
71111.111
71111.111
71775.701
72452.83
71775.701
69818.182
71111.111
70458.716
71111.111
69189.189
68571.429
70458.716
71111.111
69189.189
68571.429
69189.189
70458.716
70458.716
70458.716
69818.182
70458.716
69189.189
150588.235
120000.0
114626.866
163404.255
142222.222
182857.143
192000.0
116363.636
182857.143
106666.667
160000.0
178604.651
78367.347
90352.941
84395.604
160000.0
174545.455
192000.0
196923.077
125901.639
187317.073
87272.727
156734.694
91428.571
137142.857
125901.639
112941.176
178604.651
123870.968
125901.639
111304.348
125901.639
192000.0
174545.455
85333.333
112941.176
114626.866
163404.255
160000.0
132413.793
163404.255
196923.077
174545.455
123870.968
166956.522
192000.0
144905.66
153600.0
160000.0
187317.073
83478.261
150588.235
97215.19
116363.636
128000.0
105205.479
118153.846
114626.866
182857.143
182857.143
87272.727
125901.639
125901.639
137142.857
123870.968
103783.784
150588.235
153600.0
213333.333
213333.333
111304.348
174545.455
132413.793
202105.263
134736.842
116363.636
109714.286
99740.26
118153.846
123870.968
156734.694
130169.492
147692.308
139636.364
130169.492
207567.568
156734.694
106666.667
98461.538
121904.762
174545.455
134736.842
150588.235
134736.842
182857.143
111304.348
80842.105
103783.784
170666.667
109714.286
85333.333
106666.667
102400.0
99740.26
71111.111
108169.014
144905.66
213333.333
103783.784
79175.258
128000.0
142222.222
111304.348
125901.639
196923.077
94814.815
116363.636
207567.568
125901.639
192000.0
170666.667
85333.333
160000.0
163404.255
80000.0
112941.176
116363.636
96000.0
116363.636
202105.263
114626.866
166956.522
160000.0
196923.077
120000.0
83478.261
125901.639
196923.077
132413.793
118153.846
116363.636
182857.143
163404.255
137142.857
120000.0
178604.651
120000.0
142222.222
144905.66
187317.073
139636.364
178604.651
147692.308
187317.073
123870.968
108169.014
130169.492
196923.077
153600.0
174545.455
128000.0
128000.0
166956.522
163404.255
132413.793
166956.522
137142.857
166956.522
132413.793
114626.866
118153.846
156734.694
163404.255
166956.522
128000.0
174545.455
128000.0
130169.492
111304.348
128000.0
123870.968
192000.0
116363.636
150588.235
77575.758
139636.364
125901.639
137142.857
81702.128
128000.0
137142.857
123870.968
160000.0
112941.176
118153.846
114626.866
187317.073
163404.255
153600.0
128000.0
134736.842
134736.842
144905.66
101052.632
118153.846
213333.333
89302.326
156734.694
139636.364
182857.143
163404.255
150588.235
47701.863
61440.0
64000.0
64537.815
60952.381
64000.0
64000.0
62950.82
64537.815
63471.074
132413.793
50526.316
61935.484
62950.82
64000.0
63471.074
64537.815
66206.897
64000.0
64000.0
65641.026
65641.026
67368.421
65084.746
65084.746
67964.602
68571.429
66782.609
65084.746
67964.602
69189.189
67368.421
65641.026
66782.609
68571.429
67368.421
66206.897
66206.897
67964.602
66782.609
67368.421
66206.897
66782.609
67368.421
67368.421
67964.602
65641.026
66782.609
66782.609
67964.602
66206.897
66206.897
66782.609
69189.189
66206.897
65641.026
67964.602
69818.182
67368.421
66206.897
67964.602
69189.189
67368.421
67368.421
67964.602
67964.602
67964.602
67964.602
68571.429
67368.421
67964.602
68571.429
68571.429
67368.421
67368.421
68571.429
68571.429
66782.609
66782.609
68571.429
68571.429
67368.421
69189.189
66782.609
67964.602
67964.602
69189.189
66782.609
67368.421
67964.602
69189.189
65641.026
67368.421
69189.189
69818.182
67368.421
67368.421
69189.189
70458.716
68571.429
68571.429
67964.602
69189.189
73142.857
70458.716
66782.609
67368.421
69818.182
69818.182
69189.189
69189.189
71111.111
71775.701
73142.857
70458.716
97215.19
58625.954
69818.182
69818.182
69189.189
67368.421
69189.189
68571.429
67964.602
68571.429
67368.421
67964.602
69818.182
67368.421
67368.421
69189.189
69818.182
67964.602
69818.182
67368.421
69818.182
69189.189
72452.83
69189.189
70458.716
71775.701
70458.716
70458.716
69818.182
70458.716
71111.111
69189.189
69189.189
67964.602
67368.421
67368.421
67964.602
64537.815
64537.815
65084.746
65641.026
62950.82
62950.82
64537.815
64537.815
61935.484
62950.82
64000.0
64537.815
63471.074
62439.024
64000.0
65084.746
64000.0
62950.82
63471.074
64537.815
63471.074
62439.024
62439.024
64000.0
63471.074
62439.024
62439.024
64537.815
63471.074
62439.024
63471.074
64537.815
63471.074
63471.074
63471.074
62439.024
64537.815
63471.074
64537.815
64000.0
64000.0
64537.815
65084.746
62950.82
64537.815
65084.746
65641.026
63471.074
63471.074
65641.026
65084.746
63471.074
63471.074
65084.746
65084.746
64000.0
64000.0
65084.746
65084.746
64000.0
64537.815
64537.815
65084.746
66782.609
65084.746
65084.746
69189.189
67964.602
67964.602
69189.189
67964.602
69818.182
69818.182
69189.189
69189.189
69189.189
70458.716
69818.182
67368.421
67964.602
69189.189
70458.716
69818.182
69189.189
69818.182
71775.701
71775.701
70458.716
71111.111
71111.111
73846.154
72452.83
72452.83
71775.701
74563.107
73846.154
73142.857
71775.701
71775.701
71111.111
71111.111
69818.182
71775.701
67368.421
67964.602
68571.429
67368.421
65641.026
67368.421
67964.602
66782.609
65641.026
66782.609
66206.897
66206.897
65641.026
65641.026
65084.746
65641.026
65641.026
65084.746
64537.815
65084.746
65084.746
65641.026
64537.815
64537.815
65084.746
65084.746
64000.0
64000.0
64537.815
64537.815
65084.746
63471.074
64537.815
64537.815
65641.026
63471.074
63471.074
65641.026
65084.746
64000.0
64000.0
92530.12
66782.609
63471.074
62950.82
64537.815
64537.815
64537.815
63471.074
63471.074
65641.026
64000.0
65641.026
64000.0
66206.897
67368.421
85333.333
65641.026
67368.421
67964.602
68571.429
69818.182
65084.746
69189.189
68571.429
67368.421
66782.609
67368.421
68571.429
67964.602
67368.421
67368.421
67964.602
67964.602
69189.189
67964.602
67368.421
68571.429
69189.189
67368.421
67964.602
67368.421
69189.189
68571.429
67964.602
67964.602
67964.602
69818.182
67964.602
67964.602
68571.429
71111.111
69818.182
69189.189
69189.189
69818.182
147692.308
114626.866
71775.701
66782.609
69189.189
144905.66
57313.433
67368.421
66782.609
67368.421
67964.602
69189.189
67368.421
66782.609
67964.602
67368.421
67964.602
66206.897
65641.026
66782.609
66782.609
66782.609
65084.746
65641.026
66782.609
66782.609
65641.026
65084.746
67964.602
67964.602
64537.815
67368.421
66782.609
66206.897
69189.189
65641.026
66782.609
66782.609
68571.429
67964.602
66206.897
66206.897
68571.429
67964.602
67368.421
66782.609
68571.429
68571.429
67368.421
66206.897
69189.189
67964.602
68571.429
69189.189
65641.026
68571.429
68571.429
69818.182
66206.897
67368.421
147692.308
73846.154
66206.897
94814.815
67964.602
67368.421
68571.429
68571.429
66206.897
67368.421
67964.602
67964.602
67964.602
66206.897
67368.421
69189.189
67368.421
67368.421
66782.609
68571.429
67964.602
66782.609
68571.429
66782.609
67964.602
69818.182
67368.421
65641.026
68571.429
69818.182
66206.897
67368.421
67368.421
70458.716
66782.609
69189.189
66206.897
67964.602
69189.189
70458.716
66782.609
67964.602
71775.701
67964.602
69189.189
67368.421
68571.429
70458.716
69189.189
68571.429
69818.182
67368.421
68571.429
70458.716
67964.602
67368.421
68571.429
67964.602
67368.421
67368.421
68571.429
67368.421
69189.189
67368.421
66782.609
69189.189
69189.189
67964.602
67368.421
67368.421
70458.716
66206.897
67964.602
66782.609
68571.429
69189.189
68571.429
66782.609
67964.602
69818.182
68571.429
68571.429
66206.897
68571.429
69818.182
67368.421
67964.602
67964.602
67964.602
69818.182
67368.421
67964.602
67964.602
69189.189
68571.429
67368.421
67368.421
68571.429
69189.189
68571.429
67368.421
68571.429
69189.189
69189.189
67368.421
68571.429
67964.602
68571.429
70458.716
66782.609
67964.602
69189.189
69189.189
68571.429
67368.421
67964.602
69818.182
67964.602
67964.602
67368.421
67964.602
69818.182
67964.602
67368.421
68571.429
68571.429
68571.429
67368.421
67964.602
67964.602
68571.429
144905.66
73846.154
64537.815
69189.189
69189.189
69189.189
67964.602
68571.429
69189.189
69189.189
71111.111
66206.897
68571.429
70458.716
67368.421
68571.429
67368.421
69189.189
71111.111
67964.602
67964.602
68571.429
69189.189
68571.429
69189.189
68571.429
68571.429
68571.429
68571.429
67964.602
68571.429
67368.421
68571.429
68571.429
66782.609
67368.421
67964.602
68571.429
67964.602
66206.897
67368.421
68571.429
67964.602
67368.421
66782.609
68571.429
69189.189
67368.421
66782.609
68571.429
68571.429
68571.429
67368.421
66782.609
68571.429
68571.429
67964.602
66782.609
67368.421
69189.189
67964.602
66782.609
67964.602
67964.602
68571.429
67964.602
67964.602
67964.602
150588.235
116363.636
123870.968
67368.421
202105.263
105205.479
166956.522
178604.651
166956.522
128000.0
118153.846
90352.941
114626.866
90352.941
112941.176
134736.842
147692.308
202105.263
192000.0
166956.522
182857.143
178604.651
106666.667
112941.176
196923.077
166956.522
128000.0
160000.0
112941.176
114626.866
174545.455
139636.364
144905.66
99740.26
74563.107
103783.784
192000.0
142222.222
192000.0
116363.636
118153.846
170666.667
150588.235
187317.073
114626.866
96000.0
182857.143
132413.793
178604.651
87272.727
134736.842
80842.105
144905.66
111304.348
123870.968
163404.255
213333.333
123870.968
80000.0
163404.255
87272.727
134736.842
196923.077
114626.866
114626.866
178604.651
112941.176
118153.846
52244.898
57744.361
58625.954
60000.0
61440.0
61935.484
60952.381
61935.484
63471.074
62439.024
62950.82
62950.82
64000.0
63471.074
64000.0
64000.0
63471.074
64537.815
65641.026
64537.815
62439.024
64000.0
65641.026
63471.074
62950.82
62950.82
64537.815
65084.746
64537.815
60472.441
64000.0
64537.815
63471.074
62439.024
64000.0
65641.026
63471.074
62950.82
64000.0
66206.897
64537.815
63471.074
65084.746
65641.026
64537.815
63471.074
65084.746
65641.026
65084.746
64000.0
65641.026
64000.0
64537.815
65641.026
65084.746
63471.074
64537.815
65641.026
64000.0
64000.0
65641.026
66206.897
64537.815
63471.074
64537.815
65641.026
64000.0
62950.82
64537.815
64537.815
64537.815
63471.074
65084.746
64537.815
64000.0
64537.815
64537.815
64000.0
63471.074
65641.026
64000.0
62950.82
65084.746
66206.897
64000.0
62950.82
65084.746
65084.746
64000.0
63471.074
64537.815
64537.815
63471.074
64000.0
62950.82
64000.0
64537.815
65084.746
62439.024
63471.074
65641.026
64537.815
62950.82
62950.82
66206.897
150588.235
54468.085
60472.441
65641.026
94814.815
60952.381
60000.0
60952.381
62950.82
61440.0
63471.074
63471.074
64537.815
65084.746
65641.026
64537.815
66206.897
65084.746
66206.897
64000.0
65641.026
65641.026
66782.609
65084.746
65641.026
66782.609
66782.609
67368.421
66206.897
67368.421
67964.602
67368.421
65084.746
69818.182
66782.609
66206.897
66206.897
64537.815
66782.609
66206.897
66206.897
65084.746
144905.66
156734.694
65084.746
64537.815
65084.746
65641.026
65641.026
67368.421
67368.421
66782.609
66782.609
67368.421
67964.602
66782.609
67964.602
66206.897
67368.421
67368.421
65641.026
66782.609
67368.421
66782.609
66206.897
66206.897
65084.746
66206.897
66782.609
64537.815
65641.026
65084.746
67964.602
65084.746
64537.815
65084.746
66782.609
66206.897
65084.746
64537.815
67964.602
65641.026
64537.815
65084.746
65084.746
67368.421
65641.026
65084.746
65641.026
67964.602
66206.897
67964.602
64000.0
66782.609
66782.609
66782.609
66206.897
65084.746
67368.421
66782.609
66206.897
66206.897
66206.897
67368.421
66206.897
65084.746
66782.609
66782.609
66782.609
65641.026
65641.026
66782.609
67368.421
65641.026
65641.026
66206.897
67368.421
66206.897
65641.026
66206.897
66782.609
67964.602
66206.897
66782.609
66206.897
67368.421
66782.609
66206.897
65641.026
66782.609
66782.609
65641.026
66206.897
66206.897
67368.421
66782.609
65641.026
67368.421
66782.609
66782.609
67368.421
66206.897
66782.609
67368.421
67368.421
66782.609
66206.897
67964.602
67964.602
66782.609
66206.897
66782.609
67368.421
147692.308
55652.174
62439.024
67368.421
67964.602
66782.609
66782.609
66782.609
67964.602
67964.602
67368.421
66206.897
67368.421
67368.421
66782.609
67964.602
65084.746
67368.421
66782.609
68571.429
64537.815
66782.609
67368.421
67368.421
66206.897
66206.897
66782.609
67368.421
66782.609
66206.897
66782.609
66782.609
67368.421
65641.026
66782.609
67964.602
67368.421
66206.897
72452.83
67964.602
67964.602
66782.609
66782.609
68571.429
66206.897
67368.421
66206.897
67368.421
67368.421
67964.602
67368.421
67368.421
67368.421
68571.429
67368.421
66782.609
67368.421
67368.421
66782.609
67964.602
67368.421
66782.609
67368.421
68571.429
66782.609
66782.609
67368.421
67368.421
67964.602
66206.897
66782.609
67368.421
67964.602
66782.609
65641.026
66782.609
67368.421
67964.602
66206.897
66782.609
66782.609
67964.602
66782.609
65641.026
66782.609
66782.609
67368.421
65641.026
65641.026
67368.421
67368.421
67368.421
66206.897
65641.026
67368.421
67368.421
66206.897
66782.609
66206.897
67368.421
66782.609
66206.897
67368.421
67368.421
68571.429
66782.609
66206.897
67964.602
67964.602
67368.421
66782.609
66782.609
68571.429
67964.602
66782.609
66782.609
68571.429
67964.602
69189.189
65084.746
67368.421
67964.602
67368.421
67368.421
66206.897
67368.421
69818.182
65641.026
66782.609
67368.421
67964.602
67964.602
67368.421
66782.609
67964.602
66782.609
67964.602
66782.609
66782.609
69189.189
66782.609
67368.421
66782.609
66782.609
68571.429
67368.421
67368.421
66206.897
67964.602
68571.429
66782.609
66206.897
67964.602
66782.609
67368.421
66206.897
66782.609
66782.609
66782.609
66782.609
66782.609
66206.897
67368.421
67368.421
66206.897
66782.609
66206.897
67368.421
66782.609
65641.026
66206.897
67368.421
69189.189
65641.026
67368.421
66782.609
67964.602
66782.609
67368.421
66206.897
69189.189
67368.421
65641.026
66782.609
66782.609
68571.429
66782.609
65641.026
67368.421
67964.602
67368.421
65641.026
65641.026
66782.609
67368.421
66206.897
65641.026
66782.609
67368.421
66782.609
66782.609
66782.609
67368.421
67964.602
66782.609
66782.609
66782.609
67964.602
67368.421
66782.609
66782.609
67368.421
67964.602
67368.421
66782.609
66782.609
67368.421
67964.602
66206.897
66206.897
67368.421
67368.421
67368.421
65641.026
67368.421
67368.421
67368.421
66782.609
66782.609
66782.609
66782.609
67368.421
66206.897
66782.609
66782.609
67368.421
66206.897
66206.897
67368.421
66782.609
67964.602
66206.897
66206.897
67964.602
67368.421
66206.897
66206.897
66782.609
67368.421
66782.609
66206.897
67368.421
67368.421
75294.118
64537.815
66206.897
67368.421
67964.602
67964.602
65641.026
67964.602
67964.602
67964.602
66782.609
66782.609
67368.421
67368.421
67368.421
66206.897
67368.421
67964.602
67964.602
66782.609
66782.609
144905.66
182857.143
78367.347
67368.421
67368.421
65641.026
67368.421
67964.602
66206.897
66206.897
66782.609
66782.609
66782.609
65641.026
66206.897
65641.026
66782.609
65641.026
66206.897
65641.026
66782.609
66206.897
66206.897
65641.026
66206.897
66782.609
66206.897
65641.026
66782.609
66206.897
66782.609
64537.815
65641.026
65641.026
66782.609
65084.746
65084.746
65641.026
66782.609
65084.746
65641.026
64537.815
66782.609
65641.026
65641.026
65084.746
66782.609
66206.897
66782.609
65641.026
66206.897
66206.897
66782.609
66206.897
65084.746
65641.026
66206.897
66782.609
65641.026
66206.897
66782.609
67368.421
65641.026
65641.026
67368.421
67964.602
65641.026
65084.746
66206.897
67368.421
66782.609
65084.746
65641.026
67368.421
67368.421
65641.026
65641.026
94814.815
65641.026
66782.609
66206.897
65641.026
67368.421
66206.897
66782.609
66206.897
65641.026
66782.609
67368.421
65641.026
66206.897
66206.897
66782.609
66206.897
65084.746
66782.609
66206.897
66206.897
65641.026
65641.026
66206.897
66782.609
65641.026
66206.897
65084.746
66782.609
67964.602
64537.815
66206.897
65641.026
67964.602
64537.815
65641.026
67964.602
65641.026
66782.609
65084.746
66782.609
65641.026
66782.609
65084.746
67368.421
64537.815
66206.897
66206.897
65084.746
65641.026
66782.609
66782.609
65641.026
65641.026
66206.897
66782.609
68571.429
65084.746
65641.026
65641.026
66206.897
65641.026
65084.746
65084.746
65641.026
65084.746
65084.746
64537.815
66782.609
67368.421
64000.0
65084.746
66782.609
66206.897
66782.609
64537.815
66782.609
65084.746
65641.026
65641.026
65084.746
66782.609
67368.421
64537.815
67964.602
65641.026
66206.897
65641.026
65084.746
65641.026
65641.026
66206.897
65641.026
65084.746
65084.746
67964.602
64000.0
65084.746
65084.746
66206.897
65641.026
65084.746
66206.897
66206.897
67368.421
65641.026
67368.421
64537.815
66782.609
65641.026
65641.026
65084.746
66782.609
66782.609
65084.746
65084.746
66206.897
66782.609
65641.026
65084.746
65641.026
66206.897
65641.026
65641.026
65084.746
66782.609
65641.026
65641.026
65084.746
65641.026
66206.897
66206.897
64537.815
65641.026
65641.026
68571.429
64537.815
65084.746
67964.602
65084.746
66782.609
65084.746
65641.026
66782.609
65641.026
65641.026
65084.746
65641.026
66206.897
66206.897
64537.815
65084.746
66782.609
66782.609
64537.815
65084.746
66206.897
66782.609
65641.026
67964.602
62950.82
66782.609
65084.746
67368.421
63471.074
66206.897
65641.026
65084.746
64000.0
65641.026
