70458.716
76800.0
103783.784
69818.182
76800.0
112941.176
71775.701
74563.107
75294.118
79175.258
80000.0
78367.347
78367.347
76800.0
105205.479
73142.857
77575.758
103783.784
69189.189
74563.107
76800.0
78367.347
79175.258
76800.0
78367.347
80000.0
109714.286
73846.154
76800.0
102400.0
71111.111
76800.0
78367.347
78367.347
77575.758
76800.0
80000.0
80000.0
109714.286
71111.111
74563.107
102400.0
71111.111
77575.758
106666.667
69818.182
73846.154
75294.118
76800.0
76800.0
73846.154
73142.857
84395.604
71775.701
75294.118
73142.857
72452.83
76039.604
80000.0
71775.701
75294.118
97215.19
67964.602
76039.604
109714.286
69818.182
72452.83
108169.014
69818.182
75294.118
75294.118
72452.83
73142.857
77575.758
76800.0
76039.604
75294.118
76039.604
77575.758
112941.176
71775.701
76039.604
101052.632
71111.111
74563.107
125901.639
57744.361
76039.604
105205.479
73142.857
78367.347
109714.286
71775.701
73846.154
105205.479
72452.83
76800.0
76039.604
75294.118
73846.154
78367.347
77575.758
130169.492
54084.507
73846.154
76039.604
78367.347
78367.347
76039.604
75294.118
80842.105
96000.0
73142.857
78367.347
101052.632
70458.716
78367.347
108169.014
71775.701
75294.118
75294.118
78367.347
84395.604
76039.604
75294.118
76039.604
78367.347
79175.258
78367.347
77575.758
74563.107
76800.0
78367.347
79175.258
79175.258
76039.604
78367.347
80842.105
106666.667
72452.83
76039.604
101052.632
70458.716
78367.347
78367.347
77575.758
77575.758
79175.258
80000.0
80000.0
80842.105
76800.0
77575.758
81702.128
81702.128
79175.258
106666.667
70458.716
80000.0
101052.632
71775.701
74563.107
108169.014
70458.716
76039.604
78367.347
79175.258
76800.0
76800.0
79175.258
79175.258
78367.347
77575.758
74563.107
109714.286
74563.107
76039.604
103783.784
69189.189
73846.154
76039.604
77575.758
77575.758
75294.118
75294.118
78367.347
79175.258
77575.758
76800.0
108169.014
74563.107
79175.258
94814.815
75294.118
74563.107
105205.479
72452.83
77575.758
109714.286
72452.83
74563.107
76039.604
78367.347
80842.105
80000.0
77575.758
78367.347
80000.0
80000.0
80000.0
79175.258
76039.604
77575.758
80842.105
77575.758
78367.347
76800.0
75294.118
77575.758
79175.258
76039.604
74563.107
76800.0
76039.604
77575.758
78367.347
74563.107
74563.107
77575.758
78367.347
88275.862
103783.784
68571.429
74563.107
109714.286
73142.857
76039.604
103783.784
71111.111
76039.604
111304.348
76800.0
73846.154
105205.479
70458.716
77575.758
109714.286
76039.604
73142.857
103783.784
73142.857
76800.0
79175.258
77575.758
76039.604
77575.758
80842.105
79175.258
78367.347
76039.604
76800.0
78367.347
80000.0
77575.758
76039.604
78367.347
78367.347
79175.258
80000.0
76800.0
75294.118
79175.258
80000.0
79175.258
77575.758
76800.0
76800.0
79175.258
80842.105
77575.758
76800.0
78367.347
79175.258
80000.0
80842.105
76039.604
77575.758
77575.758
80000.0
77575.758
77575.758
76800.0
76800.0
79175.258
79175.258
77575.758
76039.604
76039.604
78367.347
79175.258
76800.0
76800.0
77575.758
108169.014
72452.83
77575.758
101052.632
69818.182
76800.0
78367.347
79175.258
79175.258
76800.0
76800.0
80842.105
80842.105
108169.014
71775.701
75294.118
76800.0
79175.258
80842.105
105205.479
71111.111
105205.479
72452.83
77575.758
78367.347
76800.0
76039.604
80842.105
80000.0
80000.0
80000.0
77575.758
78367.347
80842.105
81702.128
78367.347
78367.347
78367.347
79175.258
80842.105
81702.128
79175.258
79175.258
81702.128
82580.645
111304.348
75294.118
76800.0
103783.784
75294.118
80000.0
79175.258
91428.571
74563.107
78367.347
80842.105
92530.12
102400.0
69818.182
77575.758
80000.0
81702.128
81702.128
80000.0
78367.347
79175.258
79175.258
81702.128
78367.347
76800.0
78367.347
80842.105
80842.105
80000.0
79175.258
77575.758
78367.347
82580.645
81702.128
77575.758
77575.758
80000.0
79175.258
80842.105
80842.105
76039.604
77575.758
81702.128
80842.105
79175.258
80000.0
78367.347
79175.258
86292.135
77575.758
76039.604
73846.154
75294.118
77575.758
80000.0
77575.758
76039.604
77575.758
79175.258
78367.347
78367.347
76800.0
75294.118
77575.758
78367.347
78367.347
106666.667
71111.111
74563.107
108169.014
73846.154
76039.604
103783.784
71111.111
78367.347
109714.286
74563.107
76800.0
75294.118
79175.258
83478.261
82580.645
82580.645
76800.0
99740.26
71775.701
80842.105
109714.286
71775.701
73846.154
75294.118
79175.258
80842.105
78367.347
78367.347
79175.258
80000.0
79175.258
81702.128
78367.347
76800.0
80842.105
80842.105
78367.347
79175.258
78367.347
79175.258
80842.105
82580.645
80842.105
78367.347
79175.258
80842.105
81702.128
81702.128
76800.0
76800.0
80000.0
79175.258
79175.258
78367.347
76039.604
77575.758
77575.758
78367.347
78367.347
76800.0
75294.118
79175.258
80000.0
78367.347
75294.118
76800.0
77575.758
80000.0
80000.0
76800.0
77575.758
79175.258
108169.014
74563.107
103783.784
70458.716
79175.258
103783.784
72452.83
77575.758
76039.604
76800.0
76039.604
80842.105
80000.0
77575.758
75294.118
76800.0
77575.758
116363.636
58181.818
73142.857
75294.118
78367.347
80000.0
79175.258
76800.0
76800.0
80000.0
82580.645
79175.258
78367.347
76800.0
77575.758
80842.105
80842.105
77575.758
76800.0
78367.347
79175.258
80000.0
80000.0
76039.604
75294.118
79175.258
80000.0
79175.258
78367.347
76039.604
76800.0
79175.258
109714.286
80842.105
71111.111
76039.604
102400.0
73846.154
78367.347
103783.784
71111.111
79175.258
111304.348
80000.0
76800.0
105205.479
71775.701
79175.258
81702.128
79175.258
78367.347
79175.258
81702.128
80842.105
81702.128
79175.258
77575.758
80842.105
82580.645
81702.128
82580.645
80842.105
78367.347
79175.258
81702.128
79175.258
78367.347
76800.0
77575.758
80842.105
81702.128
79175.258
78367.347
78367.347
80842.105
111304.348
76800.0
75294.118
101052.632
72452.83
79175.258
109714.286
80842.105
74563.107
106666.667
72452.83
80000.0
80842.105
77575.758
79175.258
78367.347
80842.105
81702.128
80842.105
78367.347
77575.758
78367.347
80842.105
82580.645
80000.0
78367.347
80842.105
81702.128
82580.645
81702.128
80842.105
79175.258
81702.128
82580.645
85333.333
77575.758
108169.014
73142.857
79175.258
111304.348
74563.107
77575.758
77575.758
80000.0
81702.128
81702.128
81702.128
78367.347
79175.258
80000.0
80842.105
79175.258
79175.258
77575.758
80842.105
81702.128
80842.105
77575.758
79175.258
79175.258
81702.128
81702.128
80000.0
77575.758
80000.0
81702.128
82580.645
80842.105
79175.258
76800.0
82580.645
79175.258
80000.0
78367.347
79175.258
106666.667
75294.118
80000.0
105205.479
71111.111
77575.758
109714.286
77575.758
80000.0
109714.286
73142.857
79175.258
108169.014
84395.604
77575.758
80000.0
79175.258
109714.286
90352.941
74563.107
80000.0
79175.258
78367.347
79175.258
81702.128
82580.645
80842.105
78367.347
79175.258
81702.128
80842.105
81702.128
79175.258
78367.347
80000.0
82580.645
80000.0
80000.0
80842.105
82580.645
82580.645
83478.261
80000.0
78367.347
80000.0
81702.128
81702.128
80000.0
77575.758
76039.604
78367.347
81702.128
80000.0
77575.758
91428.571
69818.182
77575.758
79175.258
77575.758
77575.758
75294.118
78367.347
80000.0
80000.0
77575.758
77575.758
111304.348
79175.258
109714.286
66206.897
73142.857
78367.347
102400.0
74563.107
80842.105
109714.286
73142.857
78367.347
109714.286
83478.261
78367.347
106666.667
73846.154
79175.258
80842.105
84395.604
84395.604
81702.128
81702.128
83478.261
83478.261
85333.333
83478.261
80842.105
80842.105
84395.604
83478.261
82580.645
80000.0
80842.105
82580.645
84395.604
84395.604
82580.645
80000.0
80000.0
80842.105
84395.604
83478.261
108169.014
72452.83
103783.784
76039.604
83478.261
111304.348
73846.154
77575.758
80842.105
83478.261
83478.261
80842.105
80842.105
80000.0
82580.645
83478.261
81702.128
77575.758
77575.758
80842.105
83478.261
81702.128
80000.0
77575.758
79175.258
82580.645
83478.261
81702.128
80000.0
79175.258
80842.105
83478.261
82580.645
80000.0
106666.667
88275.862
71775.701
82580.645
112941.176
75294.118
93658.537
112941.176
121904.762
84395.604
88275.862
76039.604
76800.0
78367.347
80842.105
80842.105
80842.105
80842.105
78367.347
80000.0
82580.645
80842.105
78367.347
79175.258
80000.0
81702.128
80842.105
79175.258
76039.604
77575.758
80842.105
80000.0
111304.348
71775.701
74563.107
99740.26
80842.105
77575.758
105205.479
71775.701
78367.347
106666.667
73846.154
80000.0
77575.758
78367.347
80000.0
81702.128
81702.128
83478.261
111304.348
74563.107
78367.347
108169.014
80842.105
83478.261
102400.0
71775.701
76800.0
80842.105
80000.0
76800.0
78367.347
80000.0
82580.645
83478.261
80842.105
77575.758
77575.758
78367.347
79175.258
76800.0
79175.258
74563.107
78367.347
80000.0
78367.347
77575.758
77575.758
78367.347
81702.128
81702.128
88275.862
71775.701
78367.347
79175.258
80000.0
80000.0
77575.758
77575.758
80842.105
82580.645
83478.261
80000.0
79175.258
79175.258
83478.261
83478.261
80842.105
80000.0
78367.347
79175.258
83478.261
81702.128
79175.258
80000.0
79175.258
81702.128
80842.105
80000.0
76800.0
77575.758
82580.645
81702.128
80000.0
80842.105
76800.0
79175.258
81702.128
81702.128
79175.258
77575.758
79175.258
80842.105
81702.128
80842.105
78367.347
108169.014
73846.154
79175.258
114626.866
73846.154
76800.0
108169.014
76039.604
82580.645
106666.667
74563.107
79175.258
109714.286
78367.347
82580.645
111304.348
74563.107
80000.0
81702.128
85333.333
85333.333
86292.135
82580.645
114626.866
81702.128
80842.105
82580.645
105205.479
75294.118
80842.105
111304.348
76800.0
84395.604
83478.261
83478.261
82580.645
83478.261
85333.333
84395.604
82580.645
79175.258
81702.128
81702.128
82580.645
80000.0
78367.347
80000.0
81702.128
80842.105
80842.105
92530.12
112941.176
71111.111
84395.604
106666.667
86292.135
84395.604
94814.815
86292.135
92530.12
86292.135
93658.537
81702.128
93658.537
86292.135
89302.326
91428.571
86292.135
74563.107
106666.667
72452.83
80000.0
83478.261
78367.347
77575.758
79175.258
80842.105
84395.604
82580.645
79175.258
80000.0
80842.105
82580.645
85333.333
82580.645
76800.0
80842.105
79175.258
79175.258
80000.0
78367.347
76800.0
79175.258
81702.128
80842.105
79175.258
78367.347
76800.0
81702.128
80842.105
111304.348
70458.716
102400.0
73142.857
79175.258
80000.0
79175.258
78367.347
80000.0
82580.645
81702.128
81702.128
79175.258
79175.258
80842.105
84395.604
81702.128
80000.0
78367.347
80000.0
81702.128
84395.604
81702.128
80000.0
80000.0
81702.128
83478.261
82580.645
81702.128
80000.0
80842.105
82580.645
116363.636
76039.604
76039.604
105205.479
72452.83
80000.0
81702.128
80000.0
80000.0
80000.0
80842.105
85333.333
85333.333
78367.347
78367.347
82580.645
82580.645
81702.128
80000.0
79175.258
80000.0
111304.348
76039.604
78367.347
123870.968
58181.818
79175.258
82580.645
84395.604
80000.0
80000.0
80842.105
84395.604
111304.348
74563.107
78367.347
105205.479
73846.154
80842.105
81702.128
80842.105
80000.0
80000.0
82580.645
84395.604
81702.128
78367.347
77575.758
109714.286
74563.107
77575.758
76800.0
75294.118
75294.118
78367.347
78367.347
77575.758
74563.107
74563.107
75294.118
76039.604
73846.154
99740.26
66206.897
71775.701
73846.154
112941.176
69189.189
71775.701
112941.176
56058.394
74563.107
74563.107
73846.154
76039.604
77575.758
78367.347
96000.0
68571.429
73846.154
128000.0
55652.174
73846.154
73846.154
75294.118
77575.758
78367.347
77575.758
76039.604
74563.107
78367.347
98461.538
71111.111
75294.118
74563.107
76039.604
82580.645
76039.604
76800.0
74563.107
74563.107
77575.758
79175.258
101052.632
73142.857
72452.83
76039.604
78367.347
78367.347
73846.154
76039.604
78367.347
78367.347
78367.347
76039.604
74563.107
77575.758
79175.258
76800.0
88275.862
69818.182
74563.107
77575.758
78367.347
75294.118
73846.154
77575.758
76800.0
78367.347
75294.118
109714.286
70458.716
75294.118
111304.348
71775.701
73846.154
73846.154
76800.0
114626.866
78367.347
76800.0
76800.0
93658.537
73142.857
80842.105
109714.286
71111.111
77575.758
106666.667
74563.107
77575.758
76039.604
75294.118
73846.154
76800.0
76039.604
73846.154
73142.857
75294.118
75294.118
76039.604
75294.118
72452.83
73846.154
76039.604
85333.333
71775.701
75294.118
102400.0
80000.0
75294.118
108169.014
71775.701
76039.604
75294.118
80000.0
79175.258
78367.347
77575.758
76800.0
80000.0
80842.105
78367.347
75294.118
76039.604
76800.0
77575.758
78367.347
76039.604
74563.107
77575.758
79175.258
78367.347
77575.758
77575.758
76800.0
78367.347
80842.105
76800.0
76039.604
76800.0
78367.347
80000.0
77575.758
76800.0
76039.604
76800.0
80842.105
79175.258
80842.105
73846.154
79175.258
79175.258
79175.258
78367.347
77575.758
76800.0
81702.128
81702.128
78367.347
77575.758
78367.347
79175.258
80842.105
82580.645
79175.258
106666.667
73846.154
106666.667
73846.154
77575.758
78367.347
77575.758
80842.105
83478.261
80842.105
78367.347
78367.347
78367.347
80000.0
81702.128
80000.0
76800.0
78367.347
80842.105
80842.105
80000.0
78367.347
76800.0
79175.258
81702.128
80000.0
78367.347
76800.0
78367.347
79175.258
81702.128
76800.0
76039.604
78367.347
80000.0
80000.0
79175.258
76800.0
75294.118
79175.258
79175.258
78367.347
77575.758
76800.0
77575.758
81702.128
80842.105
77575.758
77575.758
78367.347
80842.105
80000.0
79175.258
77575.758
76800.0
81702.128
80842.105
81702.128
81702.128
78367.347
81702.128
84395.604
82580.645
80842.105
80842.105
79175.258
80842.105
84395.604
80000.0
77575.758
78367.347
78367.347
79175.258
80842.105
78367.347
76800.0
78367.347
80000.0
78367.347
80000.0
76039.604
76800.0
81702.128
82580.645
80000.0
79175.258
78367.347
79175.258
80842.105
83478.261
79175.258
78367.347
80842.105
81702.128
82580.645
82580.645
79175.258
79175.258
81702.128
82580.645
81702.128
81702.128
79175.258
77575.758
80842.105
81702.128
79175.258
79175.258
79175.258
78367.347
112941.176
75294.118
77575.758
76039.604
78367.347
80000.0
112941.176
75294.118
78367.347
76039.604
79175.258
80842.105
80000.0
79175.258
78367.347
78367.347
79175.258
80842.105
78367.347
76800.0
76800.0
79175.258
80000.0
78367.347
77575.758
76800.0
80000.0
80842.105
81702.128
79175.258
76800.0
78367.347
82580.645
82580.645
80842.105
79175.258
78367.347
81702.128
85333.333
83478.261
80842.105
80842.105
81702.128
84395.604
84395.604
81702.128
79175.258
79175.258
82580.645
83478.261
80000.0
109714.286
71775.701
76039.604
79175.258
81702.128
79175.258
77575.758
76800.0
80842.105
81702.128
80842.105
79175.258
78367.347
79175.258
83478.261
81702.128
79175.258
79175.258
80000.0
81702.128
80842.105
80842.105
77575.758
75294.118
78367.347
81702.128
78367.347
76800.0
75294.118
76800.0
76800.0
77575.758
76039.604
73846.154
75294.118
78367.347
77575.758
128000.0
54857.143
74563.107
79175.258
79175.258
79175.258
76800.0
76039.604
80000.0
80000.0
80000.0
79175.258
80000.0
80000.0
83478.261
85333.333
82580.645
103783.784
71111.111
78367.347
111304.348
76039.604
79175.258
108169.014
77575.758
82580.645
108169.014
81702.128
77575.758
78367.347
80000.0
82580.645
85333.333
81702.128
79175.258
80842.105
80842.105
80842.105
82580.645
96000.0
70458.716
78367.347
79175.258
79175.258
79175.258
77575.758
77575.758
80842.105
83478.261
79175.258
78367.347
78367.347
78367.347
80842.105
81702.128
78367.347
76800.0
79175.258
79175.258
80000.0
80000.0
76800.0
77575.758
80842.105
82580.645
80000.0
79175.258
78367.347
79175.258
81702.128
80842.105
80000.0
80000.0
79175.258
81702.128
84395.604
81702.128
79175.258
80842.105
81702.128
106666.667
76039.604
77575.758
74563.107
77575.758
80000.0
78367.347
79175.258
77575.758
76039.604
78367.347
81702.128
77575.758
76039.604
77575.758
77575.758
80000.0
80842.105
76800.0
76800.0
79175.258
80842.105
79175.258
79175.258
76800.0
76800.0
80842.105
80842.105
79175.258
77575.758
76039.604
79175.258
80000.0
78367.347
76800.0
76039.604
77575.758
79175.258
79175.258
76800.0
76039.604
77575.758
81702.128
78367.347
77575.758
76039.604
76800.0
78367.347
80000.0
79175.258
76800.0
76039.604
80000.0
80000.0
79175.258
77575.758
76039.604
77575.758
80842.105
80842.105
78367.347
77575.758
77575.758
109714.286
73846.154
78367.347
76039.604
76039.604
79175.258
80000.0
80000.0
79175.258
77575.758
78367.347
81702.128
80842.105
80000.0
78367.347
77575.758
80000.0
82580.645
80000.0
79175.258
79175.258
79175.258
83478.261
81702.128
78367.347
77575.758
79175.258
111304.348
76039.604
78367.347
105205.479
70458.716
75294.118
79175.258
79175.258
77575.758
108169.014
72452.83
79175.258
128000.0
58625.954
75294.118
76039.604
79175.258
80000.0
81702.128
78367.347
77575.758
78367.347
81702.128
80842.105
81702.128
78367.347
78367.347
80000.0
82580.645
80000.0
78367.347
77575.758
79175.258
80842.105
82580.645
78367.347
76800.0
80000.0
80000.0
82580.645
80842.105
76800.0
77575.758
80842.105
81702.128
80842.105
79175.258
77575.758
78367.347
81702.128
80000.0
108169.014
71111.111
74563.107
106666.667
76039.604
76800.0
75294.118
76039.604
77575.758
80842.105
80842.105
77575.758
74563.107
109714.286
75294.118
76800.0
76039.604
75294.118
75294.118
111304.348
73846.154
75294.118
73846.154
73142.857
74563.107
79175.258
76039.604
73846.154
74563.107
75294.118
76800.0
79175.258
75294.118
73142.857
77575.758
78367.347
77575.758
78367.347
76039.604
76039.604
79175.258
80842.105
108169.014
71111.111
75294.118
103783.784
77575.758
109714.286
76039.604
73846.154
76800.0
101052.632
77575.758
76800.0
105205.479
69189.189
75294.118
78367.347
78367.347
76039.604
76800.0
76039.604
77575.758
79175.258
77575.758
76039.604
76800.0
78367.347
80000.0
78367.347
76800.0
76800.0
106666.667
73846.154
78367.347
105205.479
73846.154
73846.154
106666.667
73846.154
78367.347
76800.0
76039.604
79175.258
80842.105
80000.0
77575.758
78367.347
77575.758
79175.258
80842.105
78367.347
74563.107
77575.758
79175.258
79175.258
78367.347
77575.758
76039.604
79175.258
81702.128
79175.258
108169.014
71111.111
75294.118
105205.479
76039.604
76800.0
105205.479
72452.83
78367.347
79175.258
81702.128
78367.347
76800.0
80000.0
82580.645
80842.105
80842.105
80000.0
77575.758
80000.0
82580.645
80842.105
78367.347
80842.105
81702.128
81702.128
84395.604
109714.286
72452.83
77575.758
108169.014
76039.604
80000.0
78367.347
77575.758
79175.258
79175.258
82580.645
79175.258
105205.479
72452.83
76800.0
108169.014
74563.107
75294.118
73846.154
78367.347
78367.347
80000.0
78367.347
76800.0
76039.604
79175.258
78367.347
77575.758
76800.0
76039.604
105205.479
73846.154
77575.758
103783.784
69818.182
76039.604
76800.0
79175.258
78367.347
76039.604
76039.604
78367.347
79175.258
78367.347
76039.604
76039.604
78367.347
78367.347
79175.258
77575.758
76039.604
80000.0
81702.128
80000.0
78367.347
79175.258
77575.758
80000.0
81702.128
80842.105
76800.0
78367.347
80842.105
80842.105
80000.0
80000.0
77575.758
77575.758
83478.261
80842.105
79175.258
79175.258
78367.347
80842.105
84395.604
111304.348
71775.701
76800.0
80000.0
80000.0
81702.128
80842.105
78367.347
77575.758
82580.645
81702.128
80842.105
80000.0
79175.258
79175.258
83478.261
83478.261
79175.258
79175.258
80000.0
81702.128
82580.645
82580.645
80000.0
79175.258
87272.727
82580.645
106666.667
72452.83
66782.609
65084.746
67964.602
91428.571
66206.897
70458.716
75294.118
78367.347
79175.258
77575.758
82580.645
75294.118
80000.0
83478.261
82580.645
80842.105
82580.645
84395.604
108169.014
76039.604
81702.128
103783.784
72452.83
80842.105
114626.866
76039.604
80000.0
106666.667
72452.83
80000.0
81702.128
78367.347
76800.0
78367.347
79175.258
80842.105
87272.727
86292.135
82580.645
97215.19
84395.604
87272.727
111304.348
73142.857
81702.128
97215.19
73142.857
89302.326
109714.286
79175.258
73846.154
121904.762
56888.889
76800.0
76039.604
76800.0
78367.347
78367.347
79175.258
79175.258
76800.0
75294.118
77575.758
79175.258
105205.479
69189.189
73846.154
74563.107
77575.758
78367.347
76039.604
103783.784
87272.727
71111.111
77575.758
75294.118
74563.107
76039.604
76800.0
78367.347
79175.258
76039.604
76039.604
80000.0
80000.0
79175.258
78367.347
79175.258
79175.258
83478.261
83478.261
81702.128
79175.258
80000.0
83478.261
82580.645
108169.014
75294.118
79175.258
103783.784
76800.0
80842.105
112941.176
76800.0
77575.758
102400.0
76039.604
81702.128
81702.128
80000.0
80842.105
82580.645
86292.135
84395.604
81702.128
81702.128
82580.645
84395.604
86292.135
83478.261
80842.105
80842.105
82580.645
83478.261
84395.604
82580.645
80842.105
80842.105
85333.333
109714.286
76039.604
79175.258
80000.0
81702.128
84395.604
83478.261
82580.645
81702.128
80842.105
83478.261
85333.333
84395.604
80842.105
81702.128
81702.128
84395.604
84395.604
82580.645
81702.128
81702.128
80000.0
82580.645
82580.645
79175.258
78367.347
80842.105
80000.0
82580.645
82580.645
81702.128
80000.0
80842.105
82580.645
81702.128
81702.128
80842.105
80842.105
83478.261
108169.014
76800.0
80000.0
103783.784
76039.604
83478.261
111304.348
77575.758
89302.326
103783.784
118153.846
106666.667
93658.537
87272.727
103783.784
94814.815
101052.632
97215.19
111304.348
98461.538
103783.784
98461.538
84395.604
106666.667
128000.0
108169.014
98461.538
76039.604
93658.537
111304.348
156734.694
71111.111
92530.12
108169.014
102400.0
88275.862
109714.286
102400.0
132413.793
97215.19
96000.0
91428.571
97215.19
85333.333
93658.537
111304.348
98461.538
93658.537
92530.12
106666.667
97215.19
98461.538
111304.348
111304.348
84395.604
147692.308
82580.645
84395.604
106666.667
114626.866
81702.128
65084.746
83478.261
63471.074
72452.83
66206.897
67368.421
65641.026
69818.182
86292.135
68571.429
65084.746
71111.111
68571.429
80000.0
65084.746
69189.189
71111.111
73142.857
73142.857
71775.701
71111.111
106666.667
72452.83
74563.107
73142.857
73846.154
73142.857
76800.0
77575.758
88275.862
67964.602
76039.604
76039.604
78367.347
77575.758
73846.154
74563.107
79175.258
76800.0
76800.0
75294.118
78367.347
78367.347
82580.645
80842.105
102400.0
92530.12
73142.857
80842.105
111304.348
76039.604
77575.758
78367.347
82580.645
85333.333
83478.261
82580.645
96000.0
111304.348
75294.118
98461.538
109714.286
116363.636
80842.105
86292.135
72452.83
80000.0
81702.128
78367.347
77575.758
76800.0
78367.347
80842.105
77575.758
82580.645
90352.941
72452.83
76039.604
77575.758
77575.758
75294.118
102400.0
72452.83
78367.347
76039.604
76800.0
106666.667
78367.347
78367.347
79175.258
92530.12
71775.701
77575.758
103783.784
75294.118
77575.758
74563.107
76800.0
109714.286
90352.941
71775.701
76800.0
76039.604
77575.758
81702.128
81702.128
80000.0
78367.347
80000.0
80000.0
84395.604
82580.645
79175.258
78367.347
82580.645
82580.645
83478.261
81702.128
80000.0
80842.105
83478.261
84395.604
82580.645
80842.105
80000.0
81702.128
83478.261
81702.128
77575.758
78367.347
78367.347
79175.258
80000.0
79175.258
77575.758
76800.0
79175.258
88275.862
75294.118
76039.604
75294.118
79175.258
80000.0
78367.347
77575.758
77575.758
77575.758
79175.258
80000.0
78367.347
76039.604
109714.286
112941.176
83478.261
82580.645
92530.12
106666.667
74563.107
101052.632
71775.701
78367.347
76800.0
76800.0
102400.0
116363.636
77575.758
83478.261
77575.758
79175.258
77575.758
82580.645
80842.105
78367.347
77575.758
79175.258
109714.286
120000.0
79175.258
83478.261
108169.014
74563.107
77575.758
96000.0
71775.701
76039.604
99740.26
70458.716
85333.333
111304.348
73846.154
77575.758
73846.154
78367.347
78367.347
97215.19
71111.111
75294.118
76800.0
78367.347
80000.0
77575.758
102400.0
71775.701
78367.347
79175.258
80000.0
80000.0
76800.0
79175.258
82580.645
80842.105
76800.0
77575.758
78367.347
78367.347
81702.128
80000.0
77575.758
77575.758
82580.645
81702.128
80842.105
79175.258
78367.347
79175.258
80842.105
80842.105
79175.258
76800.0
77575.758
80842.105
80842.105
78367.347
78367.347
79175.258
79175.258
82580.645
80842.105
80000.0
77575.758
82580.645
81702.128
108169.014
73846.154
77575.758
101052.632
76800.0
80842.105
106666.667
75294.118
80000.0
105205.479
77575.758
84395.604
83478.261
