62950.82
61935.484
64000.0
112941.176
45443.787
56470.588
57313.433
60472.441
59534.884
97215.19
46265.06
55652.174
59076.923
60000.0
61935.484
60472.441
62439.024
61935.484
62439.024
62439.024
61935.484
61935.484
61440.0
62439.024
61935.484
63471.074
62950.82
62439.024
62950.82
61935.484
63471.074
61935.484
63471.074
62950.82
63471.074
62439.024
61935.484
62950.82
61440.0
63471.074
61935.484
63471.074
62439.024
62439.024
62950.82
60952.381
64000.0
62950.82
64000.0
62950.82
61935.484
64000.0
61440.0
64000.0
61440.0
63471.074
62439.024
61935.484
61935.484
60472.441
63471.074
61440.0
63471.074
61935.484
62439.024
62950.82
61935.484
64537.815
63471.074
63471.074
63471.074
62950.82
64537.815
62439.024
65084.746
62950.82
62439.024
63471.074
62950.82
65084.746
62950.82
65084.746
63471.074
62950.82
65641.026
63471.074
63471.074
64000.0
62950.82
65084.746
105205.479
44912.281
55251.799
56888.889
60952.381
59534.884
60952.381
60952.381
61935.484
62439.024
60952.381
61935.484
60952.381
61935.484
62439.024
62439.024
62439.024
61440.0
64000.0
61440.0
62950.82
62439.024
62950.82
61935.484
60952.381
63471.074
62439.024
62439.024
62439.024
61440.0
63471.074
62950.82
64537.815
63471.074
62950.82
62950.82
105205.479
46265.06
54857.143
57744.361
60472.441
60000.0
61440.0
60472.441
61440.0
61935.484
61440.0
61935.484
60472.441
61935.484
61935.484
62950.82
61935.484
60952.381
63471.074
60952.381
62950.82
62439.024
61440.0
62950.82
61440.0
63471.074
62439.024
62439.024
62439.024
61440.0
64000.0
62950.82
63471.074
61935.484
61440.0
62950.82
61935.484
63471.074
62950.82
62950.82
63471.074
63471.074
65084.746
102400.0
46265.06
55652.174
56888.889
60000.0
60000.0
61935.484
61440.0
62439.024
61935.484
61440.0
61935.484
61935.484
62950.82
62950.82
63471.074
61440.0
62439.024
62439.024
61440.0
64000.0
62439.024
62950.82
62439.024
61440.0
63471.074
62950.82
61935.484
62439.024
61935.484
64000.0
62439.024
64537.815
62950.82
63471.074
62950.82
62950.82
64537.815
63471.074
65084.746
63471.074
62950.82
65084.746
64000.0
63471.074
64000.0
62439.024
65084.746
62950.82
62950.82
64000.0
62439.024
64537.815
62950.82
65641.026
62439.024
64000.0
63471.074
116363.636
125901.639
36746.411
54857.143
57744.361
58625.954
60000.0
59534.884
60952.381
60952.381
84395.604
47116.564
53333.333
57744.361
57744.361
60472.441
60000.0
60952.381
60952.381
60000.0
61440.0
60472.441
61935.484
61440.0
61440.0
60472.441
62439.024
61440.0
62439.024
61935.484
61440.0
62950.82
62439.024
63471.074
61935.484
64000.0
61935.484
65084.746
62950.82
92530.12
47116.564
54468.085
57744.361
60472.441
59534.884
60952.381
59534.884
61440.0
60000.0
61440.0
61440.0
105205.479
45714.286
52965.517
56888.889
57744.361
59534.884
61440.0
59534.884
60952.381
59534.884
60952.381
60000.0
60952.381
61440.0
60472.441
60472.441
60000.0
60952.381
61440.0
60000.0
61440.0
60000.0
61935.484
61440.0
60952.381
61440.0
60000.0
62439.024
60472.441
62439.024
61935.484
62439.024
61440.0
60472.441
62439.024
61440.0
62950.82
61935.484
63471.074
61935.484
63471.074
61440.0
62439.024
62439.024
61440.0
64000.0
61935.484
61935.484
63471.074
62439.024
63471.074
61935.484
60952.381
64000.0
61440.0
63471.074
61935.484
61935.484
61935.484
60952.381
63471.074
62439.024
62439.024
62439.024
61440.0
64000.0
61935.484
62439.024
62439.024
61935.484
63471.074
61935.484
61440.0
62950.82
61935.484
62950.82
61935.484
60952.381
63471.074
61440.0
63471.074
61935.484
61440.0
63471.074
61440.0
62950.82
62439.024
61935.484
64000.0
62950.82
62439.024
63471.074
62439.024
65084.746
64000.0
63471.074
64537.815
63471.074
61440.0
64537.815
62950.82
63471.074
97215.19
109714.286
112941.176
35555.556
144905.66
213333.333
41967.213
57313.433
59534.884
60000.0
60472.441
60952.381
60000.0
59534.884
60000.0
60472.441
61440.0
60000.0
60952.381
60472.441
62439.024
60952.381
60000.0
61440.0
60472.441
61935.484
60952.381
61935.484
61440.0
61935.484
61440.0
60472.441
62439.024
60952.381
62439.024
61440.0
61440.0
62439.024
61440.0
63471.074
61935.484
64000.0
61440.0
62439.024
61935.484
61440.0
64537.815
63471.074
61935.484
64000.0
64537.815
63471.074
65084.746
64000.0
62439.024
64537.815
62950.82
61935.484
63471.074
63471.074
62950.82
64000.0
62950.82
62950.82
65084.746
64000.0
65084.746
64537.815
64537.815
66206.897
65084.746
66782.609
66206.897
65641.026
66206.897
65084.746
66782.609
65641.026
65641.026
65641.026
64537.815
66782.609
65641.026
64537.815
66782.609
65641.026
65084.746
66782.609
67368.421
66782.609
65641.026
66206.897
64537.815
63471.074
64537.815
63471.074
62439.024
63471.074
61935.484
63471.074
63471.074
61935.484
63471.074
61935.484
60952.381
61935.484
61440.0
62950.82
61440.0
61935.484
62439.024
60472.441
63471.074
61935.484
61935.484
62950.82
62439.024
63471.074
62950.82
108169.014
45988.024
54468.085
57744.361
60000.0
60000.0
61935.484
61440.0
62950.82
62439.024
62439.024
64000.0
64000.0
63471.074
65084.746
65084.746
103783.784
47407.407
57313.433
58181.818
60472.441
60472.441
61440.0
62439.024
103783.784
46265.06
55652.174
57744.361
60000.0
60000.0
61440.0
61935.484
60952.381
61935.484
61440.0
62439.024
61935.484
61935.484
62950.82
62950.82
61440.0
63471.074
64000.0
64537.815
62950.82
64000.0
63471.074
63471.074
63471.074
61935.484
64000.0
63471.074
62439.024
64000.0
63471.074
62950.82
65084.746
63471.074
65084.746
65641.026
64537.815
65084.746
65084.746
64000.0
65084.746
63471.074
62950.82
64537.815
62950.82
63471.074
62950.82
61440.0
62439.024
61935.484
61935.484
63471.074
63471.074
62439.024
64537.815
64000.0
64000.0
64000.0
62439.024
64000.0
62950.82
62439.024
64000.0
62439.024
63471.074
62950.82
61935.484
63471.074
62950.82
62439.024
62950.82
61440.0
63471.074
63471.074
61935.484
62950.82
61440.0
61440.0
61935.484
60952.381
62950.82
61440.0
62439.024
61935.484
62439.024
61935.484
61935.484
62950.82
61935.484
62950.82
62439.024
62950.82
62950.82
62950.82
64000.0
62950.82
103783.784
45714.286
55251.799
56058.394
58625.954
58625.954
60000.0
59534.884
60952.381
60952.381
60472.441
60952.381
60952.381
61935.484
61440.0
62439.024
61440.0
60952.381
61440.0
60472.441
61935.484
60472.441
60472.441
60952.381
60000.0
61440.0
60472.441
60472.441
60472.441
59534.884
60952.381
60000.0
60952.381
59534.884
60952.381
60000.0
60472.441
60952.381
59534.884
60952.381
60000.0
60472.441
60952.381
60952.381
62439.024
61440.0
64000.0
63471.074
62950.82
64000.0
108169.014
46265.06
55251.799
57313.433
59076.923
59534.884
60952.381
60472.441
108169.014
46265.06
55251.799
58625.954
59076.923
60472.441
60000.0
60952.381
60952.381
60952.381
61440.0
60000.0
61440.0
60952.381
61935.484
60952.381
62439.024
61935.484
62950.82
61935.484
62439.024
61935.484
62950.82
61935.484
63471.074
61440.0
63471.074
62439.024
62950.82
61935.484
63471.074
62439.024
63471.074
61935.484
64537.815
62439.024
65084.746
63471.074
63471.074
64537.815
62950.82
64537.815
62950.82
62950.82
63471.074
62439.024
64537.815
63471.074
63471.074
64537.815
64000.0
66206.897
64537.815
65641.026
65084.746
64537.815
67368.421
64537.815
66782.609
65641.026
67368.421
66206.897
65641.026
67368.421
65084.746
66782.609
64537.815
64000.0
65641.026
62950.82
65084.746
64000.0
64000.0
65084.746
63471.074
65084.746
64000.0
63471.074
64000.0
63471.074
64000.0
64000.0
65084.746
64537.815
64000.0
65641.026
63471.074
65084.746
62950.82
64000.0
61935.484
62439.024
62439.024
97215.19
45443.787
54084.507
55652.174
58181.818
58625.954
60000.0
59534.884
60472.441
59534.884
60472.441
60952.381
60952.381
60952.381
74563.107
50860.927
57313.433
60000.0
59534.884
60000.0
60000.0
59076.923
59534.884
59076.923
60952.381
60000.0
60472.441
60472.441
60472.441
60472.441
60000.0
61440.0
59534.884
60952.381
60952.381
61440.0
61440.0
60472.441
61935.484
60952.381
62439.024
60952.381
62439.024
61440.0
61935.484
61440.0
61935.484
62950.82
61935.484
62950.82
60952.381
60952.381
60952.381
60472.441
61935.484
60952.381
62950.82
61935.484
62439.024
62439.024
61440.0
63471.074
60952.381
62950.82
61440.0
62950.82
61440.0
60472.441
61935.484
60952.381
62439.024
60952.381
62950.82
60472.441
62950.82
61440.0
63471.074
61440.0
60952.381
62439.024
60472.441
62439.024
60952.381
61440.0
60472.441
59076.923
60952.381
59534.884
60952.381
59076.923
61440.0
59534.884
61935.484
61440.0
60952.381
60952.381
60000.0
61935.484
60472.441
62439.024
60472.441
61935.484
60472.441
62439.024
61935.484
62439.024
62950.82
61935.484
64537.815
62950.82
62950.82
62439.024
61935.484
63471.074
61935.484
63471.074
61935.484
62950.82
61935.484
62950.82
62439.024
61935.484
64537.815
61440.0
62439.024
61935.484
61935.484
63471.074
61440.0
64000.0
85333.333
47701.863
55652.174
59076.923
60000.0
60000.0
60952.381
60000.0
61440.0
60000.0
61935.484
60472.441
61935.484
61440.0
61935.484
61440.0
61935.484
61935.484
63471.074
60952.381
61935.484
61935.484
103783.784
45443.787
54468.085
56888.889
60000.0
59076.923
60472.441
60000.0
61935.484
61935.484
60952.381
61935.484
60952.381
63471.074
61935.484
60952.381
63471.074
61935.484
64537.815
62950.82
62950.82
64000.0
62950.82
63471.074
62439.024
60472.441
64000.0
61440.0
60472.441
60952.381
60472.441
81702.128
47116.564
53333.333
57313.433
57313.433
58181.818
58625.954
59534.884
59534.884
59076.923
59076.923
59076.923
101052.632
44393.064
54084.507
55652.174
57744.361
57744.361
59534.884
58181.818
59076.923
59534.884
60000.0
60000.0
59076.923
60000.0
60000.0
60472.441
60472.441
59076.923
60000.0
59076.923
60472.441
59534.884
60472.441
59076.923
60952.381
60000.0
60472.441
60000.0
59534.884
60952.381
59534.884
61440.0
60472.441
60000.0
61440.0
60472.441
61935.484
60952.381
62950.82
60472.441
61440.0
60952.381
59534.884
61935.484
60472.441
61935.484
61440.0
60000.0
62439.024
60952.381
60952.381
61935.484
60472.441
62950.82
60952.381
60472.441
61935.484
60472.441
62950.82
105205.479
44137.931
53706.294
56470.588
57744.361
58625.954
57744.361
58625.954
58625.954
59534.884
59534.884
58625.954
59534.884
59076.923
60472.441
59534.884
60472.441
60472.441
60952.381
105205.479
44393.064
54468.085
55652.174
58181.818
58181.818
60000.0
59076.923
60472.441
60472.441
60472.441
60952.381
60472.441
61440.0
60952.381
62950.82
61935.484
60472.441
62439.024
61440.0
60472.441
61935.484
106666.667
45176.471
54084.507
55251.799
57744.361
57313.433
58625.954
59076.923
60000.0
60000.0
59534.884
60000.0
59076.923
59534.884
59076.923
60472.441
59076.923
61440.0
59534.884
61935.484
60472.441
60000.0
61440.0
60000.0
62950.82
60952.381
62439.024
60952.381
60952.381
61935.484
60000.0
61935.484
60000.0
62950.82
59534.884
60952.381
60952.381
61935.484
61935.484
60952.381
62439.024
60952.381
59534.884
60472.441
58625.954
61440.0
59534.884
59534.884
60000.0
58625.954
60472.441
59534.884
60952.381
59534.884
59076.923
61935.484
60472.441
62439.024
60952.381
60952.381
63471.074
61440.0
61440.0
60472.441
60000.0
62439.024
60472.441
60472.441
61440.0
60472.441
62439.024
60952.381
60472.441
61935.484
60000.0
61935.484
60472.441
59534.884
62439.024
60952.381
61440.0
60472.441
59076.923
61440.0
59534.884
60952.381
60000.0
59534.884
60952.381
58625.954
60952.381
59076.923
60952.381
59534.884
60952.381
60000.0
59076.923
61935.484
59534.884
60952.381
60472.441
59076.923
61935.484
60472.441
59534.884
60952.381
59534.884
62439.024
60952.381
62439.024
60472.441
60472.441
60952.381
60000.0
61935.484
60952.381
60952.381
61935.484
60952.381
62950.82
61440.0
61440.0
61440.0
59534.884
61935.484
60952.381
61440.0
60472.441
60472.441
61935.484
60952.381
60952.381
61440.0
60000.0
61935.484
60472.441
59534.884
62439.024
60472.441
60472.441
60472.441
59534.884
61935.484
60472.441
60472.441
60952.381
58625.954
62439.024
60472.441
60000.0
61935.484
59076.923
62439.024
60000.0
61935.484
59534.884
59534.884
60472.441
60000.0
61935.484
60952.381
60472.441
61935.484
60000.0
62950.82
98461.538
43885.714
53706.294
54857.143
57744.361
57744.361
60000.0
58625.954
59534.884
60000.0
59076.923
59076.923
59534.884
60000.0
60472.441
59534.884
60472.441
59076.923
61440.0
60000.0
60000.0
60952.381
59076.923
61440.0
59534.884
59534.884
60952.381
59534.884
62439.024
60472.441
61440.0
60000.0
59076.923
61440.0
59534.884
103783.784
45714.286
51200.0
55652.174
56470.588
58181.818
58181.818
60000.0
60000.0
59534.884
59534.884
59534.884
60000.0
59076.923
60952.381
60000.0
59534.884
60472.441
60000.0
60952.381
61440.0
60472.441
60000.0
61935.484
60472.441
59534.884
61440.0
60000.0
61440.0
60000.0
60000.0
60952.381
59076.923
60952.381
59076.923
60000.0
59076.923
58625.954
60472.441
58625.954
61440.0
59534.884
59076.923
60952.381
58625.954
60000.0
60000.0
58181.818
61440.0
59534.884
59076.923
60000.0
59076.923
60952.381
59076.923
59076.923
59534.884
94814.815
45176.471
52965.517
54084.507
56888.889
56470.588
58181.818
58625.954
58181.818
58181.818
56888.889
58181.818
58181.818
59076.923
58625.954
57744.361
58625.954
58181.818
58625.954
59076.923
57313.433
59076.923
57313.433
58181.818
57313.433
57744.361
58181.818
58181.818
56888.889
57744.361
58625.954
58181.818
58625.954
57744.361
57744.361
57744.361
59076.923
59076.923
59076.923
59076.923
58625.954
58625.954
58625.954
59534.884
57744.361
58181.818
59076.923
58625.954
60000.0
58625.954
58181.818
59076.923
59534.884
60472.441
59076.923
59534.884
60000.0
58625.954
60952.381
59076.923
60000.0
75294.118
46545.455
53706.294
54857.143
56888.889
56888.889
57313.433
59076.923
59076.923
58181.818
57744.361
57744.361
56888.889
58181.818
57744.361
57744.361
58181.818
57744.361
58181.818
57744.361
59076.923
58625.954
59534.884
58625.954
59076.923
58625.954
58181.818
59076.923
57744.361
60472.441
58625.954
60000.0
59534.884
59534.884
59076.923
57744.361
60472.441
59534.884
59534.884
58625.954
105205.479
44393.064
53333.333
54084.507
56888.889
56470.588
57744.361
56888.889
58625.954
58625.954
57744.361
58181.818
58181.818
59534.884
59076.923
57313.433
58625.954
58181.818
59534.884
58625.954
58625.954
59076.923
58181.818
60000.0
59076.923
59076.923
59076.923
58181.818
60000.0
58625.954
57744.361
57313.433
56888.889
58625.954
58181.818
58625.954
57744.361
57744.361
59076.923
58625.954
59534.884
58625.954
58181.818
59534.884
59076.923
60000.0
59076.923
58181.818
60000.0
57744.361
60952.381
58181.818
59076.923
59076.923
58181.818
60952.381
59534.884
59534.884
59076.923
58181.818
60952.381
59076.923
58625.954
59076.923
59534.884
59076.923
58181.818
60952.381
59076.923
59534.884
58625.954
58181.818
59534.884
58181.818
60000.0
58625.954
59534.884
59534.884
57313.433
60472.441
58625.954
60000.0
58625.954
57313.433
60000.0
59076.923
59076.923
59534.884
60000.0
59534.884
58181.818
60952.381
59076.923
60000.0
59534.884
84395.604
44651.163
52602.74
54084.507
56058.394
55652.174
56888.889
56888.889
58181.818
58625.954
57744.361
58181.818
57313.433
58625.954
58181.818
59076.923
58625.954
57744.361
59076.923
57744.361
59534.884
58625.954
60952.381
59534.884
60472.441
59534.884
59534.884
60952.381
59534.884
61440.0
60472.441
60952.381
59076.923
59076.923
60472.441
58625.954
60952.381
60000.0
59534.884
60472.441
58181.818
60472.441
58625.954
58181.818
60472.441
58181.818
59076.923
58181.818
57313.433
58625.954
58181.818
59076.923
57744.361
57744.361
59534.884
57744.361
60952.381
58625.954
59534.884
59534.884
58181.818
60472.441
59534.884
61440.0
60000.0
60472.441
82580.645
45176.471
52602.74
54084.507
56470.588
56888.889
106666.667
192000.0
62950.82
48607.595
54857.143
55652.174
57744.361
58625.954
58625.954
59076.923
105205.479
44912.281
54084.507
56058.394
57313.433
59534.884
60000.0
59534.884
59076.923
58181.818
59534.884
59076.923
58181.818
58625.954
106666.667
45443.787
53333.333
54084.507
56058.394
56888.889
57744.361
58625.954
57744.361
58181.818
58181.818
58181.818
101052.632
43885.714
54084.507
54857.143
56888.889
57313.433
58181.818
58625.954
58181.818
57744.361
58181.818
58625.954
59534.884
58625.954
103783.784
45443.787
52965.517
56470.588
57744.361
59076.923
59534.884
59076.923
59076.923
59076.923
59076.923
58625.954
58181.818
56888.889
56888.889
57744.361
57313.433
56888.889
56888.889
57313.433
57313.433
57744.361
57744.361
56470.588
57744.361
56888.889
57744.361
57313.433
58181.818
57744.361
57313.433
58625.954
58181.818
58181.818
96000.0
44912.281
53706.294
54468.085
56888.889
57313.433
58181.818
58625.954
58625.954
57744.361
58181.818
58625.954
58625.954
58625.954
58181.818
58625.954
59534.884
59534.884
61935.484
60952.381
60472.441
62950.82
60952.381
60952.381
60472.441
59534.884
61440.0
60000.0
60952.381
59076.923
58625.954
99740.26
44651.163
51200.0
54084.507
54857.143
57313.433
57744.361
58625.954
59076.923
58181.818
58181.818
58625.954
83478.261
46829.268
52244.898
55652.174
56470.588
58181.818
58181.818
57313.433
58625.954
58181.818
58625.954
57744.361
58181.818
57744.361
57744.361
58625.954
58181.818
57313.433
57744.361
57313.433
58625.954
58181.818
58625.954
57744.361
91428.571
44912.281
51891.892
54468.085
55251.799
57313.433
58181.818
58625.954
59534.884
59076.923
60000.0
60472.441
60000.0
60952.381
60472.441
61440.0
61440.0
60000.0
61935.484
60000.0
58625.954
57744.361
56888.889
58181.818
58181.818
58181.818
56888.889
56470.588
58181.818
56888.889
58181.818
57313.433
58181.818
59534.884
59076.923
60000.0
59076.923
59076.923
60472.441
59076.923
60000.0
59534.884
60472.441
58625.954
59534.884
60472.441
58625.954
58625.954
57744.361
57313.433
59076.923
58625.954
57744.361
59076.923
57744.361
60000.0
58625.954
58181.818
60000.0
58625.954
103783.784
114626.866
33537.118
52602.74
53706.294
56058.394
56470.588
58181.818
57744.361
58181.818
57744.361
58181.818
58181.818
57744.361
57313.433
57744.361
58181.818
58625.954
58181.818
57313.433
