86705.202
87209.302
87209.302
86206.897
87719.298
88235.294
86206.897
89820.359
87719.298
88757.396
85714.286
89285.714
87719.298
87209.302
88235.294
87719.298
87719.298
88235.294
89820.359
88235.294
87209.302
87719.298
88757.396
88235.294
85714.286
89285.714
89285.714
89285.714
89285.714
85227.273
89820.359
88235.294
88235.294
89820.359
89285.714
85714.286
88757.396
89285.714
91463.415
85227.273
92024.54
87719.298
90361.446
89820.359
89285.714
88757.396
90361.446
90361.446
88757.396
89285.714
90361.446
89820.359
88757.396
89285.714
89820.359
89285.714
88235.294
88757.396
89285.714
88235.294
87719.298
88235.294
88235.294
88235.294
87209.302
86705.202
87209.302
87209.302
87209.302
85714.286
86206.897
86206.897
85714.286
85714.286
84745.763
85227.273
84269.663
84269.663
84269.663
84269.663
83333.333
83798.883
82872.928
83333.333
82872.928
82872.928
82872.928
81967.213
81967.213
81967.213
81967.213
81081.081
99337.748
71090.047
80213.904
80645.161
81521.739
81081.081
81521.739
82417.582
81967.213
81967.213
81967.213
81967.213
81967.213
82872.928
82417.582
82872.928
82872.928
83333.333
83798.883
83333.333
83333.333
83798.883
84269.663
84269.663
83333.333
84269.663
83798.883
85714.286
83798.883
84745.763
84745.763
86206.897
84269.663
85714.286
86206.897
86705.202
85714.286
86705.202
86206.897
86206.897
87209.302
86705.202
87719.298
89285.714
85714.286
87719.298
88757.396
88235.294
87209.302
87719.298
89820.359
87209.302
87719.298
89820.359
88757.396
87719.298
89285.714
89285.714
88757.396
88757.396
90361.446
88757.396
89285.714
88757.396
90361.446
89285.714
90909.091
88757.396
90361.446
90909.091
90361.446
89285.714
90361.446
92592.593
89285.714
90361.446
92592.593
89285.714
91463.415
92024.54
93167.702
88757.396
92024.54
93167.702
88757.396
96774.194
91463.415
92024.54
93750.0
92024.54
93167.702
92592.593
94339.623
92024.54
94936.709
92592.593
93750.0
94936.709
92592.593
94339.623
93750.0
94339.623
93167.702
94936.709
93167.702
94936.709
95541.401
93750.0
95541.401
92592.593
93750.0
92592.593
94339.623
93750.0
93167.702
94339.623
93167.702
93167.702
93167.702
93167.702
93167.702
91463.415
94936.709
92024.54
92592.593
92592.593
93167.702
92024.54
93167.702
92592.593
92024.54
91463.415
91463.415
95541.401
92592.593
91463.415
94339.623
93750.0
92024.54
93167.702
93167.702
92024.54
93167.702
92592.593
92592.593
92024.54
93167.702
93750.0
90361.446
92024.54
93167.702
93167.702
93167.702
92592.593
89820.359
92592.593
92024.54
92592.593
92024.54
94936.709
91463.415
92592.593
91463.415
92024.54
90361.446
93750.0
92024.54
92024.54
92024.54
92592.593
92592.593
94936.709
91463.415
93750.0
93167.702
93750.0
93167.702
92592.593
94339.623
94936.709
93167.702
93750.0
94339.623
93167.702
96153.846
93167.702
93167.702
96153.846
94339.623
95541.401
125000.0
77319.588
94936.709
93750.0
95541.401
94936.709
94339.623
92592.593
97402.597
96774.194
91463.415
97402.597
102739.726
90909.091
93750.0
99337.748
93750.0
94339.623
96774.194
96774.194
99337.748
94936.709
93750.0
96774.194
97402.597
97402.597
96774.194
96774.194
100671.141
97402.597
92592.593
98684.211
98039.216
94936.709
97402.597
95541.401
98039.216
97402.597
96153.846
97402.597
98039.216
96774.194
98039.216
97402.597
96153.846
96774.194
98039.216
96774.194
98039.216
98039.216
98039.216
97402.597
97402.597
98684.211
94936.709
96774.194
98039.216
96153.846
98684.211
97402.597
97402.597
96774.194
98039.216
94936.709
95541.401
97402.597
96774.194
97402.597
94936.709
94936.709
94936.709
96774.194
94339.623
94339.623
96153.846
95541.401
94936.709
94339.623
94339.623
95541.401
94936.709
93750.0
92592.593
94936.709
90909.091
93167.702
92592.593
92592.593
91463.415
92024.54
92592.593
93167.702
90909.091
91463.415
93167.702
90909.091
93750.0
90361.446
89820.359
92592.593
92592.593
90361.446
90909.091
89285.714
88235.294
96153.846
92024.54
89820.359
92024.54
93750.0
92592.593
90361.446
89820.359
91463.415
91463.415
91463.415
92592.593
92024.54
92024.54
93167.702
90909.091
94339.623
94339.623
91463.415
93167.702
97402.597
93750.0
92592.593
95541.401
96774.194
94936.709
94339.623
94936.709
96774.194
94936.709
97402.597
97402.597
93167.702
97402.597
97402.597
98039.216
96153.846
98684.211
93167.702
98039.216
95541.401
94936.709
99337.748
96153.846
98684.211
96153.846
96774.194
100000.0
95541.401
96774.194
96774.194
96153.846
96153.846
98684.211
94936.709
96774.194
98039.216
96774.194
98039.216
97402.597
96774.194
96774.194
98684.211
98684.211
98039.216
98039.216
98039.216
98684.211
98039.216
98039.216
98684.211
99337.748
98039.216
97402.597
99337.748
96774.194
99337.748
96774.194
99337.748
97402.597
97402.597
98039.216
98039.216
97402.597
98684.211
101351.351
94339.623
97402.597
96774.194
97402.597
96153.846
97402.597
96774.194
96774.194
96774.194
96774.194
96153.846
96774.194
96153.846
96774.194
96774.194
96153.846
95541.401
96153.846
95541.401
95541.401
94936.709
94936.709
95541.401
95541.401
93750.0
94339.623
94936.709
94936.709
94339.623
94936.709
92592.593
95541.401
93167.702
98684.211
89820.359
93167.702
96153.846
93750.0
92592.593
93750.0
94936.709
93750.0
94936.709
93750.0
94339.623
94936.709
94936.709
125000.0
174418.605
194805.195
125000.0
157894.737
148514.851
133928.571
161290.323
96153.846
101351.351
94936.709
94936.709
96774.194
97402.597
96774.194
97402.597
98684.211
92592.593
98039.216
98039.216
96774.194
94936.709
96774.194
95541.401
100000.0
94339.623
93750.0
100000.0
98039.216
100000.0
94339.623
94339.623
98039.216
101351.351
94339.623
98684.211
96774.194
96153.846
100671.141
96774.194
96153.846
96774.194
100671.141
97402.597
98039.216
102040.816
96774.194
96153.846
97402.597
102040.816
98039.216
100671.141
98684.211
144230.769
166666.667
133928.571
156250.0
189873.418
117187.5
97402.597
150000.0
168539.326
121951.22
107142.857
142857.143
166666.667
140186.916
129310.345
81081.081
96153.846
98039.216
100000.0
98684.211
99337.748
101351.351
96774.194
98684.211
99337.748
145631.068
174418.605
131578.947
96774.194
96774.194
145631.068
180722.892
141509.434
90361.446
144230.769
170454.545
164835.165
147058.824
153061.224
107913.669
100000.0
151515.152
170454.545
117187.5
104895.105
153061.224
157894.737
123966.942
101351.351
154639.175
163043.478
120000.0
106382.979
147058.824
164835.165
129310.345
96774.194
150000.0
161290.323
117187.5
102739.726
153061.224
156250.0
132743.363
94339.623
144230.769
161290.323
121951.22
100671.141
151515.152
176470.588
118110.236
94339.623
145631.068
159574.468
130434.783
95541.401
96774.194
145631.068
163043.478
138888.889
147058.824
340909.091
2076.987
4144.791
2382.087
833333.333
17835.91
384615.385
50505.051
52631.579
52264.808
55147.059
142857.143
172413.793
128205.128
192307.692
180722.892
137614.679
185185.185
93750.0
60728.745
136363.636
288461.538
4678.727
