77575.758
77575.758
76039.604
76039.604
101052.632
62439.024
74563.107
96000.0
62950.82
76039.604
76800.0
76039.604
77575.758
77575.758
78367.347
77575.758
105205.479
59534.884
73846.154
89302.326
66206.897
75294.118
76800.0
74563.107
77575.758
103783.784
62950.82
75294.118
74563.107
73846.154
75294.118
76039.604
74563.107
76039.604
76039.604
75294.118
76039.604
77575.758
76800.0
76039.604
91428.571
66206.897
76800.0
77575.758
76800.0
75294.118
78367.347
71111.111
88275.862
64000.0
88275.862
65641.026
96000.0
60472.441
73846.154
89302.326
61935.484
72452.83
81702.128
67368.421
76039.604
103783.784
56888.889
73142.857
92530.12
62950.82
73846.154
76039.604
76039.604
76800.0
99740.26
61935.484
77575.758
77575.758
76800.0
75294.118
101052.632
61440.0
75294.118
76039.604
75294.118
74563.107
102400.0
166956.522
48000.0
72452.83
105205.479
60000.0
76800.0
93658.537
69818.182
76039.604
79175.258
94814.815
66782.609
77575.758
76800.0
77575.758
76800.0
98461.538
62950.82
74563.107
75294.118
74563.107
76800.0
103783.784
60472.441
76039.604
77575.758
76800.0
76039.604
99740.26
64000.0
76800.0
77575.758
77575.758
77575.758
101052.632
61935.484
76039.604
76039.604
76800.0
76800.0
97215.19
64000.0
76800.0
78367.347
77575.758
76800.0
98461.538
64000.0
76800.0
77575.758
77575.758
77575.758
103783.784
142222.222
51200.0
78367.347
73846.154
111304.348
60472.441
77575.758
78367.347
114626.866
59076.923
98461.538
64000.0
72452.83
111304.348
59534.884
81702.128
71775.701
116363.636
58625.954
102400.0
61440.0
79175.258
77575.758
77575.758
78367.347
105205.479
61440.0
76800.0
94814.815
69189.189
73142.857
84395.604
71111.111
91428.571
67964.602
92530.12
64537.815
90352.941
61440.0
103783.784
59534.884
116363.636
101052.632
69189.189
52965.517
105205.479
147692.308
70458.716
57313.433
106666.667
56058.394
78367.347
93658.537
65641.026
62439.024
101052.632
56470.588
73142.857
94814.815
62950.82
75294.118
75294.118
76800.0
76039.604
103783.784
60952.381
76800.0
92530.12
65641.026
81702.128
71775.701
78367.347
111304.348
57313.433
76039.604
98461.538
63471.074
75294.118
76800.0
76800.0
76800.0
77575.758
76800.0
77575.758
103783.784
65641.026
70458.716
85333.333
71775.701
84395.604
96000.0
67368.421
66782.609
97215.19
65084.746
83478.261
71111.111
80000.0
105205.479
61440.0
71111.111
96000.0
62950.82
76039.604
75294.118
76039.604
75294.118
108169.014
59534.884
75294.118
94814.815
64537.815
75294.118
78367.347
75294.118
76039.604
103783.784
64000.0
70458.716
92530.12
61935.484
99740.26
71775.701
83478.261
97215.19
61935.484
54468.085
121904.762
61440.0
125901.639
63471.074
118153.846
62950.82
106666.667
96000.0
156734.694
49230.769
96000.0
65641.026
106666.667
63471.074
116363.636
66206.897
106666.667
65084.746
111304.348
65641.026
101052.632
66206.897
103783.784
64000.0
108169.014
62950.82
111304.348
91428.571
72452.83
60000.0
114626.866
62439.024
109714.286
101052.632
61440.0
64537.815
98461.538
61440.0
89302.326
66206.897
75294.118
73142.857
75294.118
74563.107
75294.118
108169.014
59076.923
73846.154
74563.107
74563.107
80000.0
103783.784
56058.394
71775.701
75294.118
71111.111
73142.857
102400.0
59076.923
74563.107
75294.118
76800.0
76039.604
102400.0
62439.024
76039.604
77575.758
76039.604
76800.0
105205.479
61440.0
74563.107
76039.604
74563.107
76039.604
76800.0
77575.758
76800.0
105205.479
60952.381
76039.604
76800.0
80842.105
73846.154
103783.784
61440.0
77575.758
76800.0
76800.0
76800.0
105205.479
61440.0
76039.604
94814.815
67964.602
72452.83
76800.0
77575.758
76039.604
102400.0
61440.0
75294.118
93658.537
64000.0
75294.118
74563.107
75294.118
75294.118
103783.784
59076.923
76039.604
98461.538
61440.0
75294.118
80000.0
73142.857
74563.107
101052.632
60952.381
72452.83
96000.0
59534.884
78367.347
66782.609
71775.701
74563.107
103783.784
59076.923
73846.154
93658.537
62439.024
76800.0
77575.758
77575.758
77575.758
99740.26
63471.074
76800.0
77575.758
76800.0
75294.118
76039.604
84395.604
71111.111
103783.784
60952.381
75294.118
76039.604
76039.604
74563.107
75294.118
75294.118
80842.105
71111.111
75294.118
74563.107
92530.12
62950.82
76800.0
71775.701
80842.105
71775.701
80000.0
73142.857
77575.758
73142.857
75294.118
73846.154
71111.111
71775.701
72452.83
106666.667
56470.588
73846.154
73846.154
75294.118
75294.118
105205.479
59534.884
73846.154
98461.538
62439.024
76039.604
79175.258
74563.107
76800.0
101052.632
160000.0
49230.769
125901.639
55251.799
76800.0
99740.26
66206.897
84395.604
73846.154
77575.758
78367.347
76039.604
75294.118
80000.0
103783.784
63471.074
69818.182
97215.19
109714.286
56470.588
71111.111
83478.261
69818.182
80000.0
103783.784
63471.074
69818.182
98461.538
60952.381
90352.941
67368.421
74563.107
76039.604
76800.0
76800.0
102400.0
144905.66
50526.316
75294.118
76039.604
99740.26
139636.364
50860.927
75294.118
79175.258
108169.014
62439.024
80000.0
85333.333
73142.857
75294.118
116363.636
59534.884
78367.347
72452.83
108169.014
60000.0
106666.667
60472.441
87272.727
68571.429
123870.968
55251.799
106666.667
57744.361
90352.941
65641.026
118153.846
55652.174
103783.784
60000.0
73846.154
96000.0
64537.815
70458.716
93658.537
65641.026
80000.0
73846.154
77575.758
76800.0
101052.632
63471.074
75294.118
93658.537
65084.746
74563.107
81702.128
71775.701
81702.128
69818.182
111304.348
55652.174
71775.701
94814.815
60000.0
74563.107
73142.857
74563.107
74563.107
73846.154
73846.154
75294.118
105205.479
59534.884
74563.107
75294.118
75294.118
73846.154
75294.118
75294.118
75294.118
72452.83
80842.105
67368.421
91428.571
64000.0
75294.118
76800.0
75294.118
76800.0
76800.0
73142.857
75294.118
75294.118
73846.154
73846.154
106666.667
56888.889
74563.107
73846.154
75294.118
76039.604
76039.604
76800.0
76800.0
76039.604
75294.118
76039.604
105205.479
60952.381
74563.107
75294.118
76800.0
76800.0
103783.784
60472.441
75294.118
94814.815
65084.746
75294.118
90352.941
65641.026
77575.758
74563.107
73846.154
75294.118
75294.118
76800.0
75294.118
75294.118
73142.857
71775.701
76039.604
137142.857
174545.455
170666.667
102400.0
59076.923
101052.632
59534.884
87272.727
60000.0
82580.645
65084.746
72452.83
74563.107
75294.118
77575.758
105205.479
61935.484
76039.604
94814.815
67368.421
76800.0
78367.347
79175.258
78367.347
101052.632
65641.026
76800.0
76039.604
76800.0
78367.347
102400.0
61440.0
74563.107
99740.26
60472.441
81702.128
68571.429
86292.135
66206.897
106666.667
61935.484
84395.604
68571.429
84395.604
68571.429
105205.479
60952.381
75294.118
98461.538
61935.484
74563.107
91428.571
63471.074
74563.107
73846.154
74563.107
75294.118
102400.0
60472.441
75294.118
97215.19
63471.074
76800.0
76800.0
75294.118
79175.258
101052.632
60952.381
76800.0
93658.537
66206.897
77575.758
78367.347
77575.758
76800.0
105205.479
61440.0
76039.604
76800.0
76800.0
78367.347
102400.0
147692.308
49870.13
80842.105
73846.154
102400.0
63471.074
66782.609
99740.26
156734.694
47407.407
71111.111
80842.105
106666.667
58625.954
106666.667
62950.82
68571.429
98461.538
61935.484
80000.0
70458.716
82580.645
69818.182
76039.604
71111.111
73142.857
103783.784
56888.889
73846.154
73846.154
73142.857
73846.154
73846.154
73846.154
75294.118
75294.118
74563.107
74563.107
73846.154
76039.604
75294.118
72452.83
72452.83
75294.118
73846.154
71775.701
74563.107
105205.479
58625.954
73846.154
93658.537
62439.024
75294.118
76039.604
75294.118
78367.347
76039.604
73846.154
73846.154
102400.0
60952.381
72452.83
75294.118
74563.107
73142.857
103783.784
60952.381
71775.701
97215.19
60472.441
73142.857
93658.537
64537.815
76039.604
77575.758
80000.0
79175.258
99740.26
64537.815
76039.604
77575.758
77575.758
76800.0
102400.0
62439.024
76800.0
78367.347
77575.758
76039.604
103783.784
60952.381
75294.118
97215.19
63471.074
74563.107
76800.0
76039.604
76800.0
102400.0
62439.024
74563.107
93658.537
142222.222
50526.316
73846.154
80000.0
74563.107
102400.0
66206.897
76800.0
77575.758
77575.758
75294.118
103783.784
60000.0
82580.645
69189.189
87272.727
67964.602
103783.784
61935.484
98461.538
101052.632
66206.897
60472.441
103783.784
64000.0
101052.632
64000.0
118153.846
63471.074
112941.176
64000.0
109714.286
64537.815
106666.667
99740.26
71775.701
62439.024
98461.538
64537.815
93658.537
65084.746
101052.632
62950.82
91428.571
64000.0
94814.815
63471.074
88275.862
63471.074
106666.667
56888.889
85333.333
62950.82
71775.701
70458.716
72452.83
73846.154
73846.154
73846.154
106666.667
56470.588
73142.857
74563.107
75294.118
75294.118
105205.479
147692.308
49870.13
76039.604
105205.479
62439.024
77575.758
80000.0
78367.347
80000.0
79175.258
77575.758
77575.758
102400.0
60952.381
76039.604
74563.107
73846.154
75294.118
102400.0
144905.66
88275.862
53706.294
92530.12
150588.235
62439.024
59076.923
84395.604
65641.026
73142.857
102400.0
160000.0
50196.078
75294.118
80842.105
101052.632
63471.074
78367.347
80000.0
79175.258
79175.258
101052.632
65641.026
77575.758
76800.0
77575.758
76800.0
102400.0
60952.381
74563.107
98461.538
62439.024
84395.604
70458.716
83478.261
71775.701
103783.784
163404.255
47701.863
71775.701
73846.154
73142.857
80000.0
69818.182
78367.347
71111.111
106666.667
160000.0
47701.863
114626.866
53333.333
73846.154
102400.0
61440.0
74563.107
76039.604
78367.347
77575.758
77575.758
77575.758
83478.261
71775.701
81702.128
67964.602
106666.667
54468.085
92530.12
62950.82
86292.135
62439.024
106666.667
160000.0
48301.887
70458.716
106666.667
58181.818
76039.604
97215.19
65084.746
76800.0
76800.0
76800.0
76039.604
102400.0
67964.602
67964.602
90352.941
64537.815
80842.105
71775.701
75294.118
76800.0
103783.784
60472.441
76039.604
76800.0
77575.758
78367.347
103783.784
60000.0
76800.0
90352.941
65641.026
75294.118
76800.0
76039.604
74563.107
105205.479
59076.923
69818.182
98461.538
59076.923
73846.154
90352.941
64537.815
73846.154
75294.118
73846.154
74563.107
103783.784
57744.361
73846.154
97215.19
61440.0
74563.107
74563.107
76039.604
76800.0
76039.604
75294.118
81702.128
103783.784
56058.394
70458.716
97215.19
60952.381
74563.107
76800.0
76800.0
76800.0
97215.19
64537.815
77575.758
77575.758
76800.0
78367.347
102400.0
60952.381
76800.0
75294.118
76800.0
76039.604
76800.0
75294.118
76800.0
72452.83
80000.0
67368.421
94814.815
60472.441
83478.261
66782.609
80842.105
70458.716
105205.479
170666.667
47701.863
72452.83
105205.479
58181.818
77575.758
73846.154
76800.0
78367.347
101052.632
160000.0
49548.387
109714.286
60952.381
73142.857
80000.0
116363.636
60472.441
98461.538
67964.602
77575.758
78367.347
132413.793
58625.954
92530.12
71775.701
70458.716
101052.632
66782.609
98461.538
66782.609
123870.968
57744.361
91428.571
68571.429
97215.19
67964.602
106666.667
61440.0
98461.538
66206.897
103783.784
64000.0
103783.784
62439.024
98461.538
55652.174
125901.639
59076.923
112941.176
61440.0
108169.014
67964.602
99740.26
68571.429
99740.26
70458.716
102400.0
71775.701
102400.0
73846.154
96000.0
73142.857
106666.667
73846.154
99740.26
75294.118
103783.784
74563.107
108169.014
73846.154
108169.014
73846.154
111304.348
73846.154
105205.479
74563.107
112941.176
72452.83
118153.846
72452.83
128000.0
71775.701
134736.842
71775.701
134736.842
72452.83
134736.842
70458.716
81702.128
83478.261
82580.645
101052.632
73142.857
121904.762
71111.111
81702.128
94814.815
76039.604
121904.762
71775.701
139636.364
71775.701
79175.258
105205.479
67964.602
111304.348
71775.701
134736.842
71775.701
132413.793
70458.716
79175.258
84395.604
108169.014
82580.645
72452.83
123870.968
72452.83
120000.0
72452.83
130169.492
71775.701
137142.857
72452.83
132413.793
72452.83
80000.0
84395.604
85333.333
97215.19
79175.258
139636.364
73142.857
88275.862
79175.258
83478.261
120000.0
88275.862
102400.0
71775.701
139636.364
71111.111
80842.105
97215.19
74563.107
142222.222
71775.701
80842.105
84395.604
132413.793
67368.421
77575.758
112941.176
74563.107
132413.793
73142.857
132413.793
73142.857
137142.857
72452.83
139636.364
73846.154
137142.857
73846.154
139636.364
72452.83
80000.0
116363.636
71111.111
81702.128
88275.862
84395.604
134736.842
72452.83
83478.261
116363.636
73846.154
116363.636
76800.0
76039.604
130169.492
73142.857
142222.222
73142.857
81702.128
85333.333
84395.604
111304.348
75294.118
123870.968
71775.701
137142.857
73142.857
142222.222
73846.154
125901.639
71111.111
137142.857
72452.83
132413.793
73142.857
142222.222
72452.83
142222.222
72452.83
137142.857
73142.857
82580.645
88275.862
80000.0
111304.348
76039.604
118153.846
73142.857
142222.222
72452.83
134736.842
73846.154
82580.645
108169.014
71111.111
134736.842
97215.19
99740.26
121904.762
98461.538
69818.182
105205.479
74563.107
75294.118
137142.857
73846.154
134736.842
76039.604
137142.857
72452.83
139636.364
74563.107
81702.128
112941.176
99740.26
98461.538
71775.701
81702.128
102400.0
103783.784
66782.609
105205.479
480000.0
88275.862
108169.014
78367.347
256000.0
256000.0
274285.714
103783.784
144905.66
80842.105
134736.842
75294.118
163404.255
2560000.0
105205.479
295384.615
86292.135
109714.286
78367.347
112941.176
106666.667
93658.537
79175.258
134736.842
81702.128
139636.364
82580.645
87272.727
92530.12
91428.571
106666.667
85333.333
106666.667
86292.135
118153.846
76800.0
90352.941
90352.941
134736.842
86292.135
74563.107
88275.862
99740.26
85333.333
125901.639
76800.0
87272.727
89302.326
109714.286
85333.333
80000.0
142222.222
78367.347
142222.222
77575.758
83478.261
112941.176
76039.604
142222.222
76800.0
81702.128
86292.135
85333.333
144905.66
76800.0
82580.645
83478.261
84395.604
97215.19
77575.758
112941.176
74563.107
130169.492
73846.154
130169.492
99740.26
89302.326
71111.111
116363.636
73846.154
134736.842
101052.632
86292.135
76800.0
2560000.0
132413.793
142222.222
144905.66
120000.0
76800.0
134736.842
80000.0
139636.364
73846.154
128000.0
80842.105
137142.857
247741.935
114626.866
134736.842
80000.0
256000.0
295384.615
320000.0
105205.479
139636.364
82580.645
144905.66
81702.128
147692.308
82580.645
147692.308
84395.604
144905.66
81702.128
89302.326
102400.0
111304.348
111304.348
82580.645
89302.326
112941.176
86292.135
153600.0
82580.645
91428.571
105205.479
111304.348
111304.348
80842.105
93658.537
102400.0
92530.12
144905.66
80842.105
91428.571
118153.846
82580.645
128000.0
81702.128
97215.19
98461.538
97215.19
121904.762
83478.261
94814.815
101052.632
94814.815
137142.857
80842.105
93658.537
98461.538
93658.537
130169.492
80842.105
144905.66
80842.105
92530.12
94814.815
94814.815
120000.0
82580.645
94814.815
96000.0
94814.815
130169.492
81702.128
94814.815
103783.784
112941.176
111304.348
137142.857
62439.024
99740.26
114626.866
108169.014
93658.537
284444.444
264827.586
78367.347
256000.0
128000.0
284444.444
166956.522
88275.862
232727.273
274285.714
128000.0
219428.571
142222.222
284444.444
106666.667
274285.714
128000.0
307200.0
132413.793
274285.714
142222.222
274285.714
142222.222
284444.444
139636.364
320000.0
256000.0
76800.0
92530.12
98461.538
170666.667
232727.273
123870.968
80000.0
97215.19
98461.538
92530.12
147692.308
81702.128
96000.0
94814.815
97215.19
142222.222
82580.645
91428.571
101052.632
98461.538
123870.968
82580.645
108169.014
88275.862
94814.815
142222.222
80842.105
121904.762
85333.333
108169.014
118153.846
81702.128
92530.12
130169.492
79175.258
105205.479
123870.968
132413.793
77575.758
109714.286
69189.189
94814.815
105205.479
128000.0
75294.118
93658.537
114626.866
83478.261
123870.968
80000.0
109714.286
87272.727
94814.815
128000.0
84395.604
99740.26
99740.26
93658.537
156734.694
83478.261
98461.538
114626.866
87272.727
109714.286
89302.326
96000.0
144905.66
81702.128
98461.538
109714.286
88275.862
98461.538
99740.26
94814.815
256000.0
295384.615
82580.645
97215.19
98461.538
98461.538
144905.66
80842.105
98461.538
98461.538
111304.348
111304.348
130169.492
101052.632
79175.258
130169.492
90352.941
77575.758
96000.0
96000.0
96000.0
142222.222
80842.105
93658.537
103783.784
112941.176
114626.866
134736.842
64000.0
116363.636
82580.645
97215.19
92530.12
94814.815
134736.842
80842.105
112941.176
80842.105
93658.537
156734.694
79175.258
91428.571
123870.968
82580.645
94814.815
106666.667
108169.014
121904.762
82580.645
91428.571
118153.846
81702.128
96000.0
98461.538
94814.815
130169.492
82580.645
147692.308
83478.261
92530.12
97215.19
99740.26
121904.762
82580.645
111304.348
85333.333
118153.846
451764.706
147692.308
82580.645
93658.537
102400.0
106666.667
125901.639
85333.333
320000.0
144905.66
108169.014
84395.604
139636.364
83478.261
96000.0
112941.176
108169.014
121904.762
84395.604
94814.815
125901.639
86292.135
98461.538
98461.538
99740.26
144905.66
82580.645
103783.784
137142.857
142222.222
91428.571
80842.105
96000.0
116363.636
86292.135
98461.538
101052.632
97215.19
153600.0
82580.645
96000.0
121904.762
83478.261
97215.19
109714.286
88275.862
96000.0
101052.632
108169.014
116363.636
81702.128
99740.26
109714.286
89302.326
153600.0
108169.014
78367.347
99740.26
98461.538
147692.308
83478.261
94814.815
112941.176
101052.632
147692.308
77575.758
97215.19
102400.0
101052.632
123870.968
87272.727
112941.176
91428.571
99740.26
156734.694
84395.604
98461.538
121904.762
89302.326
101052.632
102400.0
98461.538
150588.235
85333.333
116363.636
101052.632
91428.571
103783.784
130169.492
82580.645
144905.66
88275.862
103783.784
99740.26
103783.784
142222.222
87272.727
105205.479
116363.636
264827.586
147692.308
160000.0
91428.571
102400.0
264827.586
256000.0
92530.12
106666.667
108169.014
121904.762
130169.492
92530.12
106666.667
128000.0
97215.19
109714.286
108169.014
264827.586
182857.143
156734.694
94814.815
105205.479
130169.492
98461.538
106666.667
108169.014
112941.176
295384.615
365714.286
97215.19
106666.667
132413.793
98461.538
109714.286
112941.176
111304.348
156734.694
108169.014
97215.19
130169.492
101052.632
109714.286
384000.0
156734.694
123870.968
264827.586
247741.935
118153.846
153600.0
106666.667
307200.0
139636.364
137142.857
116363.636
93658.537
121904.762
111304.348
163404.255
99740.26
106666.667
139636.364
98461.538
111304.348
166956.522
101052.632
106666.667
111304.348
123870.968
132413.793
98461.538
112941.176
130169.492
102400.0
112941.176
112941.176
112941.176
160000.0
98461.538
111304.348
139636.364
99740.26
111304.348
128000.0
116363.636
139636.364
99740.26
111304.348
144905.66
97215.19
111304.348
123870.968
103783.784
111304.348
109714.286
112941.176
144905.66
98461.538
111304.348
120000.0
103783.784
166956.522
97215.19
108169.014
137142.857
97215.19
109714.286
114626.866
106666.667
166956.522
160000.0
142222.222
91428.571
103783.784
130169.492
96000.0
114626.866
108169.014
103783.784
166956.522
118153.846
88275.862
130169.492
96000.0
116363.636
121904.762
94814.815
139636.364
96000.0
114626.866
132413.793
89302.326
142222.222
93658.537
109714.286
118153.846
103783.784
163404.255
94814.815
108169.014
160000.0
92530.12
108169.014
111304.348
120000.0
130169.492
94814.815
109714.286
118153.846
102400.0
163404.255
93658.537
106666.667
132413.793
106666.667
96000.0
108169.014
109714.286
137142.857
94814.815
108169.014
109714.286
114626.866
130169.492
96000.0
108169.014
118153.846
102400.0
166956.522
96000.0
103783.784
132413.793
94814.815
108169.014
106666.667
109714.286
132413.793
94814.815
108169.014
106666.667
106666.667
144905.66
109714.286
92530.12
111304.348
112941.176
144905.66
92530.12
103783.784
128000.0
94814.815
166956.522
89302.326
103783.784
121904.762
112941.176
128000.0
93658.537
1920000.0
274285.714
156734.694
112941.176
320000.0
132413.793
174545.455
307200.0
125901.639
295384.615
147692.308
137142.857
94814.815
333913.043
333913.043
92530.12
102400.0
120000.0
105205.479
134736.842
90352.941
112941.176
102400.0
109714.286
139636.364
93658.537
121904.762
698181.818
125901.639
96000.0
137142.857
96000.0
160000.0
94814.815
108169.014
109714.286
111304.348
144905.66
90352.941
116363.636
101052.632
109714.286
130169.492
111304.348
132413.793
90352.941
106666.667
116363.636
96000.0
160000.0
91428.571
98461.538
125901.639
94814.815
160000.0
87272.727
102400.0
121904.762
94814.815
98461.538
108169.014
103783.784
147692.308
87272.727
118153.846
94814.815
106666.667
121904.762
94814.815
156734.694
90352.941
101052.632
284444.444
192000.0
108169.014
132413.793
87272.727
105205.479
116363.636
97215.19
142222.222
92530.12
103783.784
118153.846
96000.0
120000.0
116363.636
120000.0
89302.326
105205.479
105205.479
103783.784
153600.0
91428.571
106666.667
103783.784
182857.143
91428.571
101052.632
142222.222
93658.537
106666.667
106666.667
106666.667
144905.66
92530.12
106666.667
109714.286
103783.784
134736.842
92530.12
123870.968
93658.537
108169.014
160000.0
86292.135
108169.014
121904.762
97215.19
156734.694
92530.12
106666.667
111304.348
99740.26
160000.0
89302.326
103783.784
111304.348
105205.479
150588.235
87272.727
109714.286
105205.479
106666.667
144905.66
93658.537
156734.694
96000.0
99740.26
130169.492
96000.0
163404.255
88275.862
114626.866
116363.636
94814.815
163404.255
90352.941
108169.014
112941.176
121904.762
139636.364
87272.727
120000.0
99740.26
98461.538
163404.255
88275.862
103783.784
125901.639
92530.12
103783.784
114626.866
96000.0
139636.364
87272.727
105205.479
109714.286
101052.632
156734.694
87272.727
106666.667
125901.639
89302.326
105205.479
103783.784
103783.784
284444.444
240000.0
91428.571
156734.694
88275.862
132413.793
451764.706
163404.255
480000.0
295384.615
121904.762
320000.0
147692.308
320000.0
144905.66
320000.0
156734.694
153600.0
89302.326
102400.0
225882.353
264827.586
307200.0
137142.857
160000.0
90352.941
103783.784
118153.846
96000.0
163404.255
87272.727
102400.0
125901.639
90352.941
295384.615
163404.255
103783.784
105205.479
147692.308
89302.326
106666.667
130169.492
84395.604
160000.0
88275.862
103783.784
103783.784
105205.479
134736.842
93658.537
163404.255
89302.326
102400.0
134736.842
91428.571
105205.479
108169.014
103783.784
123870.968
96000.0
160000.0
90352.941
103783.784
108169.014
114626.866
295384.615
274285.714
87272.727
105205.479
125901.639
91428.571
160000.0
87272.727
103783.784
118153.846
99740.26
160000.0
89302.326
103783.784
128000.0
91428.571
163404.255
89302.326
106666.667
118153.846
94814.815
160000.0
90352.941
103783.784
109714.286
295384.615
153600.0
147692.308
88275.862
121904.762
92530.12
103783.784
150588.235
89302.326
101052.632
106666.667
102400.0
139636.364
86292.135
121904.762
92530.12
98461.538
137142.857
88275.862
163404.255
87272.727
142222.222
82580.645
128000.0
102400.0
89302.326
132413.793
83478.261
102400.0
134736.842
89302.326
128000.0
83478.261
102400.0
120000.0
91428.571
160000.0
87272.727
98461.538
123870.968
114626.866
120000.0
123870.968
147692.308
85333.333
144905.66
77575.758
91428.571
163404.255
83478.261
99740.26
116363.636
89302.326
156734.694
84395.604
109714.286
111304.348
80000.0
98461.538
99740.26
101052.632
125901.639
87272.727
96000.0
101052.632
99740.26
99740.26
112941.176
103783.784
83478.261
98461.538
101052.632
121904.762
88275.862
91428.571
123870.968
307200.0
116363.636
284444.444
247741.935
85333.333
274285.714
264827.586
84395.604
295384.615
264827.586
85333.333
284444.444
284444.444
83478.261
320000.0
284444.444
295384.615
114626.866
147692.308
84395.604
320000.0
240000.0
89302.326
144905.66
333913.043
120000.0
142222.222
333913.043
102400.0
101052.632
103783.784
101052.632
132413.793
295384.615
182857.143
83478.261
320000.0
3840000.0
284444.444
274285.714
111304.348
105205.479
295384.615
134736.842
166956.522
84395.604
108169.014
284444.444
166956.522
698181.818
640000.0
150588.235
125901.639
91428.571
153600.0
87272.727
101052.632
118153.846
93658.537
160000.0
120000.0
160000.0
87272.727
295384.615
166956.522
118153.846
90352.941
156734.694
120000.0
156734.694
86292.135
111304.348
99740.26
94814.815
156734.694
86292.135
102400.0
125901.639
93658.537
150588.235
90352.941
103783.784
114626.866
99740.26
166956.522
85333.333
103783.784
118153.846
94814.815
147692.308
90352.941
102400.0
105205.479
102400.0
156734.694
114626.866
79175.258
99740.26
118153.846
112941.176
86292.135
150588.235
87272.727
99740.26
112941.176
92530.12
156734.694
88275.862
98461.538
125901.639
90352.941
150588.235
89302.326
99740.26
120000.0
89302.326
98461.538
101052.632
99740.26
130169.492
86292.135
130169.492
320000.0
106666.667
98461.538
150588.235
83478.261
97215.19
120000.0
88275.862
97215.19
98461.538
98461.538
130169.492
80842.105
284444.444
232727.273
114626.866
178604.651
62950.82
132413.793
83478.261
153600.0
103783.784
105205.479
81702.128
139636.364
84395.604
142222.222
86292.135
274285.714
295384.615
84395.604
142222.222
84395.604
139636.364
83478.261
99740.26
97215.19
295384.615
202105.263
97215.19
134736.842
128000.0
68571.429
97215.19
114626.866
88275.862
153600.0
128000.0
147692.308
77575.758
90352.941
142222.222
128000.0
65641.026
116363.636
106666.667
77575.758
96000.0
105205.479
98461.538
134736.842
96000.0
80000.0
96000.0
99740.26
97215.19
137142.857
320000.0
102400.0
109714.286
93658.537
147692.308
79175.258
93658.537
106666.667
87272.727
142222.222
80842.105
134736.842
307200.0
108169.014
87272.727
128000.0
84395.604
147692.308
80000.0
274285.714
295384.615
84395.604
274285.714
295384.615
83478.261
97215.19
96000.0
99740.26
98461.538
130169.492
98461.538
80842.105
94814.815
116363.636
81702.128
130169.492
76800.0
118153.846
82580.645
137142.857
79175.258
92530.12
174545.455
219428.571
264827.586
137142.857
93658.537
134736.842
307200.0
98461.538
307200.0
137142.857
307200.0
166956.522
142222.222
83478.261
307200.0
187317.073
320000.0
120000.0
320000.0
108169.014
307200.0
240000.0
81702.128
307200.0
307200.0
2560000.0
320000.0
111304.348
144905.66
83478.261
284444.444
240000.0
295384.615
121904.762
160000.0
82580.645
274285.714
153600.0
99740.26
256000.0
163404.255
132413.793
85333.333
98461.538
284444.444
156734.694
284444.444
153600.0
116363.636
91428.571
256000.0
295384.615
83478.261
137142.857
76039.604
96000.0
284444.444
219428.571
86292.135
160000.0
295384.615
111304.348
130169.492
320000.0
121904.762
84395.604
274285.714
320000.0
80000.0
96000.0
94814.815
97215.19
97215.19
120000.0
83478.261
274285.714
137142.857
150588.235
80842.105
128000.0
76800.0
96000.0
123870.968
111304.348
103783.784
77575.758
93658.537
96000.0
93658.537
108169.014
87272.727
112941.176
86292.135
128000.0
111304.348
91428.571
76800.0
150588.235
76039.604
160000.0
94814.815
120000.0
76800.0
264827.586
284444.444
87272.727
142222.222
132413.793
130169.492
130169.492
132413.793
137142.857
123870.968
123870.968
114626.866
120000.0
92530.12
128000.0
132413.793
99740.26
68571.429
81702.128
123870.968
71775.701
160000.0
97215.19
66206.897
88275.862
91428.571
121904.762
73142.857
116363.636
112941.176
91428.571
74563.107
134736.842
77575.758
137142.857
76800.0
264827.586
320000.0
78367.347
134736.842
79175.258
128000.0
79175.258
137142.857
77575.758
147692.308
75294.118
256000.0
295384.615
78367.347
153600.0
76039.604
274285.714
295384.615
77575.758
139636.364
80000.0
284444.444
320000.0
284444.444
105205.479
137142.857
79175.258
90352.941
91428.571
94814.815
96000.0
86292.135
125901.639
78367.347
264827.586
307200.0
74563.107
88275.862
91428.571
91428.571
91428.571
101052.632
85333.333
93658.537
103783.784
84395.604
121904.762
90352.941
109714.286
73142.857
87272.727
109714.286
77575.758
109714.286
81702.128
114626.866
118153.846
90352.941
75294.118
132413.793
75294.118
132413.793
67368.421
87272.727
112941.176
139636.364
59534.884
88275.862
97215.19
85333.333
116363.636
79175.258
137142.857
75294.118
134736.842
75294.118
147692.308
256000.0
105205.479
147692.308
76039.604
125901.639
76800.0
142222.222
76800.0
132413.793
75294.118
123870.968
76800.0
144905.66
74563.107
91428.571
93658.537
91428.571
93658.537
101052.632
84395.604
89302.326
108169.014
78367.347
109714.286
79175.258
106666.667
80842.105
130169.492
76800.0
121904.762
76800.0
128000.0
74563.107
128000.0
72452.83
86292.135
98461.538
116363.636
72452.83
123870.968
71775.701
130169.492
71775.701
120000.0
73846.154
130169.492
71775.701
120000.0
74563.107
139636.364
73142.857
128000.0
75294.118
125901.639
76800.0
120000.0
76039.604
125901.639
71111.111
137142.857
