66206.897
68571.429
69818.182
66206.897
68571.429
69818.182
70458.716
71111.111
70458.716
71111.111
69818.182
61440.0
63471.074
65084.746
63471.074
65641.026
65641.026
67368.421
68571.429
66206.897
64000.0
65641.026
69189.189
66206.897
65084.746
67368.421
65084.746
61935.484
65084.746
66206.897
65084.746
63471.074
61935.484
62950.82
64537.815
66206.897
66206.897
65641.026
69189.189
71775.701
71775.701
71775.701
70458.716
71111.111
70458.716
71111.111
72452.83
73142.857
72452.83
69818.182
69189.189
70458.716
70458.716
69818.182
70458.716
69818.182
70458.716
60952.381
62439.024
64000.0
67368.421
69189.189
67964.602
69189.189
69189.189
69189.189
69818.182
69189.189
72452.83
73142.857
73142.857
73846.154
74563.107
73846.154
73846.154
73142.857
71775.701
71775.701
73142.857
74563.107
74563.107
72452.83
71775.701
71111.111
69189.189
69818.182
69818.182
69189.189
69189.189
69818.182
70458.716
68571.429
70458.716
72452.83
71775.701
72452.83
73846.154
73142.857
73846.154
72452.83
71775.701
70458.716
70458.716
72452.83
71775.701
70458.716
67964.602
67368.421
69189.189
70458.716
69818.182
72452.83
73142.857
73142.857
74563.107
73846.154
72452.83
98461.538
56058.394
71775.701
75294.118
75294.118
74563.107
71111.111
63471.074
67964.602
65641.026
66206.897
69818.182
71111.111
69189.189
67964.602
71111.111
73142.857
72452.83
69189.189
65641.026
65084.746
66206.897
69189.189
67964.602
66782.609
68571.429
65084.746
61440.0
65084.746
65084.746
63471.074
62439.024
61440.0
61935.484
62950.82
64000.0
65641.026
60472.441
59534.884
59534.884
59534.884
59534.884
61935.484
61935.484
62439.024
63471.074
66782.609
67964.602
69818.182
71111.111
67368.421
62439.024
60472.441
56470.588
57313.433
58181.818
60000.0
61935.484
63471.074
62950.82
64000.0
65084.746
64537.815
64000.0
64537.815
64537.815
63471.074
66206.897
67964.602
65641.026
67368.421
66782.609
65084.746
64537.815
64000.0
63471.074
64537.815
64000.0
68571.429
65084.746
61935.484
62439.024
62950.82
63471.074
63471.074
64537.815
64000.0
62950.82
61935.484
62950.82
62950.82
62950.82
66206.897
65084.746
63471.074
63471.074
66206.897
67368.421
64000.0
64000.0
63471.074
62950.82
61440.0
62950.82
64000.0
65641.026
65641.026
65641.026
66206.897
67964.602
68571.429
67964.602
68571.429
69189.189
66782.609
60952.381
62439.024
64000.0
66782.609
96000.0
50196.078
64537.815
69189.189
68571.429
69189.189
70458.716
68571.429
66206.897
65641.026
66782.609
66782.609
67964.602
67368.421
65084.746
64000.0
66206.897
102400.0
49548.387
69818.182
70458.716
69818.182
67964.602
63471.074
62439.024
59534.884
60000.0
60952.381
61935.484
62439.024
66782.609
65641.026
63471.074
62950.82
64000.0
63471.074
60472.441
61935.484
62950.82
67368.421
65084.746
64537.815
65084.746
66782.609
65084.746
64537.815
65084.746
66782.609
67964.602
68571.429
67964.602
62950.82
60952.381
62950.82
61440.0
62950.82
61440.0
67368.421
66782.609
66782.609
68571.429
66206.897
61440.0
64000.0
62950.82
59534.884
61440.0
62439.024
63471.074
65641.026
63471.074
62950.82
63471.074
60952.381
59076.923
59534.884
60472.441
57313.433
59076.923
61935.484
62439.024
66206.897
66782.609
67964.602
67368.421
61440.0
61440.0
61440.0
61440.0
62950.82
64000.0
62439.024
62950.82
62950.82
64000.0
66206.897
67964.602
69189.189
67964.602
61935.484
59534.884
56470.588
54857.143
55251.799
55251.799
55251.799
56888.889
58181.818
59076.923
61935.484
62950.82
63471.074
60952.381
59076.923
59076.923
57744.361
57744.361
59076.923
58181.818
60472.441
60472.441
61935.484
60952.381
60952.381
61440.0
60472.441
64537.815
62950.82
63471.074
62439.024
59534.884
61440.0
62950.82
61935.484
62950.82
64000.0
60472.441
60000.0
60952.381
62950.82
61935.484
61440.0
62950.82
62950.82
63471.074
62439.024
64000.0
64000.0
61935.484
65084.746
65084.746
62950.82
62950.82
60472.441
59534.884
60952.381
57744.361
56058.394
56470.588
57744.361
57744.361
58625.954
59534.884
60000.0
60952.381
62439.024
62439.024
62439.024
63471.074
61935.484
64000.0
65084.746
65641.026
67368.421
66782.609
67964.602
70458.716
69189.189
67964.602
68571.429
66782.609
103783.784
50196.078
69818.182
71111.111
69818.182
67964.602
67964.602
66206.897
60952.381
59076.923
60952.381
65084.746
63471.074
62439.024
62950.82
64537.815
65084.746
62439.024
64000.0
63471.074
61440.0
62950.82
62439.024
62950.82
62439.024
63471.074
64000.0
65641.026
91428.571
48607.595
60952.381
63471.074
62439.024
60472.441
62950.82
60472.441
60952.381
63471.074
62950.82
62950.82
63471.074
66206.897
66782.609
64537.815
65641.026
66782.609
68571.429
65084.746
64000.0
61440.0
60000.0
61440.0
61440.0
60952.381
59534.884
58181.818
62950.82
62950.82
61440.0
60472.441
62950.82
63471.074
62950.82
62950.82
61935.484
64537.815
65641.026
66206.897
66782.609
69818.182
68571.429
69818.182
69818.182
67964.602
68571.429
67964.602
67368.421
69189.189
67368.421
62950.82
65084.746
62439.024
61440.0
62439.024
63471.074
60472.441
62950.82
64537.815
66206.897
60952.381
60472.441
61440.0
62439.024
61440.0
61440.0
62439.024
63471.074
66206.897
64000.0
65084.746
65641.026
65084.746
64537.815
65084.746
66782.609
67964.602
67964.602
66206.897
66782.609
67368.421
67964.602
66782.609
64000.0
64000.0
65084.746
63471.074
65084.746
66782.609
67368.421
68571.429
67368.421
69818.182
69818.182
70458.716
73846.154
65084.746
69818.182
70458.716
69189.189
67964.602
69189.189
69189.189
69189.189
63471.074
60952.381
64000.0
65641.026
59076.923
62439.024
65084.746
61935.484
64000.0
66782.609
65084.746
62950.82
65084.746
68571.429
68571.429
67368.421
65641.026
60472.441
91428.571
48000.0
58625.954
60000.0
60472.441
61440.0
61935.484
61935.484
60952.381
61440.0
60000.0
62439.024
65641.026
74563.107
54084.507
63471.074
64000.0
64000.0
64537.815
63471.074
61935.484
61440.0
64000.0
61935.484
65084.746
62950.82
62439.024
61440.0
62950.82
60472.441
60472.441
61440.0
63471.074
62950.82
62950.82
60000.0
62439.024
62439.024
64000.0
64537.815
62950.82
60000.0
61935.484
59534.884
59534.884
60000.0
61440.0
60952.381
61935.484
63471.074
61440.0
62950.82
61935.484
64537.815
80000.0
51200.0
56058.394
57744.361
60000.0
59534.884
60000.0
60000.0
60952.381
60000.0
61440.0
61935.484
64000.0
62950.82
61440.0
61440.0
61935.484
60952.381
62439.024
65641.026
61935.484
60952.381
60472.441
60952.381
60000.0
60472.441
60472.441
60952.381
60952.381
59534.884
60472.441
62439.024
61935.484
61935.484
65641.026
62950.82
62439.024
64000.0
62439.024
61935.484
60952.381
61935.484
62439.024
65084.746
61935.484
59534.884
61935.484
61935.484
60952.381
61440.0
60952.381
61440.0
60000.0
60000.0
62439.024
65084.746
64537.815
62950.82
62950.82
64000.0
65084.746
63471.074
62439.024
64000.0
62950.82
61440.0
61440.0
60472.441
61440.0
60952.381
62950.82
62950.82
62950.82
65084.746
63471.074
63471.074
64537.815
65084.746
64000.0
64000.0
65641.026
63471.074
64537.815
64000.0
60952.381
61935.484
62439.024
63471.074
61935.484
62950.82
61935.484
60952.381
61935.484
62439.024
66782.609
64000.0
65084.746
64537.815
63471.074
63471.074
64537.815
66782.609
64000.0
63471.074
64000.0
63471.074
62439.024
62950.82
62439.024
61935.484
60952.381
62950.82
62439.024
62439.024
61935.484
61440.0
61935.484
65641.026
64000.0
64000.0
64000.0
62439.024
61935.484
60952.381
62439.024
62950.82
62950.82
64537.815
66206.897
62439.024
59534.884
59076.923
60472.441
59534.884
58625.954
60472.441
60472.441
62439.024
62950.82
62439.024
63471.074
63471.074
64537.815
63471.074
64000.0
65084.746
65641.026
64000.0
64000.0
64000.0
62439.024
64537.815
66206.897
66782.609
67964.602
68571.429
67368.421
69189.189
67368.421
67964.602
67964.602
67368.421
94814.815
52244.898
66782.609
67368.421
67368.421
67368.421
69189.189
66782.609
64537.815
65084.746
62950.82
62439.024
63471.074
62950.82
61440.0
62950.82
63471.074
60000.0
59534.884
58181.818
57313.433
56888.889
57744.361
57313.433
58181.818
61440.0
60472.441
61935.484
63471.074
63471.074
63471.074
61935.484
63471.074
63471.074
64000.0
90352.941
48301.887
61440.0
65084.746
63471.074
60952.381
60952.381
60000.0
59076.923
58181.818
58625.954
59076.923
58625.954
62439.024
61935.484
61935.484
62950.82
60952.381
60952.381
60000.0
58181.818
56888.889
57313.433
56058.394
56058.394
56888.889
57744.361
60952.381
60472.441
59534.884
58181.818
60000.0
58181.818
57744.361
59534.884
58625.954
60000.0
59534.884
103783.784
45176.471
65084.746
64000.0
61440.0
60000.0
58181.818
55652.174
54857.143
53706.294
51543.624
51200.0
54857.143
55652.174
60952.381
57313.433
56058.394
56470.588
55652.174
54857.143
53706.294
53333.333
51891.892
51543.624
51200.0
52244.898
51543.624
50526.316
51200.0
51200.0
52244.898
54468.085
56058.394
57313.433
60472.441
61935.484
61935.484
60472.441
63471.074
62950.82
61440.0
62439.024
61935.484
61440.0
60952.381
61440.0
61440.0
62439.024
59076.923
58181.818
57744.361
57744.361
59534.884
60000.0
60000.0
60472.441
60000.0
60472.441
60000.0
59534.884
60000.0
60000.0
61440.0
61440.0
86292.135
48301.887
63471.074
64537.815
64537.815
62950.82
64537.815
64000.0
64537.815
62439.024
62950.82
64000.0
65084.746
64000.0
62439.024
61440.0
63471.074
62950.82
64000.0
62439.024
60000.0
57313.433
55652.174
54857.143
54857.143
55652.174
57744.361
60952.381
61440.0
60952.381
61440.0
60000.0
60000.0
60000.0
59534.884
61440.0
60952.381
62439.024
61935.484
65084.746
63471.074
63471.074
65084.746
63471.074
63471.074
62950.82
64537.815
62439.024
61935.484
61935.484
90352.941
48607.595
60952.381
64000.0
63471.074
61935.484
62950.82
93658.537
48607.595
65084.746
67368.421
68571.429
68571.429
67368.421
64537.815
65641.026
59076.923
59534.884
60952.381
60000.0
61440.0
60472.441
62950.82
66206.897
68571.429
69189.189
72452.83
72452.83
73846.154
74563.107
75294.118
75294.118
76800.0
76800.0
76800.0
76800.0
79175.258
80000.0
81702.128
83478.261
83478.261
85333.333
84395.604
86292.135
87272.727
86292.135
81702.128
76800.0
68571.429
61935.484
64000.0
74563.107
73846.154
75294.118
76800.0
76039.604
76039.604
76800.0
78367.347
80000.0
76800.0
74563.107
70458.716
67964.602
62439.024
64000.0
114626.866
52244.898
73142.857
90352.941
56058.394
121904.762
48917.197
74563.107
65084.746
68571.429
64000.0
61935.484
57744.361
48607.595
52602.74
50860.927
51891.892
54084.507
54468.085
54468.085
55652.174
57313.433
56058.394
55652.174
54857.143
53333.333
51200.0
54084.507
56058.394
60000.0
61440.0
56470.588
51891.892
52244.898
53333.333
51891.892
51200.0
52602.74
52244.898
51891.892
52244.898
52244.898
51543.624
50196.078
50196.078
50196.078
49548.387
51200.0
49870.13
48607.595
49230.769
48000.0
45443.787
50860.927
50526.316
45988.024
50196.078
47116.564
51200.0
51891.892
51543.624
49548.387
48917.197
49548.387
53333.333
53706.294
53333.333
51200.0
52965.517
53706.294
54857.143
56888.889
57744.361
56470.588
53706.294
54468.085
52965.517
51543.624
52965.517
54084.507
55652.174
60952.381
57744.361
55251.799
49870.13
49548.387
49548.387
48301.887
48607.595
49548.387
51200.0
51543.624
48917.197
49548.387
50196.078
45714.286
48607.595
48607.595
51200.0
47116.564
46829.268
49548.387
47116.564
47407.407
49870.13
49870.13
50196.078
50526.316
51543.624
47407.407
48301.887
48917.197
48917.197
50196.078
51543.624
51891.892
51543.624
55652.174
54084.507
50526.316
48000.0
50860.927
53333.333
53333.333
51543.624
50860.927
51200.0
51543.624
51200.0
49230.769
50196.078
51891.892
53706.294
52602.74
52244.898
53706.294
55251.799
56058.394
56470.588
54857.143
53706.294
54084.507
56470.588
57313.433
56058.394
54084.507
48607.595
51200.0
53333.333
56470.588
56470.588
56888.889
55251.799
55652.174
58181.818
59534.884
57744.361
57313.433
60472.441
61440.0
65084.746
64000.0
60952.381
58625.954
57744.361
60000.0
60000.0
58625.954
59076.923
59076.923
61440.0
60472.441
57744.361
59076.923
58625.954
58181.818
56058.394
52602.74
51200.0
50860.927
51891.892
54084.507
53706.294
51891.892
49870.13
49548.387
307200.0
307200.0
81702.128
59076.923
62439.024
232727.273
90352.941
64537.815
121904.762
147692.308
65641.026
68571.429
67368.421
69189.189
70458.716
70458.716
72452.83
72452.83
73142.857
76800.0
74563.107
74563.107
73846.154
70458.716
67964.602
69189.189
69818.182
70458.716
68571.429
178604.651
108169.014
64000.0
63471.074
56470.588
153600.0
404210.526
103783.784
57744.361
62439.024
66782.609
68571.429
69189.189
70458.716
73142.857
72452.83
73846.154
74563.107
76039.604
75294.118
75294.118
74563.107
73846.154
67964.602
60000.0
62950.82
69189.189
69189.189
71111.111
71111.111
69818.182
70458.716
70458.716
70458.716
71111.111
71775.701
72452.83
71775.701
70458.716
71775.701
71775.701
72452.83
72452.83
73846.154
73846.154
71111.111
71111.111
67964.602
71775.701
72452.83
71775.701
71775.701
73142.857
71111.111
69818.182
70458.716
70458.716
69189.189
67964.602
69189.189
71775.701
73846.154
71775.701
71775.701
71111.111
71111.111
71111.111
69818.182
67964.602
64000.0
65641.026
67964.602
70458.716
70458.716
75294.118
76039.604
75294.118
76039.604
73846.154
73846.154
71111.111
70458.716
67964.602
68571.429
66782.609
64537.815
67964.602
69189.189
71775.701
74563.107
74563.107
74563.107
73846.154
73142.857
72452.83
69818.182
69818.182
69818.182
66782.609
67964.602
69818.182
67368.421
65641.026
64537.815
65641.026
66206.897
69189.189
69818.182
72452.83
72452.83
92530.12
54468.085
68571.429
73142.857
73846.154
73846.154
74563.107
73142.857
74563.107
71111.111
66206.897
62950.82
64537.815
66206.897
67964.602
69189.189
65641.026
64537.815
65084.746
65084.746
62950.82
60952.381
63471.074
60472.441
59534.884
60952.381
61440.0
60000.0
58181.818
57744.361
56058.394
53706.294
55251.799
55251.799
52244.898
52965.517
55652.174
58181.818
59534.884
59076.923
56058.394
49548.387
52602.74
52244.898
50860.927
51543.624
52965.517
48607.595
50196.078
53706.294
57313.433
58181.818
58625.954
57744.361
57744.361
57744.361
56058.394
57744.361
59534.884
56470.588
53333.333
50196.078
52602.74
52602.74
51891.892
57744.361
58181.818
56058.394
47407.407
47407.407
49230.769
46545.455
48917.197
49230.769
111304.348
38019.802
53706.294
52965.517
48607.595
44651.163
45988.024
42197.802
45176.471
46265.06
46265.06
48000.0
48917.197
45714.286
47407.407
48917.197
46265.06
46265.06
49870.13
47407.407
46545.455
49870.13
49870.13
48000.0
49548.387
55652.174
57744.361
58181.818
56470.588
49870.13
47407.407
47407.407
49870.13
51200.0
49870.13
48607.595
50526.316
52602.74
50860.927
50860.927
51543.624
48607.595
48607.595
49230.769
44651.163
46545.455
48000.0
47116.564
47407.407
49230.769
46265.06
47407.407
47116.564
46829.268
45714.286
48301.887
48917.197
47701.863
48917.197
51200.0
48917.197
49870.13
50196.078
51200.0
51891.892
49548.387
49548.387
51200.0
49230.769
49870.13
51543.624
50196.078
47116.564
50196.078
50860.927
51200.0
53706.294
53706.294
53706.294
50196.078
50196.078
50526.316
48607.595
49870.13
50196.078
49870.13
50526.316
52965.517
52244.898
51891.892
51891.892
48607.595
50526.316
52965.517
53706.294
60000.0
56470.588
54857.143
51891.892
51543.624
52602.74
53706.294
55251.799
54857.143
55251.799
57313.433
57313.433
55251.799
55652.174
56470.588
56888.889
59534.884
59076.923
60472.441
60952.381
59534.884
55652.174
54468.085
52965.517
54084.507
56888.889
57313.433
55652.174
52965.517
56470.588
55652.174
51891.892
46829.268
49230.769
49548.387
51543.624
52244.898
50526.316
52244.898
54084.507
53706.294
54084.507
56058.394
56888.889
55251.799
54857.143
57744.361
56888.889
56888.889
56058.394
53333.333
51891.892
52602.74
51891.892
51543.624
52965.517
51200.0
49870.13
50196.078
49870.13
51200.0
53706.294
54468.085
53706.294
54084.507
53333.333
50860.927
49870.13
50860.927
52244.898
54084.507
54084.507
50860.927
49230.769
49548.387
52965.517
53333.333
51543.624
50526.316
49230.769
51200.0
49870.13
49870.13
51891.892
52602.74
51543.624
49230.769
51200.0
49870.13
46545.455
48301.887
48301.887
48607.595
49230.769
48301.887
50196.078
53333.333
54857.143
58181.818
57313.433
56888.889
55652.174
54468.085
56470.588
56058.394
54084.507
53333.333
54857.143
60000.0
58181.818
56888.889
56470.588
53333.333
51543.624
50860.927
48607.595
48000.0
49230.769
51200.0
50860.927
49548.387
48917.197
49870.13
48917.197
51200.0
50860.927
49230.769
48917.197
49870.13
49548.387
49230.769
49230.769
50860.927
54084.507
54468.085
57313.433
56888.889
56888.889
55251.799
50196.078
48301.887
50196.078
49548.387
48000.0
49548.387
48917.197
47407.407
48607.595
47407.407
48301.887
49230.769
48607.595
48301.887
48301.887
49870.13
50526.316
48917.197
51543.624
51543.624
47116.564
47407.407
48607.595
45176.471
49870.13
50196.078
49870.13
49870.13
49548.387
51543.624
57313.433
58181.818
56058.394
53706.294
49230.769
50526.316
49548.387
50196.078
50196.078
50860.927
50860.927
51200.0
50196.078
51543.624
51200.0
49870.13
50196.078
50860.927
49548.387
49870.13
51200.0
49230.769
48917.197
51891.892
49548.387
47116.564
48301.887
44912.281
47701.863
48917.197
47701.863
49548.387
50196.078
48607.595
48607.595
51200.0
52965.517
52602.74
51891.892
52244.898
54084.507
54084.507
60000.0
56470.588
56058.394
57313.433
55251.799
54084.507
51891.892
53706.294
52244.898
51543.624
52965.517
54468.085
55652.174
56888.889
56058.394
55652.174
53333.333
52602.74
53333.333
54468.085
54857.143
54084.507
54084.507
54084.507
54857.143
54468.085
54084.507
51543.624
46829.268
45176.471
46829.268
49548.387
49870.13
49548.387
50196.078
50196.078
48000.0
49230.769
52244.898
51891.892
48607.595
49548.387
102400.0
38592.965
54084.507
56888.889
55251.799
52244.898
45988.024
48607.595
49870.13
51543.624
52602.74
54468.085
54857.143
55652.174
53706.294
53333.333
57744.361
58625.954
