114626.866
73846.154
92530.12
86292.135
98461.538
79175.258
89302.326
88275.862
166956.522
64537.815
87272.727
108169.014
76800.0
94814.815
123870.968
72452.83
91428.571
88275.862
106666.667
134736.842
80000.0
70458.716
91428.571
87272.727
153600.0
65084.746
91428.571
153600.0
69818.182
120000.0
112941.176
121904.762
128000.0
88275.862
72452.83
87272.727
82580.645
163404.255
60000.0
82580.645
85333.333
103783.784
71775.701
90352.941
105205.479
86292.135
73142.857
86292.135
99740.26
74563.107
89302.326
101052.632
76800.0
120000.0
71111.111
88275.862
86292.135
88275.862
93658.537
85333.333
156734.694
68571.429
86292.135
130169.492
72452.83
88275.862
88275.862
166956.522
61935.484
91428.571
90352.941
156734.694
64537.815
134736.842
73142.857
84395.604
86292.135
88275.862
108169.014
75294.118
90352.941
87272.727
163404.255
60472.441
88275.862
84395.604
106666.667
69818.182
88275.862
83478.261
103783.784
71775.701
87272.727
82580.645
103783.784
70458.716
87272.727
83478.261
98461.538
74563.107
89302.326
82580.645
89302.326
80000.0
86292.135
105205.479
72452.83
90352.941
105205.479
71775.701
89302.326
102400.0
70458.716
88275.862
85333.333
86292.135
137142.857
64537.815
123870.968
69189.189
86292.135
84395.604
99740.26
76800.0
91428.571
90352.941
153600.0
77575.758
81702.128
76039.604
89302.326
96000.0
76039.604
88275.862
88275.862
88275.862
88275.862
88275.862
102400.0
170666.667
56470.588
101052.632
73846.154
87272.727
128000.0
71111.111
120000.0
64537.815
84395.604
82580.645
160000.0
60000.0
88275.862
83478.261
99740.26
73846.154
88275.862
85333.333
101052.632
73846.154
88275.862
84395.604
101052.632
79175.258
81702.128
86292.135
166956.522
57313.433
86292.135
82580.645
96000.0
112941.176
166956.522
49870.13
85333.333
80842.105
87272.727
87272.727
153600.0
60952.381
86292.135
85333.333
125901.639
111304.348
56470.588
87272.727
92530.12
80842.105
156734.694
71111.111
125901.639
79175.258
69818.182
82580.645
80000.0
160000.0
62950.82
69189.189
85333.333
144905.66
62439.024
78367.347
84395.604
84395.604
83478.261
84395.604
83478.261
84395.604
101052.632
70458.716
87272.727
103783.784
69818.182
82580.645
81702.128
96000.0
71775.701
87272.727
82580.645
92530.12
76039.604
86292.135
103783.784
71111.111
87272.727
112941.176
67964.602
82580.645
82580.645
101052.632
71775.701
88275.862
85333.333
102400.0
74563.107
90352.941
83478.261
98461.538
73142.857
89302.326
80842.105
98461.538
71775.701
85333.333
82580.645
99740.26
71111.111
130169.492
108169.014
64000.0
80842.105
81702.128
102400.0
68571.429
86292.135
144905.66
101052.632
51543.624
85333.333
82580.645
84395.604
98461.538
73142.857
87272.727
99740.26
71111.111
88275.862
103783.784
67964.602
87272.727
80842.105
90352.941
75294.118
88275.862
123870.968
76039.604
77575.758
83478.261
103783.784
69818.182
88275.862
83478.261
85333.333
84395.604
137142.857
61440.0
101052.632
72452.83
88275.862
85333.333
166956.522
59076.923
85333.333
83478.261
105205.479
73142.857
87272.727
87272.727
156734.694
61935.484
128000.0
112941.176
56888.889
82580.645
86292.135
108169.014
75294.118
89302.326
87272.727
142222.222
64537.815
105205.479
73846.154
84395.604
103783.784
71111.111
90352.941
78367.347
85333.333
103783.784
71111.111
88275.862
83478.261
166956.522
58625.954
87272.727
120000.0
71111.111
80000.0
85333.333
84395.604
102400.0
73846.154
88275.862
84395.604
163404.255
59076.923
87272.727
83478.261
99740.26
74563.107
88275.862
85333.333
166956.522
59076.923
87272.727
85333.333
163404.255
60000.0
87272.727
85333.333
163404.255
67368.421
75294.118
84395.604
86292.135
101052.632
75294.118
89302.326
86292.135
144905.66
62950.82
88275.862
86292.135
153600.0
62950.82
118153.846
91428.571
71775.701
153600.0
61440.0
99740.26
76039.604
89302.326
87272.727
160000.0
62439.024
89302.326
88275.862
153600.0
66782.609
80842.105
90352.941
87272.727
97215.19
77575.758
89302.326
87272.727
99740.26
77575.758
89302.326
103783.784
77575.758
91428.571
88275.862
153600.0
62950.82
89302.326
88275.862
156734.694
62439.024
128000.0
73142.857
80000.0
85333.333
87272.727
102400.0
76039.604
90352.941
87272.727
156734.694
61440.0
87272.727
86292.135
163404.255
60472.441
87272.727
87272.727
160000.0
111304.348
55652.174
85333.333
128000.0
74563.107
80842.105
86292.135
163404.255
65084.746
80000.0
89302.326
89302.326
103783.784
77575.758
89302.326
88275.862
130169.492
68571.429
88275.862
88275.862
139636.364
64537.815
86292.135
86292.135
156734.694
60952.381
128000.0
71111.111
75294.118
80842.105
84395.604
103783.784
69818.182
84395.604
82580.645
166956.522
56058.394
85333.333
84395.604
163404.255
57313.433
85333.333
83478.261
163404.255
57744.361
86292.135
85333.333
156734.694
59534.884
85333.333
85333.333
160000.0
59534.884
86292.135
85333.333
156734.694
60472.441
86292.135
86292.135
150588.235
61440.0
87272.727
86292.135
153600.0
59534.884
92530.12
80842.105
94814.815
80842.105
90352.941
89302.326
88275.862
90352.941
90352.941
125901.639
73846.154
91428.571
88275.862
90352.941
106666.667
81702.128
92530.12
156734.694
71775.701
90352.941
90352.941
94814.815
93658.537
109714.286
84395.604
128000.0
87272.727
87272.727
93658.537
94814.815
96000.0
96000.0
111304.348
88275.862
94814.815
130169.492
83478.261
92530.12
94814.815
96000.0
97215.19
97215.19
97215.19
96000.0
97215.19
112941.176
88275.862
94814.815
137142.857
78367.347
94814.815
96000.0
97215.19
97215.19
114626.866
88275.862
94814.815
97215.19
111304.348
91428.571
96000.0
109714.286
101052.632
91428.571
97215.19
98461.538
111304.348
121904.762
84395.604
144905.66
74563.107
105205.479
102400.0
89302.326
103783.784
103783.784
130169.492
76039.604
97215.19
109714.286
98461.538
93658.537
97215.19
116363.636
88275.862
97215.19
123870.968
105205.479
86292.135
96000.0
97215.19
111304.348
90352.941
96000.0
98461.538
114626.866
89302.326
98461.538
97215.19
111304.348
90352.941
96000.0
98461.538
105205.479
103783.784
89302.326
96000.0
134736.842
82580.645
93658.537
94814.815
111304.348
87272.727
94814.815
96000.0
120000.0
106666.667
82580.645
94814.815
109714.286
86292.135
97215.19
96000.0
139636.364
103783.784
81702.128
94814.815
108169.014
156734.694
66782.609
105205.479
123870.968
101052.632
79175.258
93658.537
99740.26
88275.862
144905.66
73142.857
93658.537
137142.857
78367.347
93658.537
98461.538
89302.326
150588.235
76039.604
85333.333
93658.537
116363.636
108169.014
101052.632
88275.862
79175.258
92530.12
92530.12
99740.26
85333.333
96000.0
92530.12
93658.537
132413.793
77575.758
94814.815
99740.26
86292.135
94814.815
94814.815
106666.667
83478.261
94814.815
92530.12
94814.815
90352.941
101052.632
102400.0
80000.0
92530.12
92530.12
92530.12
90352.941
92530.12
108169.014
144905.66
62439.024
105205.479
80000.0
94814.815
92530.12
156734.694
69189.189
93658.537
101052.632
84395.604
94814.815
109714.286
153600.0
62439.024
89302.326
106666.667
80842.105
93658.537
91428.571
147692.308
69189.189
92530.12
120000.0
96000.0
98461.538
97215.19
75294.118
90352.941
89302.326
163404.255
86292.135
72452.83
156734.694
66782.609
76800.0
88275.862
103783.784
121904.762
96000.0
70458.716
85333.333
106666.667
74563.107
90352.941
87272.727
98461.538
81702.128
92530.12
91428.571
139636.364
76039.604
93658.537
103783.784
79175.258
92530.12
91428.571
99740.26
87272.727
92530.12
109714.286
82580.645
96000.0
137142.857
75294.118
92530.12
89302.326
92530.12
105205.479
166956.522
63471.074
89302.326
98461.538
90352.941
96000.0
94814.815
134736.842
78367.347
91428.571
90352.941
112941.176
81702.128
93658.537
92530.12
121904.762
88275.862
89302.326
137142.857
68571.429
90352.941
94814.815
153600.0
66206.897
92530.12
93658.537
96000.0
134736.842
128000.0
64537.815
101052.632
83478.261
93658.537
93658.537
99740.26
89302.326
96000.0
92530.12
99740.26
89302.326
94814.815
92530.12
121904.762
90352.941
80000.0
91428.571
111304.348
78367.347
91428.571
91428.571
144905.66
67368.421
90352.941
125901.639
81702.128
77575.758
87272.727
144905.66
74563.107
84395.604
125901.639
71775.701
88275.862
105205.479
76800.0
89302.326
93658.537
101052.632
79175.258
92530.12
89302.326
156734.694
80842.105
73846.154
132413.793
65641.026
108169.014
85333.333
123870.968
72452.83
91428.571
102400.0
79175.258
90352.941
90352.941
106666.667
79175.258
91428.571
89302.326
150588.235
67964.602
81702.128
91428.571
134736.842
92530.12
73142.857
137142.857
66782.609
108169.014
82580.645
82580.645
91428.571
134736.842
73142.857
85333.333
90352.941
153600.0
147692.308
97215.19
106666.667
92530.12
121904.762
73142.857
88275.862
87272.727
88275.862
90352.941
106666.667
78367.347
91428.571
153600.0
71111.111
79175.258
139636.364
73846.154
87272.727
85333.333
90352.941
90352.941
111304.348
77575.758
91428.571
90352.941
150588.235
68571.429
94814.815
84395.604
111304.348
80000.0
92530.12
128000.0
80000.0
83478.261
91428.571
142222.222
77575.758
82580.645
91428.571
92530.12
106666.667
82580.645
92530.12
92530.12
134736.842
71111.111
94814.815
92530.12
106666.667
81702.128
94814.815
91428.571
156734.694
66206.897
92530.12
92530.12
105205.479
101052.632
75294.118
92530.12
89302.326
108169.014
77575.758
92530.12
90352.941
150588.235
66206.897
106666.667
78367.347
92530.12
90352.941
166956.522
37647.059
88275.862
156734.694
75294.118
86292.135
90352.941
150588.235
72452.83
84395.604
96000.0
123870.968
76039.604
93658.537
90352.941
92530.12
106666.667
130169.492
64537.815
90352.941
101052.632
77575.758
87272.727
85333.333
101052.632
71775.701
85333.333
89302.326
77575.758
137142.857
60000.0
84395.604
102400.0
73142.857
94814.815
103783.784
64000.0
77575.758
74563.107
74563.107
156734.694
50526.316
74563.107
80000.0
73846.154
77575.758
80842.105
75294.118
105205.479
60000.0
75294.118
79175.258
153600.0
50526.316
86292.135
72452.83
82580.645
74563.107
74563.107
80000.0
147692.308
56058.394
71775.701
88275.862
139636.364
54468.085
80842.105
156734.694
54468.085
80000.0
84395.604
78367.347
79175.258
80842.105
74563.107
160000.0
51543.624
80842.105
69818.182
99740.26
60472.441
75294.118
99740.26
64000.0
80000.0
91428.571
59076.923
70458.716
75294.118
116363.636
79175.258
54084.507
75294.118
96000.0
59076.923
73846.154
76800.0
74563.107
150588.235
109714.286
79175.258
86292.135
128000.0
51200.0
81702.128
94814.815
54857.143
71775.701
71111.111
97215.19
58625.954
139636.364
50526.316
80842.105
60952.381
73846.154
72452.83
90352.941
57744.361
92530.12
76800.0
70458.716
53333.333
80000.0
96000.0
58625.954
80000.0
103783.784
60952.381
47116.564
87272.727
89302.326
160000.0
48607.595
81702.128
78367.347
103783.784
98461.538
60472.441
82580.645
74563.107
78367.347
101052.632
64537.815
67964.602
74563.107
71775.701
75294.118
96000.0
56058.394
73846.154
74563.107
98461.538
57744.361
83478.261
101052.632
57744.361
83478.261
75294.118
99740.26
61440.0
82580.645
134736.842
61935.484
65641.026
80842.105
147692.308
51891.892
92530.12
62439.024
82580.645
76039.604
101052.632
61440.0
81702.128
78367.347
96000.0
60000.0
81702.128
73846.154
76800.0
97215.19
60952.381
85333.333
77575.758
97215.19
60472.441
82580.645
73142.857
99740.26
76800.0
61935.484
81702.128
78367.347
150588.235
53706.294
88275.862
77575.758
92530.12
70458.716
84395.604
78367.347
96000.0
66782.609
83478.261
79175.258
96000.0
66782.609
82580.645
77575.758
123870.968
61935.484
74563.107
79175.258
101052.632
59534.884
80000.0
76800.0
132413.793
56888.889
87272.727
82580.645
91428.571
70458.716
83478.261
125901.639
57744.361
93658.537
70458.716
80000.0
78367.347
144905.66
60952.381
68571.429
85333.333
76039.604
77575.758
80000.0
79175.258
76800.0
156734.694
52602.74
83478.261
81702.128
91428.571
70458.716
84395.604
83478.261
94814.815
69189.189
82580.645
81702.128
83478.261
132413.793
61440.0
80842.105
85333.333
96000.0
67964.602
80000.0
84395.604
94814.815
67368.421
84395.604
78367.347
84395.604
128000.0
60472.441
84395.604
83478.261
86292.135
92530.12
109714.286
64000.0
83478.261
85333.333
85333.333
84395.604
147692.308
58625.954
82580.645
85333.333
85333.333
101052.632
70458.716
87272.727
106666.667
65641.026
70458.716
77575.758
80842.105
80842.105
125901.639
63471.074
118153.846
64537.815
90352.941
81702.128
89302.326
125901.639
65641.026
83478.261
80000.0
83478.261
86292.135
142222.222
59534.884
84395.604
82580.645
85333.333
84395.604
150588.235
58181.818
85333.333
82580.645
81702.128
81702.128
147692.308
56058.394
83478.261
77575.758
76800.0
78367.347
137142.857
56470.588
80842.105
94814.815
71111.111
84395.604
84395.604
153600.0
59534.884
76039.604
80842.105
78367.347
80842.105
130169.492
64000.0
74563.107
82580.645
132413.793
57313.433
83478.261
73846.154
80842.105
76039.604
76800.0
87272.727
67368.421
78367.347
74563.107
82580.645
66782.609
75294.118
77575.758
132413.793
54084.507
78367.347
76800.0
75294.118
80842.105
156734.694
49548.387
77575.758
130169.492
55251.799
79175.258
79175.258
156734.694
52965.517
78367.347
77575.758
153600.0
53706.294
82580.645
79175.258
76800.0
85333.333
80000.0
156734.694
50860.927
78367.347
82580.645
74563.107
81702.128
80842.105
160000.0
50196.078
82580.645
79175.258
82580.645
93658.537
65641.026
83478.261
79175.258
82580.645
130169.492
56470.588
81702.128
80842.105
82580.645
120000.0
101052.632
57313.433
86292.135
84395.604
153600.0
60472.441
80842.105
80000.0
81702.128
80842.105
150588.235
54857.143
79175.258
78367.347
79175.258
79175.258
153600.0
57313.433
65641.026
80842.105
73846.154
79175.258
73846.154
72452.83
76039.604
156734.694
50196.078
88275.862
63471.074
80000.0
74563.107
80842.105
88275.862
64537.815
80842.105
73846.154
72452.83
74563.107
130169.492
53706.294
76039.604
76800.0
150588.235
50526.316
76039.604
91428.571
65084.746
79175.258
73846.154
76800.0
86292.135
69189.189
80000.0
92530.12
66206.897
83478.261
75294.118
72452.83
77575.758
77575.758
153600.0
57744.361
74563.107
78367.347
75294.118
77575.758
74563.107
83478.261
88275.862
66206.897
84395.604
91428.571
69189.189
85333.333
80842.105
86292.135
84395.604
82580.645
85333.333
85333.333
93658.537
71111.111
86292.135
80000.0
81702.128
80842.105
156734.694
56470.588
86292.135
125901.639
58625.954
80000.0
83478.261
116363.636
61935.484
80000.0
79175.258
123870.968
62439.024
86292.135
74563.107
83478.261
82580.645
153600.0
56888.889
80000.0
81702.128
125901.639
114626.866
51891.892
82580.645
84395.604
153600.0
59534.884
86292.135
82580.645
82580.645
137142.857
62950.82
75294.118
81702.128
80842.105
142222.222
56470.588
86292.135
73142.857
80842.105
81702.128
153600.0
61935.484
71111.111
85333.333
82580.645
156734.694
56888.889
80842.105
84395.604
153600.0
55251.799
81702.128
80000.0
83478.261
77575.758
156734.694
55652.174
78367.347
81702.128
156734.694
55251.799
78367.347
84395.604
153600.0
54857.143
82580.645
83478.261
82580.645
84395.604
139636.364
57744.361
78367.347
78367.347
80000.0
78367.347
156734.694
54857.143
80000.0
84395.604
150588.235
109714.286
51200.0
82580.645
85333.333
153600.0
58625.954
80842.105
84395.604
156734.694
55652.174
81702.128
80000.0
79175.258
79175.258
156734.694
54084.507
80842.105
84395.604
156734.694
55251.799
78367.347
134736.842
58625.954
77575.758
82580.645
80842.105
128000.0
59076.923
76800.0
83478.261
81702.128
116363.636
61440.0
86292.135
79175.258
81702.128
81702.128
150588.235
65641.026
63471.074
73142.857
81702.128
78367.347
156734.694
54468.085
82580.645
79175.258
80842.105
81702.128
142222.222
60000.0
82580.645
87272.727
147692.308
78367.347
67368.421
71111.111
150588.235
57313.433
79175.258
82580.645
153600.0
55652.174
78367.347
83478.261
153600.0
109714.286
93658.537
94814.815
83478.261
80842.105
76800.0
81702.128
132413.793
56058.394
77575.758
83478.261
156734.694
53706.294
80842.105
82580.645
81702.128
85333.333
139636.364
56888.889
80842.105
80842.105
125901.639
61440.0
82580.645
92530.12
109714.286
59534.884
106666.667
96000.0
112941.176
108169.014
67964.602
60952.381
73142.857
71775.701
75294.118
76039.604
150588.235
53333.333
85333.333
76800.0
90352.941
81702.128
139636.364
60000.0
123870.968
70458.716
75294.118
86292.135
88275.862
81702.128
121904.762
69189.189
76800.0
116363.636
63471.074
83478.261
78367.347
80842.105
77575.758
153600.0
51200.0
76039.604
76800.0
77575.758
78367.347
150588.235
54468.085
111304.348
60952.381
84395.604
82580.645
112941.176
64537.815
88275.862
80000.0
84395.604
81702.128
147692.308
53706.294
78367.347
75294.118
87272.727
69189.189
80842.105
76039.604
80842.105
120000.0
62439.024
80000.0
111304.348
63471.074
87272.727
79175.258
80842.105
132413.793
58181.818
109714.286
112941.176
61935.484
76800.0
77575.758
130169.492
56058.394
76800.0
80842.105
82580.645
142222.222
55652.174
78367.347
80842.105
81702.128
116363.636
60000.0
84395.604
111304.348
60472.441
84395.604
76800.0
80842.105
80842.105
153600.0
54084.507
79175.258
80842.105
79175.258
78367.347
147692.308
54084.507
77575.758
81702.128
80842.105
80000.0
150588.235
54468.085
79175.258
81702.128
156734.694
56470.588
83478.261
82580.645
80000.0
78367.347
147692.308
56058.394
82580.645
83478.261
150588.235
54857.143
79175.258
80842.105
80000.0
108169.014
67368.421
78367.347
83478.261
79175.258
80842.105
79175.258
144905.66
56058.394
80000.0
82580.645
156734.694
54468.085
80842.105
81702.128
78367.347
79175.258
153600.0
56058.394
67368.421
78367.347
77575.758
150588.235
53333.333
79175.258
79175.258
80000.0
84395.604
79175.258
79175.258
150588.235
55251.799
114626.866
61935.484
83478.261
83478.261
83478.261
80842.105
147692.308
57744.361
76800.0
80842.105
153600.0
54857.143
78367.347
137142.857
56470.588
80000.0
79175.258
144905.66
139636.364
84395.604
91428.571
79175.258
83478.261
80842.105
153600.0
68571.429
59076.923
88275.862
112941.176
60952.381
85333.333
78367.347
109714.286
62950.82
86292.135
132413.793
59534.884
82580.645
82580.645
84395.604
81702.128
150588.235
58625.954
83478.261
83478.261
150588.235
60000.0
86292.135
83478.261
150588.235
61440.0
84395.604
86292.135
144905.66
60472.441
84395.604
118153.846
68571.429
80000.0
82580.645
156734.694
58625.954
85333.333
84395.604
147692.308
60952.381
82580.645
92530.12
84395.604
83478.261
84395.604
85333.333
132413.793
69189.189
76800.0
85333.333
137142.857
60472.441
84395.604
83478.261
150588.235
57313.433
84395.604
85333.333
150588.235
59534.884
85333.333
86292.135
147692.308
80000.0
79175.258
67368.421
89302.326
83478.261
86292.135
86292.135
87272.727
75294.118
77575.758
77575.758
153600.0
51543.624
74563.107
78367.347
78367.347
147692.308
55251.799
105205.479
64000.0
84395.604
81702.128
80842.105
76800.0
156734.694
52602.74
76800.0
80000.0
78367.347
76800.0
156734.694
52965.517
78367.347
78367.347
80842.105
78367.347
150588.235
52602.74
85333.333
71111.111
80842.105
79175.258
150588.235
51543.624
78367.347
79175.258
79175.258
80000.0
147692.308
52965.517
80000.0
78367.347
77575.758
80842.105
144905.66
111304.348
134736.842
41967.213
81702.128
80000.0
80842.105
78367.347
153600.0
55251.799
79175.258
80000.0
156734.694
54468.085
79175.258
83478.261
153600.0
54468.085
81702.128
82580.645
80000.0
80000.0
147692.308
56888.889
81702.128
81702.128
153600.0
54857.143
81702.128
81702.128
81702.128
81702.128
142222.222
54468.085
81702.128
82580.645
156734.694
56058.394
80842.105
80842.105
156734.694
55652.174
80000.0
82580.645
153600.0
55652.174
80842.105
82580.645
153600.0
54857.143
79175.258
80000.0
77575.758
80000.0
144905.66
58181.818
83478.261
80842.105
153600.0
55251.799
84395.604
116363.636
87272.727
61935.484
84395.604
79175.258
156734.694
56470.588
83478.261
83478.261
150588.235
59076.923
84395.604
87272.727
139636.364
62950.82
116363.636
66782.609
89302.326
82580.645
156734.694
60000.0
86292.135
87272.727
137142.857
83478.261
66206.897
79175.258
81702.128
82580.645
83478.261
112941.176
64000.0
125901.639
61935.484
86292.135
81702.128
83478.261
134736.842
56470.588
81702.128
80842.105
83478.261
87272.727
81702.128
130169.492
58625.954
83478.261
86292.135
142222.222
56888.889
81702.128
83478.261
153600.0
56058.394
77575.758
81702.128
153600.0
54857.143
80000.0
82580.645
156734.694
56888.889
83478.261
84395.604
144905.66
60000.0
83478.261
144905.66
61440.0
83478.261
88275.862
144905.66
60472.441
106666.667
67368.421
88275.862
79175.258
80842.105
78367.347
156734.694
52965.517
81702.128
80842.105
80842.105
82580.645
142222.222
55652.174
81702.128
82580.645
156734.694
57313.433
82580.645
88275.862
142222.222
57313.433
85333.333
85333.333
150588.235
60952.381
85333.333
108169.014
69189.189
92530.12
85333.333
144905.66
61935.484
84395.604
92530.12
87272.727
86292.135
111304.348
69189.189
87272.727
80842.105
153600.0
59534.884
83478.261
86292.135
142222.222
60000.0
88275.862
88275.862
139636.364
63471.074
83478.261
123870.968
69818.182
87272.727
86292.135
142222.222
62439.024
83478.261
87272.727
142222.222
61440.0
84395.604
87272.727
137142.857
63471.074
84395.604
85333.333
144905.66
62950.82
85333.333
89302.326
89302.326
86292.135
118153.846
69818.182
82580.645
84395.604
142222.222
60952.381
82580.645
88275.862
87272.727
87272.727
85333.333
84395.604
85333.333
86292.135
92530.12
77575.758
87272.727
81702.128
87272.727
81702.128
91428.571
78367.347
82580.645
81702.128
150588.235
57313.433
80000.0
89302.326
80000.0
86292.135
84395.604
134736.842
62439.024
80000.0
87272.727
147692.308
60000.0
84395.604
86292.135
144905.66
60000.0
81702.128
109714.286
66206.897
88275.862
83478.261
156734.694
56058.394
84395.604
80000.0
125901.639
62950.82
83478.261
82580.645
156734.694
56470.588
96000.0
72452.83
90352.941
85333.333
153600.0
73846.154
66206.897
73846.154
82580.645
80842.105
144905.66
56058.394
82580.645
88275.862
78367.347
81702.128
81702.128
82580.645
80000.0
81702.128
102400.0
67368.421
83478.261
80842.105
153600.0
57744.361
87272.727
84395.604
147692.308
58625.954
83478.261
81702.128
156734.694
60000.0
121904.762
67368.421
76800.0
84395.604
84395.604
82580.645
85333.333
85333.333
83478.261
81702.128
142222.222
57744.361
80000.0
85333.333
144905.66
59076.923
83478.261
84395.604
150588.235
60472.441
83478.261
86292.135
147692.308
57744.361
83478.261
82580.645
156734.694
54857.143
87272.727
84395.604
156734.694
61935.484
75294.118
85333.333
82580.645
147692.308
59534.884
81702.128
87272.727
144905.66
60000.0
82580.645
85333.333
147692.308
69818.182
105205.479
64537.815
84395.604
81702.128
82580.645
132413.793
59534.884
82580.645
85333.333
153600.0
137142.857
86292.135
91428.571
82580.645
130169.492
61440.0
83478.261
84395.604
156734.694
58181.818
83478.261
85333.333
147692.308
61440.0
82580.645
89302.326
86292.135
84395.604
84395.604
82580.645
83478.261
83478.261
83478.261
82580.645
87272.727
87272.727
86292.135
98461.538
69818.182
85333.333
81702.128
82580.645
80842.105
144905.66
57744.361
83478.261
83478.261
147692.308
60472.441
85333.333
84395.604
147692.308
59534.884
82580.645
85333.333
192000.0
72452.83
76039.604
67964.602
86292.135
81702.128
81702.128
80842.105
134736.842
61935.484
82580.645
82580.645
147692.308
56470.588
82580.645
85333.333
147692.308
59534.884
84395.604
85333.333
139636.364
60472.441
86292.135
87272.727
87272.727
85333.333
85333.333
80842.105
88275.862
84395.604
84395.604
120000.0
63471.074
86292.135
81702.128
153600.0
59076.923
97215.19
116363.636
62950.82
88275.862
81702.128
142222.222
59076.923
84395.604
85333.333
142222.222
59076.923
85333.333
85333.333
144905.66
59534.884
85333.333
84395.604
147692.308
60472.441
82580.645
84395.604
147692.308
60952.381
84395.604
83478.261
144905.66
55652.174
83478.261
90352.941
76800.0
142222.222
60472.441
81702.128
86292.135
85333.333
116363.636
66206.897
103783.784
74563.107
120000.0
67368.421
88275.862
84395.604
153600.0
60472.441
84395.604
116363.636
65084.746
84395.604
80842.105
83478.261
86292.135
72452.83
153600.0
54857.143
80000.0
79175.258
85333.333
71111.111
76800.0
106666.667
58625.954
69189.189
144905.66
50526.316
87272.727
79175.258
83478.261
79175.258
153600.0
78367.347
60952.381
89302.326
80842.105
144905.66
58181.818
81702.128
80000.0
153600.0
51891.892
74563.107
80000.0
130169.492
53333.333
76039.604
78367.347
82580.645
66206.897
74563.107
73846.154
68571.429
71111.111
106666.667
56058.394
61440.0
75294.118
69818.182
150588.235
47701.863
73142.857
73846.154
156734.694
49548.387
75294.118
76800.0
76800.0
79175.258
125901.639
54857.143
79175.258
76800.0
84395.604
65641.026
76800.0
77575.758
150588.235
54857.143
85333.333
73142.857
80000.0
111304.348
60472.441
84395.604
76800.0
109714.286
116363.636
147692.308
45176.471
87272.727
76800.0
109714.286
64537.815
80000.0
80000.0
78367.347
81702.128
103783.784
101052.632
71111.111
60472.441
78367.347
128000.0
57313.433
79175.258
81702.128
153600.0
54084.507
86292.135
73142.857
77575.758
77575.758
150588.235
50860.927
71775.701
76039.604
72452.83
134736.842
54857.143
97215.19
60472.441
85333.333
114626.866
71111.111
68571.429
74563.107
77575.758
77575.758
156734.694
52244.898
76800.0
80842.105
150588.235
56058.394
81702.128
86292.135
83478.261
79175.258
80000.0
76800.0
99740.26
61440.0
76039.604
77575.758
150588.235
51891.892
80842.105
73846.154
79175.258
78367.347
144905.66
53706.294
80000.0
79175.258
156734.694
54084.507
80842.105
80000.0
153600.0
53333.333
82580.645
101052.632
64000.0
83478.261
75294.118
121904.762
61440.0
89302.326
69189.189
83478.261
76039.604
77575.758
78367.347
150588.235
