65084.746
65641.026
112941.176
320000.0
64537.815
66206.897
170666.667
163404.255
60472.441
68571.429
92530.12
60472.441
69189.189
106666.667
202105.263
78367.347
232727.273
240000.0
128000.0
96000.0
295384.615
70458.716
78367.347
202105.263
92530.12
274285.714
163404.255
284444.444
109714.286
196923.077
160000.0
120000.0
83478.261
202105.263
82580.645
163404.255
118153.846
87272.727
196923.077
78367.347
71111.111
69189.189
68571.429
274285.714
96000.0
240000.0
153600.0
284444.444
307200.0
132413.793
139636.364
120000.0
70458.716
284444.444
98461.538
89302.326
170666.667
101052.632
69818.182
144905.66
134736.842
71111.111
120000.0
51200.0
99740.26
63471.074
72452.83
73142.857
93658.537
65641.026
73142.857
73846.154
307200.0
98461.538
75294.118
89302.326
71111.111
76800.0
232727.273
240000.0
232727.273
76039.604
170666.667
139636.364
76039.604
78367.347
97215.19
307200.0
86292.135
76039.604
75294.118
111304.348
98461.538
174545.455
73846.154
76039.604
93658.537
67368.421
74563.107
73846.154
73846.154
70458.716
72452.83
71111.111
69189.189
69818.182
68571.429
68571.429
102400.0
58181.818
68571.429
92530.12
59076.923
67368.421
75294.118
61935.484
67368.421
72452.83
62950.82
66206.897
66206.897
66206.897
65084.746
64537.815
64537.815
64000.0
93658.537
56888.889
99740.26
196923.077
65641.026
82580.645
60472.441
67368.421
142222.222
123870.968
66782.609
68571.429
69189.189
67368.421
67964.602
67964.602
111304.348
57313.433
67964.602
70458.716
89302.326
61440.0
71111.111
69818.182
71111.111
112941.176
58625.954
71111.111
71775.701
70458.716
71111.111
93658.537
56470.588
82580.645
66206.897
137142.857
156734.694
71775.701
112941.176
178604.651
174545.455
202105.263
264827.586
123870.968
174545.455
72452.83
90352.941
202105.263
139636.364
320000.0
333913.043
91428.571
72452.83
92530.12
64537.815
71111.111
71775.701
73142.857
71111.111
71775.701
71775.701
70458.716
69818.182
70458.716
82580.645
64000.0
102400.0
57744.361
70458.716
87272.727
62950.82
70458.716
71111.111
83478.261
60000.0
66782.609
66782.609
101052.632
54857.143
65084.746
84395.604
59076.923
67368.421
67368.421
80842.105
61935.484
69189.189
68571.429
94814.815
60472.441
69818.182
69818.182
69189.189
86292.135
61440.0
68571.429
87272.727
59534.884
67368.421
65641.026
134736.842
45176.471
67368.421
68571.429
91428.571
60472.441
132413.793
46545.455
70458.716
98461.538
232727.273
68571.429
67368.421
67964.602
94814.815
88275.862
163404.255
65084.746
64000.0
132413.793
50526.316
63471.074
64537.815
67964.602
130169.492
51891.892
64537.815
67368.421
66206.897
132413.793
44912.281
67368.421
90352.941
61935.484
69818.182
69818.182
144905.66
45443.787
67964.602
68571.429
68571.429
67368.421
67964.602
67368.421
67964.602
128000.0
49548.387
69818.182
69818.182
69189.189
90352.941
61440.0
71111.111
69189.189
70458.716
70458.716
72452.83
72452.83
73142.857
73846.154
73846.154
74563.107
75294.118
76039.604
76800.0
75294.118
76800.0
75294.118
111304.348
61935.484
73846.154
73142.857
72452.83
72452.83
71775.701
71111.111
71111.111
71111.111
92530.12
61935.484
69189.189
69818.182
67964.602
67964.602
65641.026
90352.941
59076.923
66782.609
65084.746
125901.639
41739.13
62950.82
64537.815
65641.026
96000.0
54468.085
62950.82
91428.571
55652.174
64000.0
61935.484
102400.0
87272.727
52965.517
61440.0
61440.0
111304.348
78367.347
55652.174
64000.0
64537.815
112941.176
54468.085
65641.026
66782.609
114626.866
56470.588
67964.602
68571.429
94814.815
58181.818
66782.609
66206.897
67368.421
68571.429
69818.182
67368.421
69818.182
69189.189
69818.182
69189.189
79175.258
61935.484
68571.429
67964.602
67964.602
67368.421
68571.429
66782.609
67368.421
68571.429
67964.602
120000.0
54857.143
67964.602
67964.602
82580.645
61935.484
68571.429
69189.189
83478.261
60952.381
68571.429
73142.857
1097142.857
67368.421
67368.421
66782.609
66206.897
125901.639
307200.0
55251.799
65641.026
65641.026
108169.014
55251.799
62950.82
63471.074
108169.014
53333.333
61935.484
61935.484
108169.014
52602.74
64000.0
92530.12
55251.799
62950.82
63471.074
108169.014
92530.12
55652.174
64000.0
65641.026
108169.014
54468.085
66782.609
66206.897
106666.667
55251.799
65641.026
65084.746
105205.479
54084.507
64000.0
64537.815
105205.479
52965.517
64537.815
65641.026
106666.667
53333.333
66782.609
65641.026
103783.784
53706.294
65084.746
66782.609
106666.667
54468.085
134736.842
42905.028
109714.286
53333.333
66206.897
65641.026
111304.348
54084.507
66206.897
88275.862
56470.588
94814.815
192000.0
65084.746
128000.0
42197.802
62439.024
79175.258
54468.085
60952.381
61440.0
96000.0
52965.517
60472.441
60472.441
88275.862
53706.294
61935.484
60952.381
114626.866
51891.892
61440.0
61440.0
112941.176
52244.898
62950.82
63471.074
116363.636
52602.74
128000.0
130169.492
111304.348
139636.364
112941.176
55251.799
170666.667
114626.866
67368.421
137142.857
590769.231
114626.866
54084.507
67368.421
67964.602
111304.348
56470.588
93658.537
264827.586
73846.154
63471.074
66206.897
65084.746
108169.014
320000.0
65084.746
64537.815
90352.941
57313.433
65641.026
274285.714
87272.727
142222.222
57313.433
58625.954
67368.421
67964.602
91428.571
58625.954
67964.602
68571.429
166956.522
213333.333
60952.381
187317.073
109714.286
69189.189
134736.842
74563.107
130169.492
67368.421
284444.444
86292.135
65084.746
64537.815
65084.746
83478.261
274285.714
63471.074
62950.82
62439.024
174545.455
103783.784
65084.746
112941.176
54084.507
65084.746
65641.026
112941.176
55251.799
66782.609
67368.421
109714.286
56470.588
66782.609
67368.421
65641.026
64537.815
64000.0
63471.074
62439.024
128000.0
41967.213
62950.82
63471.074
64000.0
98461.538
56888.889
65084.746
65084.746
87272.727
56058.394
64537.815
91428.571
56058.394
65641.026
65641.026
93658.537
56058.394
62950.82
64000.0
84395.604
56470.588
63471.074
64537.815
65641.026
65641.026
132413.793
47701.863
64537.815
64537.815
65641.026
65084.746
64537.815
62950.82
64537.815
103783.784
83478.261
57313.433
62439.024
61935.484
109714.286
51891.892
62439.024
64000.0
109714.286
52965.517
64537.815
64537.815
111304.348
54468.085
64000.0
65641.026
114626.866
54468.085
66206.897
82580.645
56470.588
64537.815
66206.897
108169.014
54084.507
65641.026
83478.261
59534.884
67368.421
79175.258
58625.954
66206.897
65084.746
109714.286
89302.326
59076.923
66782.609
66206.897
134736.842
44651.163
67368.421
80842.105
426666.667
69189.189
69189.189
67964.602
125901.639
59076.923
240000.0
69189.189
67964.602
67964.602
67964.602
66782.609
67964.602
96000.0
59534.884
66206.897
182857.143
108169.014
67368.421
67964.602
67368.421
97215.19
853333.333
61440.0
68571.429
69189.189
94814.815
72452.83
480000.0
71111.111
71775.701
116363.636
60952.381
70458.716
71775.701
88275.862
60952.381
125901.639
47116.564
77575.758
61440.0
65641.026
65084.746
66206.897
65641.026
71775.701
61935.484
66782.609
65641.026
65641.026
64537.815
63471.074
64537.815
125901.639
43146.067
105205.479
54857.143
64000.0
64000.0
111304.348
54084.507
62439.024
62439.024
109714.286
52965.517
63471.074
73846.154
109714.286
52602.74
62439.024
61935.484
94814.815
56058.394
61935.484
88275.862
54857.143
63471.074
62439.024
112941.176
52965.517
61440.0
76800.0
55251.799
62439.024
61935.484
114626.866
52965.517
61440.0
61935.484
112941.176
50860.927
59534.884
62439.024
96000.0
52965.517
60000.0
247741.935
79175.258
58625.954
96000.0
57744.361
61935.484
320000.0
75294.118
60952.381
67964.602
106666.667
50860.927
60000.0
60952.381
96000.0
52965.517
60000.0
87272.727
51891.892
59076.923
82580.645
51543.624
59076.923
67964.602
56058.394
62439.024
62950.82
90352.941
54857.143
61935.484
62950.82
128000.0
44912.281
65641.026
67368.421
112941.176
57313.433
213333.333
101052.632
84395.604
70458.716
58625.954
66782.609
307200.0
102400.0
59534.884
66782.609
93658.537
60000.0
66206.897
65641.026
73846.154
59534.884
65084.746
66206.897
90352.941
59076.923
67368.421
67368.421
109714.286
55652.174
66206.897
80842.105
60472.441
65084.746
86292.135
56058.394
105205.479
52965.517
61935.484
63471.074
69818.182
61440.0
64000.0
87272.727
54468.085
61935.484
62439.024
75294.118
56888.889
64537.815
65641.026
118153.846
54857.143
66782.609
67964.602
109714.286
56058.394
125901.639
45714.286
90352.941
59076.923
65641.026
64000.0
65084.746
63471.074
62439.024
61935.484
62950.82
93658.537
54857.143
62950.82
62439.024
116363.636
52602.74
62950.82
62950.82
118153.846
54468.085
62439.024
91428.571
58625.954
213333.333
94814.815
67368.421
108169.014
53333.333
67368.421
68571.429
111304.348
57313.433
67368.421
69818.182
92530.12
60000.0
69818.182
67368.421
91428.571
139636.364
98461.538
65084.746
88275.862
106666.667
111304.348
62439.024
86292.135
55652.174
62439.024
64000.0
125901.639
54084.507
66206.897
66782.609
112941.176
56470.588
67368.421
67964.602
109714.286
54084.507
66206.897
79175.258
56470.588
64000.0
64000.0
98461.538
62950.82
548571.429
111304.348
52965.517
64537.815
64537.815
77575.758
320000.0
69189.189
64537.815
73142.857
108169.014
53706.294
64000.0
142222.222
123870.968
73142.857
64000.0
69189.189
88275.862
84395.604
207567.568
66206.897
65084.746
64537.815
64537.815
62950.82
61440.0
97215.19
55251.799
62439.024
88275.862
56058.394
128000.0
41069.519
63471.074
85333.333
54468.085
62439.024
62950.82
61440.0
111304.348
79175.258
48301.887
60000.0
61935.484
62950.82
61440.0
116363.636
51891.892
108169.014
52602.74
64537.815
64537.815
64537.815
96000.0
54468.085
63471.074
61935.484
61935.484
60472.441
61440.0
86292.135
52244.898
60952.381
59534.884
60952.381
61935.484
61935.484
61440.0
134736.842
109714.286
147692.308
98461.538
77575.758
52602.74
62439.024
60952.381
60472.441
61440.0
114626.866
53706.294
60952.381
89302.326
55251.799
63471.074
87272.727
54468.085
62950.82
71111.111
108169.014
51891.892
79175.258
54084.507
61440.0
62439.024
89302.326
53333.333
63471.074
65084.746
91428.571
55652.174
64000.0
65641.026
72452.83
60000.0
66782.609
89302.326
59076.923
66782.609
66206.897
83478.261
58625.954
66206.897
90352.941
114626.866
55251.799
65084.746
64000.0
114626.866
53706.294
64000.0
64000.0
62950.82
62439.024
130169.492
56888.889
54084.507
94814.815
178604.651
62439.024
63471.074
66206.897
85333.333
150588.235
98461.538
68571.429
67964.602
68571.429
69189.189
97215.19
60472.441
69818.182
69818.182
69189.189
132413.793
46829.268
69818.182
88275.862
64000.0
71111.111
69818.182
69818.182
89302.326
1536000.0
60472.441
67964.602
90352.941
59076.923
66782.609
68571.429
65084.746
66782.609
106666.667
698181.818
57313.433
66782.609
66206.897
128000.0
45988.024
69189.189
90352.941
61935.484
69818.182
69818.182
307200.0
90352.941
68571.429
76800.0
64000.0
67964.602
82580.645
61935.484
69818.182
90352.941
60472.441
77575.758
640000.0
91428.571
59076.923
125901.639
46265.06
96000.0
60952.381
68571.429
69189.189
132413.793
46265.06
69189.189
68571.429
69189.189
69818.182
69189.189
69189.189
98461.538
58181.818
67964.602
68571.429
106666.667
56470.588
67964.602
68571.429
106666.667
55251.799
66206.897
65084.746
114626.866
54468.085
64537.815
64537.815
130169.492
51543.624
65641.026
67368.421
111304.348
55251.799
128000.0
44651.163
67368.421
67368.421
65084.746
65084.746
62439.024
60472.441
62439.024
60952.381
60472.441
93658.537
52965.517
59534.884
61935.484
114626.866
52244.898
61440.0
64000.0
112941.176
52965.517
284444.444
130169.492
55251.799
112941.176
56470.588
66782.609
320000.0
87272.727
111304.348
57313.433
69189.189
80000.0
62950.82
68571.429
90352.941
60000.0
67964.602
73846.154
62950.82
67964.602
130169.492
45443.787
66782.609
67368.421
67368.421
128000.0
44651.163
92530.12
56470.588
65084.746
62950.82
61935.484
61440.0
59534.884
84395.604
52602.74
59076.923
60000.0
59076.923
61935.484
111304.348
53333.333
63471.074
64537.815
106666.667
52602.74
64537.815
64537.815
109714.286
52965.517
62950.82
62950.82
80842.105
52965.517
61440.0
61440.0
111304.348
51200.0
61440.0
71775.701
52965.517
60000.0
60000.0
174545.455
91428.571
60000.0
59534.884
67964.602
56470.588
64000.0
130169.492
47407.407
66206.897
67964.602
90352.941
77575.758
284444.444
67964.602
67964.602
66782.609
67368.421
256000.0
88275.862
65084.746
128000.0
57744.361
57313.433
307200.0
82580.645
66206.897
66782.609
65641.026
64000.0
65084.746
109714.286
54468.085
65084.746
65641.026
65641.026
66206.897
94814.815
219428.571
65641.026
65084.746
63471.074
106666.667
51891.892
61935.484
62439.024
82580.645
56058.394
65084.746
90352.941
187317.073
82580.645
65641.026
84395.604
59076.923
114626.866
156734.694
73142.857
64000.0
68571.429
68571.429
68571.429
108169.014
56470.588
69189.189
166956.522
121904.762
108169.014
55652.174
67964.602
67964.602
108169.014
55652.174
67368.421
71775.701
64537.815
68571.429
125901.639
49548.387
68571.429
67964.602
68571.429
68571.429
67964.602
125901.639
44912.281
66782.609
67964.602
68571.429
69189.189
106666.667
79175.258
59076.923
66206.897
67368.421
82580.645
58625.954
64537.815
123870.968
43146.067
60000.0
61935.484
62439.024
118153.846
44912.281
59534.884
86292.135
51543.624
59076.923
58625.954
93658.537
50196.078
56058.394
56888.889
93658.537
74563.107
66206.897
109714.286
90352.941
101052.632
128000.0
142222.222
144905.66
139636.364
144905.66
123870.968
150588.235
144905.66
144905.66
153600.0
147692.308
60472.441
61935.484
61935.484
128000.0
108169.014
99740.26
54084.507
61440.0
61440.0
60472.441
60000.0
123870.968
47701.863
60472.441
84395.604
52602.74
60000.0
58625.954
106666.667
77575.758
55251.799
63471.074
114626.866
51543.624
63471.074
82580.645
54084.507
61440.0
83478.261
52602.74
125901.639
108169.014
77575.758
53706.294
60000.0
61935.484
60472.441
128000.0
102400.0
98461.538
51200.0
58625.954
58181.818
56888.889
56470.588
58625.954
70458.716
48607.595
57313.433
55251.799
81702.128
48607.595
53706.294
54468.085
56470.588
98461.538
43885.714
54468.085
70458.716
49230.769
54857.143
75294.118
49548.387
59534.884
59076.923
57744.361
59534.884
132413.793
44137.931
59534.884
57744.361
105205.479
48301.887
55251.799
71111.111
50526.316
56888.889
57744.361
105205.479
49870.13
60000.0
59534.884
106666.667
67964.602
52602.74
59534.884
87272.727
51543.624
58181.818
74563.107
51543.624
59534.884
79175.258
52965.517
61935.484
87272.727
53333.333
62950.82
73846.154
54084.507
60000.0
61935.484
108169.014
49870.13
60472.441
87272.727
54468.085
60952.381
60952.381
60952.381
60000.0
59076.923
58181.818
130169.492
106666.667
57744.361
84395.604
49230.769
57744.361
85333.333
49548.387
57744.361
88275.862
52602.74
61440.0
60000.0
105205.479
77575.758
50196.078
56470.588
57744.361
56470.588
55652.174
54857.143
57313.433
99740.26
60952.381
48607.595
56470.588
75294.118
48607.595
55251.799
66206.897
49548.387
54857.143
56888.889
105205.479
47407.407
56470.588
76800.0
52602.74
58625.954
76800.0
52602.74
58181.818
57744.361
59534.884
57744.361
68571.429
51200.0
58181.818
84395.604
51200.0
58625.954
58181.818
58181.818
59076.923
57744.361
58181.818
60472.441
106666.667
49230.769
59534.884
75294.118
52244.898
58181.818
60472.441
106666.667
48917.197
60000.0
82580.645
51543.624
58181.818
58625.954
83478.261
49230.769
55251.799
56470.588
83478.261
49230.769
54857.143
71775.701
49230.769
55251.799
56470.588
128000.0
36746.411
57744.361
83478.261
51200.0
57313.433
58181.818
59076.923
60952.381
196923.077
139636.364
52965.517
59534.884
58181.818
69189.189
53333.333
59076.923
85333.333
53706.294
59534.884
80000.0
49870.13
56888.889
80000.0
48301.887
54084.507
80842.105
48000.0
54468.085
54857.143
103783.784
48607.595
54468.085
82580.645
48917.197
54857.143
66206.897
48917.197
125901.639
101052.632
54084.507
90352.941
49230.769
54468.085
66206.897
48917.197
56058.394
77575.758
48917.197
53333.333
54084.507
101052.632
46545.455
53706.294
101052.632
48301.887
125901.639
101052.632
79175.258
49230.769
54468.085
53333.333
52244.898
55251.799
66206.897
48000.0
54468.085
59534.884
51543.624
54857.143
56058.394
82580.645
49870.13
56058.394
57744.361
87272.727
50526.316
56470.588
106666.667
48607.595
57744.361
71775.701
52965.517
58181.818
58625.954
70458.716
52965.517
59076.923
59534.884
69818.182
51891.892
59534.884
69818.182
50196.078
57744.361
56470.588
56058.394
89302.326
45988.024
56058.394
65084.746
50526.316
54468.085
55652.174
89302.326
48607.595
53706.294
79175.258
49230.769
54084.507
57313.433
80842.105
49870.13
56470.588
103783.784
47701.863
55251.799
102400.0
49548.387
54857.143
98461.538
50196.078
56470.588
56470.588
58625.954
56058.394
56058.394
57313.433
56058.394
83478.261
49548.387
57313.433
81702.128
49548.387
56058.394
79175.258
50196.078
55251.799
75294.118
49548.387
54857.143
76800.0
49870.13
54857.143
81702.128
51200.0
55251.799
54857.143
56470.588
60952.381
75294.118
48000.0
53706.294
81702.128
48917.197
54468.085
79175.258
48607.595
54468.085
58181.818
53333.333
54857.143
76039.604
49230.769
53706.294
79175.258
48607.595
55652.174
56888.889
75294.118
52602.74
128000.0
103783.784
84395.604
51891.892
60472.441
58625.954
59076.923
60472.441
60952.381
59534.884
66782.609
54857.143
59076.923
84395.604
51200.0
58625.954
82580.645
50196.078
56888.889
56470.588
55652.174
54857.143
55652.174
90352.941
48607.595
53333.333
55652.174
56058.394
55251.799
55251.799
55652.174
54084.507
77575.758
49230.769
54084.507
54084.507
54857.143
56888.889
77575.758
49230.769
54857.143
72452.83
49230.769
56058.394
81702.128
49870.13
54857.143
70458.716
50526.316
55652.174
56888.889
56888.889
56888.889
56470.588
58181.818
57313.433
58625.954
59076.923
59076.923
58625.954
66206.897
54857.143
59076.923
60472.441
58625.954
57744.361
89302.326
51543.624
57313.433
59076.923
80842.105
51543.624
58625.954
82580.645
50860.927
57313.433
76800.0
50526.316
56888.889
71775.701
50526.316
56058.394
57744.361
123870.968
43389.831
69818.182
45714.286
54084.507
73142.857
49230.769
55251.799
70458.716
49870.13
55251.799
69189.189
51200.0
56888.889
71775.701
49230.769
56058.394
96000.0
46829.268
54084.507
77575.758
49548.387
55251.799
55251.799
56888.889
55652.174
75294.118
51200.0
57313.433
57744.361
59076.923
61935.484
83478.261
54857.143
60472.441
60952.381
60000.0
88275.862
52244.898
59534.884
58625.954
58625.954
59534.884
58625.954
79175.258
50526.316
57744.361
82580.645
50196.078
56470.588
80000.0
49870.13
56058.394
56470.588
56888.889
56058.394
55652.174
55251.799
90352.941
52244.898
56470.588
77575.758
49548.387
55251.799
55251.799
55251.799
54857.143
55251.799
80000.0
51891.892
56470.588
82580.645
48917.197
55652.174
56888.889
83478.261
50526.316
56470.588
56470.588
58625.954
58181.818
82580.645
50526.316
60000.0
83478.261
51543.624
58181.818
60000.0
58181.818
58181.818
59076.923
80000.0
52244.898
58181.818
60000.0
89302.326
51891.892
57744.361
58625.954
88275.862
50860.927
56470.588
57313.433
81702.128
51543.624
59076.923
82580.645
52244.898
58625.954
57313.433
57313.433
57744.361
56888.889
81702.128
49230.769
55652.174
55251.799
76800.0
48607.595
53706.294
56058.394
89302.326
49230.769
56470.588
71775.701
49870.13
56888.889
67964.602
52602.74
56888.889
58181.818
85333.333
50526.316
56470.588
57744.361
89302.326
49870.13
55652.174
57313.433
56470.588
58181.818
58181.818
82580.645
51891.892
59534.884
84395.604
52244.898
58181.818
79175.258
50196.078
56888.889
57313.433
125901.639
39792.746
58181.818
80000.0
50526.316
58181.818
85333.333
54468.085
62439.024
61935.484
61935.484
62950.82
91428.571
50196.078
60000.0
73846.154
52244.898
60952.381
70458.716
52602.74
58625.954
59534.884
88275.862
50860.927
56470.588
56470.588
70458.716
50196.078
56058.394
54857.143
87272.727
50196.078
55652.174
81702.128
48607.595
54468.085
71111.111
50196.078
56058.394
55251.799
54857.143
89302.326
49230.769
54857.143
56888.889
56888.889
56888.889
58625.954
57744.361
56470.588
55251.799
81702.128
49870.13
54857.143
54857.143
55251.799
56470.588
65641.026
49230.769
56888.889
77575.758
49230.769
55652.174
56888.889
89302.326
49548.387
57313.433
79175.258
50860.927
58625.954
68571.429
53333.333
58625.954
62439.024
56058.394
57744.361
58625.954
58181.818
83478.261
52244.898
57744.361
75294.118
51200.0
57744.361
75294.118
50196.078
58625.954
81702.128
50860.927
59076.923
78367.347
51543.624
57744.361
60000.0
76039.604
49870.13
58625.954
58181.818
59076.923
57744.361
59534.884
58625.954
57744.361
56888.889
88275.862
50526.316
55251.799
71111.111
52602.74
61440.0
61935.484
61935.484
125901.639
103783.784
67964.602
61440.0
59076.923
87272.727
196923.077
134736.842
99740.26
85333.333
132413.793
166956.522
192000.0
83478.261
