134736.842
130169.492
59534.884
87272.727
90352.941
91428.571
92530.12
91428.571
134736.842
137142.857
247741.935
86292.135
88275.862
116363.636
80000.0
90352.941
207567.568
163404.255
93658.537
90352.941
93658.537
90352.941
91428.571
128000.0
333913.043
91428.571
92530.12
91428.571
92530.12
137142.857
130169.492
60000.0
97215.19
84395.604
91428.571
90352.941
90352.941
91428.571
90352.941
90352.941
88275.862
91428.571
88275.862
89302.326
88275.862
139636.364
137142.857
69818.182
89302.326
72452.83
87272.727
90352.941
88275.862
93658.537
88275.862
89302.326
89302.326
97215.19
82580.645
139636.364
92530.12
71111.111
123870.968
76039.604
123870.968
65641.026
87272.727
89302.326
91428.571
91428.571
90352.941
89302.326
89302.326
90352.941
90352.941
89302.326
89302.326
87272.727
90352.941
89302.326
89302.326
89302.326
90352.941
88275.862
90352.941
91428.571
89302.326
88275.862
89302.326
89302.326
88275.862
88275.862
88275.862
88275.862
88275.862
86292.135
87272.727
88275.862
88275.862
87272.727
86292.135
88275.862
88275.862
86292.135
86292.135
85333.333
87272.727
86292.135
86292.135
85333.333
86292.135
87272.727
137142.857
132413.793
51891.892
83478.261
86292.135
87272.727
87272.727
88275.862
87272.727
86292.135
87272.727
86292.135
88275.862
85333.333
87272.727
87272.727
86292.135
88275.862
87272.727
88275.862
207567.568
240000.0
480000.0
88275.862
90352.941
88275.862
88275.862
89302.326
196923.077
174545.455
256000.0
132413.793
88275.862
87272.727
90352.941
90352.941
88275.862
88275.862
88275.862
91428.571
87272.727
89302.326
89302.326
90352.941
89302.326
139636.364
132413.793
81702.128
62439.024
89302.326
88275.862
87272.727
96000.0
84395.604
90352.941
89302.326
91428.571
89302.326
92530.12
85333.333
89302.326
89302.326
87272.727
88275.862
89302.326
87272.727
90352.941
87272.727
88275.862
89302.326
97215.19
78367.347
88275.862
90352.941
86292.135
88275.862
89302.326
87272.727
87272.727
89302.326
88275.862
89302.326
105205.479
80000.0
86292.135
114626.866
77575.758
86292.135
89302.326
87272.727
88275.862
105205.479
80842.105
86292.135
89302.326
134736.842
72452.83
88275.862
84395.604
87272.727
87272.727
88275.862
89302.326
99740.26
80842.105
87272.727
89302.326
87272.727
89302.326
89302.326
87272.727
90352.941
88275.862
87272.727
89302.326
89302.326
87272.727
128000.0
137142.857
125901.639
91428.571
123870.968
70458.716
87272.727
101052.632
79175.258
88275.862
111304.348
137142.857
98461.538
116363.636
94814.815
90352.941
87272.727
87272.727
87272.727
88275.862
85333.333
89302.326
86292.135
87272.727
87272.727
87272.727
87272.727
99740.26
78367.347
86292.135
87272.727
139636.364
147692.308
1536000.0
187317.073
256000.0
114626.866
78367.347
83478.261
130169.492
67368.421
202105.263
333913.043
62439.024
84395.604
86292.135
108169.014
77575.758
160000.0
640000.0
65084.746
85333.333
91428.571
82580.645
87272.727
86292.135
112941.176
75294.118
85333.333
87272.727
87272.727
87272.727
111304.348
96000.0
69189.189
86292.135
88275.862
88275.862
85333.333
87272.727
87272.727
87272.727
86292.135
87272.727
139636.364
132413.793
53706.294
85333.333
86292.135
207567.568
150588.235
88275.862
89302.326
88275.862
87272.727
92530.12
84395.604
295384.615
128000.0
86292.135
88275.862
88275.862
108169.014
77575.758
86292.135
86292.135
88275.862
85333.333
98461.538
80842.105
85333.333
86292.135
83478.261
87272.727
82580.645
82580.645
85333.333
83478.261
82580.645
82580.645
97215.19
73846.154
79175.258
81702.128
128000.0
160000.0
91428.571
83478.261
83478.261
85333.333
88275.862
87272.727
89302.326
89302.326
90352.941
89302.326
89302.326
91428.571
89302.326
89302.326
91428.571
91428.571
89302.326
92530.12
90352.941
90352.941
91428.571
91428.571
91428.571
90352.941
91428.571
89302.326
90352.941
91428.571
91428.571
88275.862
91428.571
91428.571
91428.571
91428.571
91428.571
91428.571
89302.326
111304.348
132413.793
196923.077
89302.326
90352.941
89302.326
88275.862
88275.862
89302.326
333913.043
123870.968
89302.326
130169.492
71775.701
89302.326
103783.784
101052.632
75294.118
86292.135
87272.727
87272.727
89302.326
101052.632
80842.105
86292.135
85333.333
88275.862
85333.333
85333.333
87272.727
86292.135
109714.286
74563.107
83478.261
82580.645
85333.333
85333.333
94814.815
76800.0
84395.604
84395.604
82580.645
83478.261
84395.604
84395.604
82580.645
84395.604
83478.261
82580.645
83478.261
82580.645
81702.128
82580.645
83478.261
82580.645
82580.645
83478.261
82580.645
85333.333
83478.261
85333.333
85333.333
83478.261
86292.135
83478.261
84395.604
86292.135
83478.261
84395.604
86292.135
86292.135
83478.261
86292.135
86292.135
83478.261
86292.135
87272.727
86292.135
86292.135
86292.135
87272.727
85333.333
86292.135
87272.727
87272.727
85333.333
86292.135
87272.727
87272.727
85333.333
84395.604
87272.727
85333.333
123870.968
66206.897
85333.333
105205.479
75294.118
85333.333
137142.857
213333.333
86292.135
86292.135
225882.353
853333.333
196923.077
187317.073
139636.364
83478.261
86292.135
84395.604
87272.727
160000.0
349090.909
76039.604
87272.727
88275.862
86292.135
137142.857
76039.604
1097142.857
86292.135
88275.862
139636.364
137142.857
111304.348
92530.12
89302.326
87272.727
88275.862
90352.941
90352.941
88275.862
85333.333
90352.941
88275.862
87272.727
89302.326
87272.727
88275.862
86292.135
87272.727
87272.727
87272.727
84395.604
86292.135
86292.135
85333.333
139636.364
130169.492
67368.421
84395.604
69189.189
85333.333
84395.604
134736.842
67964.602
82580.645
84395.604
87272.727
84395.604
84395.604
88275.862
86292.135
84395.604
85333.333
87272.727
86292.135
85333.333
87272.727
87272.727
87272.727
84395.604
87272.727
86292.135
86292.135
85333.333
87272.727
85333.333
85333.333
87272.727
86292.135
86292.135
86292.135
87272.727
86292.135
86292.135
87272.727
87272.727
85333.333
86292.135
87272.727
85333.333
86292.135
86292.135
87272.727
85333.333
88275.862
86292.135
86292.135
87272.727
87272.727
87272.727
86292.135
88275.862
86292.135
88275.862
86292.135
89302.326
88275.862
86292.135
88275.862
88275.862
88275.862
87272.727
88275.862
89302.326
89302.326
87272.727
88275.862
89302.326
88275.862
87272.727
88275.862
88275.862
88275.862
87272.727
88275.862
88275.862
87272.727
87272.727
89302.326
86292.135
88275.862
88275.862
86292.135
88275.862
88275.862
86292.135
88275.862
103783.784
79175.258
86292.135
87272.727
88275.862
87272.727
88275.862
92530.12
82580.645
88275.862
105205.479
77575.758
86292.135
86292.135
85333.333
86292.135
92530.12
79175.258
84395.604
109714.286
73846.154
81702.128
84395.604
83478.261
85333.333
139636.364
62950.82
121904.762
65084.746
85333.333
137142.857
68571.429
121904.762
65641.026
85333.333
86292.135
87272.727
134736.842
70458.716
85333.333
86292.135
137142.857
65084.746
120000.0
66782.609
98461.538
78367.347
86292.135
87272.727
86292.135
86292.135
87272.727
88275.862
87272.727
87272.727
87272.727
86292.135
86292.135
86292.135
88275.862
85333.333
86292.135
86292.135
86292.135
85333.333
85333.333
85333.333
85333.333
85333.333
86292.135
83478.261
86292.135
84395.604
85333.333
86292.135
84395.604
84395.604
85333.333
85333.333
86292.135
85333.333
84395.604
85333.333
86292.135
84395.604
85333.333
86292.135
84395.604
85333.333
85333.333
123870.968
64000.0
85333.333
84395.604
83478.261
85333.333
86292.135
85333.333
83478.261
85333.333
85333.333
85333.333
85333.333
85333.333
85333.333
85333.333
84395.604
94814.815
78367.347
85333.333
83478.261
84395.604
84395.604
103783.784
76039.604
81702.128
84395.604
134736.842
61935.484
86292.135
85333.333
86292.135
86292.135
87272.727
86292.135
86292.135
87272.727
86292.135
85333.333
86292.135
86292.135
85333.333
85333.333
85333.333
85333.333
86292.135
86292.135
83478.261
85333.333
84395.604
83478.261
84395.604
83478.261
82580.645
82580.645
82580.645
82580.645
80842.105
83478.261
82580.645
81702.128
83478.261
83478.261
82580.645
82580.645
83478.261
83478.261
82580.645
83478.261
83478.261
82580.645
137142.857
160000.0
92530.12
83478.261
84395.604
84395.604
84395.604
84395.604
85333.333
83478.261
86292.135
82580.645
84395.604
85333.333
84395.604
82580.645
84395.604
83478.261
83478.261
85333.333
102400.0
71111.111
85333.333
96000.0
75294.118
85333.333
112941.176
67368.421
134736.842
62439.024
84395.604
84395.604
84395.604
85333.333
85333.333
84395.604
85333.333
87272.727
84395.604
86292.135
86292.135
137142.857
62439.024
84395.604
84395.604
86292.135
85333.333
86292.135
84395.604
86292.135
84395.604
83478.261
86292.135
82580.645
85333.333
85333.333
82580.645
85333.333
84395.604
85333.333
85333.333
86292.135
130169.492
62950.82
82580.645
85333.333
84395.604
84395.604
85333.333
85333.333
86292.135
83478.261
85333.333
86292.135
83478.261
134736.842
62950.82
80842.105
84395.604
86292.135
83478.261
82580.645
85333.333
84395.604
82580.645
84395.604
83478.261
84395.604
83478.261
84395.604
81702.128
83478.261
83478.261
82580.645
82580.645
81702.128
82580.645
82580.645
82580.645
81702.128
81702.128
82580.645
81702.128
81702.128
137142.857
170666.667
89302.326
80842.105
134736.842
213333.333
82580.645
82580.645
83478.261
83478.261
83478.261
137142.857
160000.0
94814.815
86292.135
86292.135
87272.727
84395.604
86292.135
85333.333
85333.333
85333.333
85333.333
84395.604
85333.333
85333.333
84395.604
84395.604
85333.333
85333.333
86292.135
84395.604
85333.333
87272.727
83478.261
85333.333
85333.333
85333.333
84395.604
85333.333
86292.135
84395.604
85333.333
85333.333
86292.135
83478.261
85333.333
91428.571
80000.0
85333.333
86292.135
82580.645
84395.604
84395.604
83478.261
84395.604
128000.0
63471.074
80842.105
84395.604
93658.537
76800.0
83478.261
84395.604
82580.645
85333.333
98461.538
74563.107
82580.645
82580.645
83478.261
82580.645
82580.645
82580.645
82580.645
82580.645
81702.128
83478.261
81702.128
82580.645
79175.258
84395.604
80842.105
82580.645
134736.842
163404.255
88275.862
84395.604
83478.261
81702.128
82580.645
80842.105
84395.604
82580.645
137142.857
163404.255
93658.537
84395.604
84395.604
85333.333
84395.604
84395.604
82580.645
84395.604
84395.604
81702.128
130169.492
62439.024
80842.105
83478.261
84395.604
81702.128
83478.261
84395.604
82580.645
132413.793
156734.694
96000.0
84395.604
82580.645
83478.261
81702.128
81702.128
81702.128
81702.128
81702.128
82580.645
81702.128
80842.105
81702.128
81702.128
82580.645
80842.105
80000.0
80842.105
80842.105
80842.105
80842.105
80842.105
128000.0
153600.0
94814.815
83478.261
82580.645
81702.128
83478.261
83478.261
82580.645
82580.645
128000.0
61440.0
81702.128
82580.645
81702.128
82580.645
82580.645
82580.645
82580.645
82580.645
82580.645
83478.261
106666.667
68571.429
82580.645
83478.261
128000.0
62439.024
81702.128
83478.261
84395.604
81702.128
83478.261
83478.261
83478.261
137142.857
163404.255
92530.12
85333.333
83478.261
83478.261
83478.261
83478.261
83478.261
82580.645
82580.645
84395.604
82580.645
82580.645
84395.604
82580.645
84395.604
83478.261
82580.645
82580.645
83478.261
132413.793
163404.255
111304.348
72452.83
84395.604
109714.286
65641.026
82580.645
83478.261
81702.128
121904.762
63471.074
88275.862
77575.758
83478.261
83478.261
83478.261
84395.604
81702.128
82580.645
84395.604
81702.128
82580.645
82580.645
81702.128
82580.645
82580.645
82580.645
82580.645
82580.645
82580.645
82580.645
81702.128
82580.645
81702.128
82580.645
80000.0
81702.128
80842.105
137142.857
166956.522
89302.326
80842.105
81702.128
81702.128
80842.105
82580.645
80842.105
80842.105
80000.0
80842.105
79175.258
80842.105
78367.347
134736.842
163404.255
87272.727
80842.105
81702.128
81702.128
81702.128
81702.128
134736.842
166956.522
88275.862
82580.645
81702.128
82580.645
83478.261
80000.0
82580.645
81702.128
82580.645
80000.0
81702.128
81702.128
82580.645
83478.261
83478.261
134736.842
160000.0
92530.12
83478.261
83478.261
83478.261
86292.135
81702.128
83478.261
84395.604
84395.604
83478.261
85333.333
83478.261
85333.333
85333.333
83478.261
84395.604
86292.135
82580.645
85333.333
84395.604
83478.261
84395.604
84395.604
83478.261
83478.261
84395.604
84395.604
137142.857
163404.255
94814.815
85333.333
84395.604
83478.261
85333.333
84395.604
81702.128
84395.604
82580.645
82580.645
84395.604
81702.128
130169.492
61440.0
81702.128
82580.645
82580.645
84395.604
84395.604
82580.645
81702.128
130169.492
61440.0
106666.667
66782.609
132413.793
156734.694
93658.537
98461.538
75294.118
130169.492
72452.83
132413.793
142222.222
85333.333
82580.645
83478.261
83478.261
82580.645
83478.261
83478.261
81702.128
82580.645
82580.645
81702.128
81702.128
80842.105
81702.128
80000.0
80842.105
79175.258
80000.0
80842.105
81702.128
80842.105
79175.258
80842.105
80000.0
80842.105
80000.0
80842.105
79175.258
80842.105
80000.0
80842.105
79175.258
80000.0
80000.0
80842.105
80000.0
80842.105
79175.258
79175.258
79175.258
132413.793
166956.522
85333.333
80000.0
80842.105
102400.0
65641.026
80000.0
80842.105
78367.347
80000.0
80000.0
80000.0
80000.0
82580.645
79175.258
80842.105
81702.128
81702.128
82580.645
83478.261
81702.128
83478.261
83478.261
84395.604
114626.866
66782.609
82580.645
134736.842
144905.66
102400.0
87272.727
86292.135
83478.261
85333.333
82580.645
87272.727
83478.261
84395.604
84395.604
83478.261
84395.604
85333.333
84395.604
82580.645
86292.135
82580.645
84395.604
82580.645
83478.261
82580.645
83478.261
83478.261
82580.645
83478.261
83478.261
83478.261
81702.128
83478.261
81702.128
82580.645
82580.645
81702.128
81702.128
82580.645
82580.645
163404.255
156734.694
81702.128
82580.645
82580.645
83478.261
80842.105
80842.105
112941.176
64537.815
81702.128
219428.571
130169.492
83478.261
81702.128
81702.128
83478.261
82580.645
82580.645
84395.604
137142.857
163404.255
92530.12
84395.604
84395.604
84395.604
83478.261
82580.645
84395.604
83478.261
83478.261
83478.261
82580.645
109714.286
67368.421
82580.645
83478.261
134736.842
170666.667
89302.326
84395.604
81702.128
82580.645
82580.645
82580.645
82580.645
82580.645
134736.842
166956.522
89302.326
83478.261
81702.128
82580.645
82580.645
81702.128
82580.645
82580.645
82580.645
80842.105
82580.645
82580.645
81702.128
82580.645
82580.645
82580.645
81702.128
137142.857
163404.255
92530.12
83478.261
83478.261
84395.604
82580.645
82580.645
84395.604
82580.645
132413.793
156734.694
96000.0
85333.333
83478.261
83478.261
83478.261
83478.261
83478.261
83478.261
84395.604
82580.645
82580.645
84395.604
82580.645
82580.645
83478.261
81702.128
82580.645
83478.261
81702.128
82580.645
82580.645
82580.645
81702.128
83478.261
81702.128
93658.537
76039.604
81702.128
82580.645
81702.128
80842.105
82580.645
81702.128
80842.105
82580.645
80842.105
81702.128
81702.128
80842.105
80842.105
81702.128
80842.105
81702.128
81702.128
80842.105
81702.128
81702.128
80842.105
82580.645
80842.105
80842.105
81702.128
80842.105
80842.105
81702.128
80842.105
80842.105
80842.105
81702.128
80842.105
132413.793
170666.667
87272.727
81702.128
81702.128
80842.105
80842.105
80842.105
132413.793
166956.522
88275.862
82580.645
82580.645
82580.645
83478.261
82580.645
82580.645
82580.645
137142.857
163404.255
91428.571
83478.261
83478.261
83478.261
82580.645
84395.604
83478.261
83478.261
120000.0
64537.815
82580.645
128000.0
116363.636
128000.0
86292.135
84395.604
84395.604
106666.667
68571.429
84395.604
84395.604
83478.261
84395.604
84395.604
84395.604
84395.604
85333.333
83478.261
84395.604
84395.604
83478.261
84395.604
83478.261
82580.645
83478.261
83478.261
82580.645
83478.261
84395.604
82580.645
84395.604
84395.604
83478.261
83478.261
83478.261
82580.645
83478.261
81702.128
82580.645
82580.645
82580.645
81702.128
82580.645
81702.128
82580.645
82580.645
81702.128
80842.105
118153.846
132413.793
109714.286
84395.604
82580.645
80842.105
82580.645
81702.128
80842.105
81702.128
134736.842
163404.255
121904.762
67368.421
83478.261
81702.128
83478.261
82580.645
82580.645
83478.261
83478.261
81702.128
83478.261
83478.261
81702.128
83478.261
83478.261
84395.604
82580.645
84395.604
86292.135
84395.604
83478.261
85333.333
85333.333
83478.261
85333.333
84395.604
84395.604
85333.333
85333.333
83478.261
84395.604
85333.333
84395.604
84395.604
139636.364
160000.0
96000.0
86292.135
84395.604
84395.604
85333.333
83478.261
84395.604
83478.261
83478.261
83478.261
83478.261
83478.261
82580.645
83478.261
83478.261
83478.261
82580.645
82580.645
137142.857
163404.255
92530.12
82580.645
83478.261
82580.645
82580.645
83478.261
81702.128
82580.645
82580.645
82580.645
83478.261
82580.645
82580.645
83478.261
82580.645
82580.645
82580.645
82580.645
82580.645
82580.645
82580.645
137142.857
166956.522
90352.941
82580.645
82580.645
83478.261
83478.261
82580.645
83478.261
83478.261
82580.645
83478.261
83478.261
82580.645
83478.261
82580.645
82580.645
83478.261
82580.645
83478.261
83478.261
83478.261
82580.645
84395.604
83478.261
137142.857
160000.0
144905.66
284444.444
85333.333
82580.645
114626.866
66782.609
85333.333
84395.604
213333.333
142222.222
83478.261
86292.135
84395.604
84395.604
84395.604
85333.333
84395.604
84395.604
83478.261
82580.645
85333.333
83478.261
82580.645
83478.261
139636.364
160000.0
94814.815
83478.261
85333.333
83478.261
84395.604
84395.604
85333.333
84395.604
84395.604
84395.604
83478.261
85333.333
82580.645
83478.261
83478.261
83478.261
83478.261
84395.604
84395.604
83478.261
84395.604
84395.604
83478.261
85333.333
84395.604
82580.645
84395.604
85333.333
83478.261
84395.604
83478.261
84395.604
84395.604
84395.604
85333.333
134736.842
163404.255
96000.0
85333.333
83478.261
84395.604
83478.261
84395.604
84395.604
82580.645
82580.645
83478.261
82580.645
83478.261
82580.645
82580.645
82580.645
82580.645
81702.128
82580.645
81702.128
82580.645
81702.128
82580.645
80842.105
81702.128
80842.105
81702.128
82580.645
81702.128
81702.128
82580.645
82580.645
81702.128
82580.645
81702.128
82580.645
81702.128
82580.645
80842.105
99740.26
69818.182
82580.645
81702.128
82580.645
134736.842
166956.522
89302.326
84395.604
83478.261
81702.128
83478.261
82580.645
81702.128
82580.645
83478.261
83478.261
81702.128
83478.261
83478.261
82580.645
84395.604
82580.645
84395.604
83478.261
82580.645
84395.604
83478.261
84395.604
81702.128
83478.261
82580.645
83478.261
81702.128
81702.128
81702.128
82580.645
134736.842
160000.0
94814.815
84395.604
83478.261
84395.604
83478.261
82580.645
83478.261
83478.261
84395.604
81702.128
84395.604
83478.261
83478.261
83478.261
84395.604
85333.333
82580.645
84395.604
83478.261
96000.0
74563.107
83478.261
83478.261
83478.261
82580.645
83478.261
83478.261
82580.645
83478.261
82580.645
82580.645
84395.604
83478.261
81702.128
83478.261
82580.645
82580.645
84395.604
81702.128
83478.261
84395.604
81702.128
83478.261
83478.261
83478.261
83478.261
82580.645
84395.604
83478.261
84395.604
83478.261
128000.0
62950.82
82580.645
83478.261
85333.333
86292.135
84395.604
84395.604
85333.333
85333.333
82580.645
87272.727
85333.333
86292.135
85333.333
83478.261
85333.333
84395.604
84395.604
83478.261
84395.604
85333.333
84395.604
83478.261
85333.333
82580.645
85333.333
83478.261
85333.333
83478.261
83478.261
83478.261
83478.261
82580.645
82580.645
83478.261
82580.645
81702.128
82580.645
80842.105
81702.128
81702.128
82580.645
80842.105
81702.128
81702.128
81702.128
81702.128
82580.645
80842.105
81702.128
81702.128
81702.128
80842.105
80842.105
82580.645
80000.0
81702.128
81702.128
81702.128
81702.128
81702.128
80842.105
80842.105
80842.105
80842.105
80000.0
80000.0
80000.0
79175.258
79175.258
78367.347
80000.0
130169.492
160000.0
90352.941
81702.128
82580.645
83478.261
81702.128
81702.128
81702.128
82580.645
82580.645
80842.105
81702.128
81702.128
81702.128
81702.128
82580.645
81702.128
82580.645
82580.645
81702.128
81702.128
82580.645
82580.645
81702.128
81702.128
82580.645
81702.128
80842.105
81702.128
132413.793
163404.255
90352.941
81702.128
82580.645
80842.105
80842.105
80842.105
80842.105
80000.0
134736.842
166956.522
87272.727
80842.105
80000.0
80842.105
80000.0
80000.0
80000.0
80842.105
80000.0
81702.128
80000.0
80000.0
80842.105
80842.105
80000.0
80842.105
80842.105
80000.0
80842.105
80842.105
80842.105
81702.128
130169.492
160000.0
91428.571
83478.261
82580.645
82580.645
82580.645
82580.645
82580.645
81702.128
83478.261
82580.645
82580.645
82580.645
83478.261
83478.261
83478.261
83478.261
84395.604
84395.604
84395.604
84395.604
85333.333
85333.333
84395.604
84395.604
84395.604
85333.333
84395.604
134736.842
153600.0
98461.538
87272.727
85333.333
85333.333
83478.261
84395.604
84395.604
83478.261
83478.261
82580.645
83478.261
82580.645
81702.128
81702.128
82580.645
82580.645
80842.105
82580.645
116363.636
125901.639
51200.0
91428.571
72452.83
80842.105
81702.128
81702.128
80842.105
80842.105
82580.645
134736.842
166956.522
87272.727
80000.0
81702.128
80000.0
79175.258
80000.0
79175.258
79175.258
78367.347
77575.758
78367.347
77575.758
78367.347
76800.0
78367.347
77575.758
78367.347
77575.758
78367.347
77575.758
78367.347
80000.0
80000.0
79175.258
80842.105
134736.842
166956.522
85333.333
81702.128
81702.128
80842.105
80842.105
80842.105
80842.105
80842.105
81702.128
80000.0
80000.0
80842.105
80842.105
79175.258
80842.105
134736.842
163404.255
86292.135
80000.0
80842.105
80000.0
80842.105
80842.105
80000.0
80842.105
80842.105
80000.0
80842.105
81702.128
80842.105
80842.105
81702.128
81702.128
81702.128
82580.645
80842.105
81702.128
82580.645
80842.105
81702.128
91428.571
76039.604
81702.128
82580.645
80842.105
81702.128
81702.128
80842.105
81702.128
80842.105
80842.105
81702.128
81702.128
80842.105
134736.842
163404.255
88275.862
81702.128
80842.105
80842.105
80842.105
80000.0
81702.128
80842.105
132413.793
166956.522
86292.135
80000.0
79175.258
79175.258
80000.0
78367.347
130169.492
166956.522
83478.261
78367.347
78367.347
77575.758
77575.758
76039.604
76800.0
103783.784
61440.0
76800.0
76800.0
77575.758
77575.758
78367.347
77575.758
78367.347
77575.758
77575.758
78367.347
77575.758
78367.347
77575.758
77575.758
77575.758
80000.0
80000.0
80000.0
80000.0
137142.857
163404.255
86292.135
108169.014
128000.0
50526.316
79175.258
80842.105
80000.0
80842.105
80842.105
80842.105
80842.105
80842.105
81702.128
80000.0
81702.128
81702.128
80842.105
81702.128
80842.105
80842.105
80842.105
81702.128
80000.0
81702.128
81702.128
81702.128
82580.645
82580.645
82580.645
82580.645
82580.645
82580.645
82580.645
82580.645
82580.645
82580.645
82580.645
82580.645
81702.128
83478.261
82580.645
82580.645
82580.645
98461.538
73846.154
81702.128
81702.128
82580.645
82580.645
81702.128
81702.128
81702.128
81702.128
80842.105
82580.645
80842.105
80842.105
134736.842
166956.522
87272.727
80842.105
80842.105
80842.105
80000.0
79175.258
80842.105
80000.0
79175.258
79175.258
79175.258
78367.347
78367.347
79175.258
79175.258
78367.347
79175.258
78367.347
78367.347
77575.758
78367.347
76800.0
77575.758
77575.758
76800.0
76800.0
77575.758
76800.0
76800.0
77575.758
77575.758
76800.0
77575.758
76800.0
76800.0
76800.0
76800.0
77575.758
77575.758
76800.0
77575.758
78367.347
79175.258
78367.347
78367.347
78367.347
78367.347
78367.347
79175.258
79175.258
77575.758
137142.857
160000.0
84395.604
79175.258
79175.258
78367.347
80000.0
79175.258
132413.793
163404.255
87272.727
80842.105
81702.128
80842.105
80842.105
80842.105
80842.105
80842.105
80000.0
81702.128
80000.0
81702.128
81702.128
80842.105
81702.128
82580.645
82580.645
81702.128
82580.645
82580.645
81702.128
82580.645
81702.128
82580.645
82580.645
81702.128
81702.128
82580.645
81702.128
81702.128
82580.645
82580.645
81702.128
82580.645
80842.105
80842.105
80842.105
80842.105
80000.0
80842.105
79175.258
80000.0
79175.258
79175.258
79175.258
78367.347
79175.258
78367.347
78367.347
77575.758
77575.758
76800.0
77575.758
77575.758
76800.0
76800.0
77575.758
76800.0
77575.758
77575.758
76800.0
76800.0
78367.347
76800.0
77575.758
77575.758
76800.0
77575.758
76800.0
77575.758
88275.862
71111.111
77575.758
78367.347
79175.258
79175.258
79175.258
134736.842
163404.255
85333.333
79175.258
80000.0
79175.258
79175.258
79175.258
134736.842
163404.255
86292.135
79175.258
80842.105
114626.866
64000.0
77575.758
79175.258
79175.258
79175.258
80842.105
80000.0
79175.258
80000.0
80842.105
80000.0
80000.0
80842.105
80842.105
80842.105
134736.842
163404.255
89302.326
81702.128
82580.645
80842.105
80842.105
81702.128
81702.128
80842.105
82580.645
80842.105
134736.842
160000.0
91428.571
83478.261
83478.261
81702.128
84395.604
82580.645
85333.333
82580.645
85333.333
142222.222
163404.255
178604.651
187317.073
192000.0
73846.154
77575.758
101052.632
76800.0
85333.333
85333.333
86292.135
86292.135
87272.727
86292.135
86292.135
86292.135
87272.727
85333.333
86292.135
97215.19
79175.258
84395.604
130169.492
132413.793
114626.866
91428.571
85333.333
86292.135
86292.135
86292.135
85333.333
85333.333
86292.135
84395.604
84395.604
85333.333
85333.333
83478.261
85333.333
84395.604
84395.604
84395.604
83478.261
85333.333
84395.604
84395.604
83478.261
85333.333
84395.604
84395.604
85333.333
85333.333
84395.604
85333.333
86292.135
85333.333
84395.604
86292.135
84395.604
84395.604
84395.604
84395.604
83478.261
83478.261
82580.645
82580.645
82580.645
120000.0
128000.0
85333.333
153600.0
76800.0
139636.364
160000.0
93658.537
86292.135
86292.135
85333.333
87272.727
86292.135
86292.135
86292.135
86292.135
86292.135
85333.333
85333.333
85333.333
84395.604
86292.135
84395.604
84395.604
85333.333
84395.604
84395.604
84395.604
84395.604
84395.604
83478.261
83478.261
84395.604
83478.261
83478.261
82580.645
96000.0
73846.154
82580.645
82580.645
82580.645
83478.261
83478.261
83478.261
83478.261
82580.645
82580.645
84395.604
84395.604
82580.645
83478.261
83478.261
82580.645
81702.128
83478.261
85333.333
83478.261
84395.604
85333.333
85333.333
84395.604
84395.604
86292.135
85333.333
84395.604
84395.604
85333.333
84395.604
84395.604
84395.604
85333.333
84395.604
84395.604
84395.604
84395.604
84395.604
84395.604
84395.604
84395.604
83478.261
83478.261
83478.261
83478.261
134736.842
160000.0
94814.815
85333.333
83478.261
83478.261
84395.604
83478.261
83478.261
82580.645
83478.261
84395.604
83478.261
82580.645
81702.128
82580.645
130169.492
61440.0
80000.0
83478.261
83478.261
82580.645
82580.645
82580.645
