92530.12
92530.12
93658.537
93658.537
92530.12
219428.571
240000.0
79175.258
90352.941
114626.866
75294.118
89302.326
225882.353
232727.273
71775.701
89302.326
219428.571
232727.273
73846.154
89302.326
91428.571
90352.941
90352.941
92530.12
91428.571
90352.941
121904.762
73142.857
90352.941
88275.862
89302.326
90352.941
89302.326
87272.727
88275.862
88275.862
112941.176
71111.111
88275.862
90352.941
93658.537
240000.0
240000.0
247741.935
132413.793
79175.258
93658.537
96000.0
91428.571
92530.12
90352.941
90352.941
89302.326
88275.862
88275.862
87272.727
84395.604
85333.333
114626.866
75294.118
76039.604
96000.0
264827.586
116363.636
89302.326
112941.176
76039.604
89302.326
90352.941
91428.571
90352.941
219428.571
225882.353
76800.0
92530.12
92530.12
91428.571
93658.537
94814.815
92530.12
91428.571
118153.846
247741.935
109714.286
92530.12
87272.727
111304.348
77575.758
88275.862
90352.941
99740.26
91428.571
83478.261
90352.941
94814.815
92530.12
91428.571
93658.537
92530.12
92530.12
91428.571
213333.333
232727.273
80000.0
90352.941
114626.866
76800.0
90352.941
225882.353
225882.353
75294.118
89302.326
219428.571
225882.353
77575.758
81702.128
87272.727
88275.862
89302.326
88275.862
87272.727
109714.286
74563.107
88275.862
89302.326
121904.762
72452.83
91428.571
92530.12
92530.12
93658.537
92530.12
94814.815
93658.537
92530.12
92530.12
92530.12
92530.12
90352.941
92530.12
91428.571
90352.941
91428.571
91428.571
92530.12
92530.12
90352.941
90352.941
90352.941
114626.866
247741.935
109714.286
89302.326
101052.632
84395.604
90352.941
91428.571
93658.537
91428.571
219428.571
166956.522
93658.537
93658.537
116363.636
78367.347
93658.537
91428.571
91428.571
91428.571
91428.571
90352.941
89302.326
88275.862
87272.727
109714.286
70458.716
87272.727
111304.348
69189.189
87272.727
86292.135
88275.862
118153.846
247741.935
103783.784
89302.326
90352.941
92530.12
89302.326
88275.862
111304.348
75294.118
89302.326
112941.176
94814.815
256000.0
105205.479
114626.866
80000.0
94814.815
92530.12
96000.0
96000.0
94814.815
94814.815
93658.537
94814.815
94814.815
90352.941
90352.941
91428.571
91428.571
90352.941
89302.326
89302.326
87272.727
86292.135
112941.176
69818.182
85333.333
88275.862
88275.862
89302.326
98461.538
87272.727
92530.12
92530.12
93658.537
96000.0
94814.815
93658.537
94814.815
96000.0
93658.537
94814.815
96000.0
94814.815
93658.537
93658.537
219428.571
247741.935
78367.347
90352.941
114626.866
77575.758
111304.348
256000.0
142222.222
76039.604
90352.941
89302.326
90352.941
91428.571
90352.941
88275.862
112941.176
76800.0
89302.326
108169.014
80842.105
92530.12
94814.815
92530.12
91428.571
93658.537
92530.12
93658.537
114626.866
77575.758
91428.571
213333.333
240000.0
78367.347
89302.326
121904.762
73846.154
91428.571
89302.326
103783.784
80842.105
101052.632
256000.0
163404.255
77575.758
91428.571
90352.941
92530.12
93658.537
219428.571
225882.353
79175.258
91428.571
106666.667
83478.261
91428.571
114626.866
87272.727
82580.645
91428.571
91428.571
92530.12
90352.941
89302.326
89302.326
219428.571
232727.273
72452.83
86292.135
87272.727
88275.862
108169.014
240000.0
108169.014
89302.326
118153.846
72452.83
112941.176
77575.758
91428.571
93658.537
93658.537
94814.815
219428.571
247741.935
78367.347
92530.12
92530.12
90352.941
91428.571
90352.941
89302.326
109714.286
76800.0
88275.862
90352.941
91428.571
121904.762
247741.935
134736.842
76800.0
90352.941
219428.571
232727.273
77575.758
91428.571
91428.571
91428.571
92530.12
92530.12
92530.12
92530.12
213333.333
247741.935
77575.758
90352.941
91428.571
91428.571
121904.762
73846.154
90352.941
123870.968
247741.935
105205.479
92530.12
105205.479
82580.645
90352.941
93658.537
92530.12
92530.12
109714.286
80000.0
91428.571
105205.479
82580.645
94814.815
247741.935
213333.333
76039.604
92530.12
93658.537
93658.537
92530.12
92530.12
91428.571
91428.571
90352.941
89302.326
88275.862
88275.862
88275.862
90352.941
112941.176
75294.118
91428.571
91428.571
101052.632
112941.176
72452.83
92530.12
92530.12
108169.014
256000.0
118153.846
116363.636
78367.347
90352.941
92530.12
91428.571
91428.571
89302.326
91428.571
256000.0
192000.0
73142.857
86292.135
86292.135
86292.135
83478.261
85333.333
87272.727
93658.537
83478.261
112941.176
74563.107
89302.326
90352.941
91428.571
121904.762
81702.128
93658.537
247741.935
118153.846
109714.286
81702.128
93658.537
108169.014
82580.645
93658.537
91428.571
94814.815
89302.326
93658.537
92530.12
91428.571
91428.571
103783.784
240000.0
116363.636
90352.941
114626.866
76800.0
89302.326
116363.636
76800.0
91428.571
114626.866
77575.758
92530.12
111304.348
79175.258
92530.12
103783.784
82580.645
91428.571
114626.866
74563.107
89302.326
88275.862
90352.941
88275.862
91428.571
90352.941
89302.326
98461.538
144905.66
219428.571
116363.636
73846.154
89302.326
89302.326
92530.12
112941.176
77575.758
94814.815
89302.326
92530.12
93658.537
93658.537
93658.537
93658.537
93658.537
92530.12
94814.815
106666.667
264827.586
118153.846
92530.12
92530.12
91428.571
90352.941
89302.326
89302.326
87272.727
87272.727
86292.135
86292.135
88275.862
89302.326
89302.326
89302.326
90352.941
89302.326
89302.326
114626.866
74563.107
87272.727
89302.326
90352.941
88275.862
87272.727
88275.862
116363.636
85333.333
70458.716
86292.135
85333.333
85333.333
87272.727
86292.135
83478.261
85333.333
106666.667
256000.0
99740.26
106666.667
256000.0
137142.857
73142.857
87272.727
89302.326
108169.014
256000.0
111304.348
108169.014
80000.0
90352.941
89302.326
219428.571
156734.694
91428.571
219428.571
240000.0
74563.107
91428.571
89302.326
88275.862
88275.862
89302.326
86292.135
89302.326
213333.333
240000.0
74563.107
108169.014
256000.0
108169.014
92530.12
92530.12
92530.12
93658.537
92530.12
92530.12
94814.815
93658.537
91428.571
92530.12
213333.333
240000.0
76800.0
90352.941
112941.176
76800.0
91428.571
213333.333
240000.0
77575.758
91428.571
112941.176
79175.258
91428.571
219428.571
232727.273
78367.347
91428.571
111304.348
80842.105
92530.12
91428.571
93658.537
92530.12
219428.571
225882.353
79175.258
112941.176
84395.604
81702.128
92530.12
105205.479
84395.604
93658.537
93658.537
94814.815
94814.815
93658.537
93658.537
91428.571
93658.537
91428.571
89302.326
90352.941
106666.667
73142.857
87272.727
83478.261
87272.727
86292.135
87272.727
112941.176
73846.154
88275.862
111304.348
76800.0
90352.941
90352.941
93658.537
91428.571
120000.0
73142.857
108169.014
80000.0
89302.326
114626.866
78367.347
91428.571
92530.12
92530.12
92530.12
90352.941
89302.326
219428.571
232727.273
76039.604
89302.326
219428.571
225882.353
79175.258
90352.941
93658.537
93658.537
92530.12
114626.866
78367.347
93658.537
93658.537
96000.0
93658.537
94814.815
92530.12
93658.537
96000.0
256000.0
137142.857
92530.12
123870.968
73142.857
90352.941
92530.12
92530.12
92530.12
94814.815
92530.12
92530.12
94814.815
92530.12
92530.12
105205.479
256000.0
125901.639
93658.537
91428.571
92530.12
108169.014
256000.0
120000.0
92530.12
90352.941
93658.537
90352.941
91428.571
93658.537
87272.727
89302.326
85333.333
80000.0
82580.645
219428.571
219428.571
68571.429
86292.135
85333.333
87272.727
90352.941
219428.571
147692.308
86292.135
87272.727
89302.326
256000.0
123870.968
88275.862
88275.862
87272.727
87272.727
108169.014
71111.111
86292.135
84395.604
86292.135
85333.333
213333.333
232727.273
71111.111
87272.727
86292.135
86292.135
89302.326
219428.571
240000.0
86292.135
247741.935
97215.19
88275.862
87272.727
105205.479
247741.935
147692.308
72452.83
85333.333
85333.333
213333.333
225882.353
71111.111
85333.333
84395.604
213333.333
240000.0
70458.716
86292.135
86292.135
87272.727
123870.968
65641.026
86292.135
86292.135
101052.632
76800.0
92530.12
87272.727
91428.571
213333.333
225882.353
77575.758
90352.941
89302.326
91428.571
91428.571
219428.571
156734.694
89302.326
89302.326
213333.333
240000.0
71775.701
86292.135
86292.135
219428.571
225882.353
70458.716
86292.135
85333.333
105205.479
73142.857
86292.135
84395.604
86292.135
86292.135
85333.333
87272.727
84395.604
87272.727
85333.333
87272.727
88275.862
87272.727
120000.0
68571.429
87272.727
87272.727
89302.326
87272.727
89302.326
114626.866
72452.83
88275.862
91428.571
89302.326
88275.862
219428.571
232727.273
78367.347
82580.645
89302.326
88275.862
86292.135
219428.571
232727.273
73142.857
89302.326
84395.604
90352.941
112941.176
73142.857
90352.941
89302.326
219428.571
240000.0
74563.107
89302.326
89302.326
88275.862
87272.727
87272.727
108169.014
70458.716
85333.333
85333.333
207567.568
225882.353
71111.111
85333.333
87272.727
85333.333
86292.135
219428.571
240000.0
69189.189
85333.333
87272.727
85333.333
86292.135
213333.333
225882.353
71111.111
84395.604
87272.727
86292.135
86292.135
89302.326
114626.866
71775.701
103783.784
247741.935
111304.348
92530.12
247741.935
132413.793
89302.326
87272.727
89302.326
88275.862
112941.176
72452.83
88275.862
86292.135
87272.727
102400.0
97215.19
72452.83
89302.326
213333.333
232727.273
72452.83
88275.862
88275.862
87272.727
87272.727
213333.333
225882.353
74563.107
85333.333
86292.135
88275.862
86292.135
86292.135
87272.727
86292.135
88275.862
88275.862
88275.862
112941.176
75294.118
89302.326
90352.941
90352.941
90352.941
102400.0
80842.105
88275.862
89302.326
88275.862
85333.333
87272.727
85333.333
84395.604
84395.604
207567.568
232727.273
70458.716
85333.333
87272.727
87272.727
121904.762
65641.026
86292.135
86292.135
112941.176
94814.815
247741.935
202105.263
59076.923
88275.862
112941.176
75294.118
88275.862
112941.176
76800.0
89302.326
106666.667
80000.0
90352.941
90352.941
96000.0
256000.0
123870.968
111304.348
73142.857
88275.862
112941.176
71775.701
99740.26
78367.347
88275.862
109714.286
73142.857
87272.727
111304.348
73142.857
87272.727
86292.135
88275.862
89302.326
213333.333
240000.0
74563.107
90352.941
91428.571
90352.941
106666.667
247741.935
109714.286
112941.176
72452.83
88275.862
87272.727
88275.862
88275.862
111304.348
71775.701
86292.135
86292.135
85333.333
84395.604
86292.135
84395.604
84395.604
84395.604
82580.645
83478.261
84395.604
83478.261
86292.135
88275.862
213333.333
202105.263
76039.604
97215.19
256000.0
118153.846
88275.862
88275.862
88275.862
86292.135
84395.604
112941.176
71775.701
108169.014
247741.935
130169.492
70458.716
85333.333
84395.604
84395.604
84395.604
89302.326
80842.105
93658.537
247741.935
116363.636
96000.0
76039.604
76800.0
80842.105
83478.261
121904.762
80000.0
69189.189
86292.135
108169.014
76800.0
90352.941
92530.12
92530.12
92530.12
93658.537
92530.12
92530.12
93658.537
92530.12
93658.537
93658.537
92530.12
92530.12
105205.479
247741.935
123870.968
92530.12
91428.571
89302.326
105205.479
240000.0
123870.968
91428.571
103783.784
83478.261
90352.941
92530.12
92530.12
247741.935
132413.793
114626.866
76800.0
91428.571
92530.12
91428.571
93658.537
320000.0
144905.66
94814.815
93658.537
93658.537
94814.815
93658.537
114626.866
80000.0
93658.537
92530.12
92530.12
91428.571
93658.537
92530.12
92530.12
92530.12
92530.12
91428.571
92530.12
91428.571
90352.941
91428.571
90352.941
89302.326
91428.571
91428.571
219428.571
150588.235
91428.571
91428.571
90352.941
90352.941
105205.479
90352.941
512000.0
89302.326
91428.571
90352.941
91428.571
114626.866
77575.758
91428.571
320000.0
170666.667
86292.135
87272.727
92530.12
90352.941
91428.571
213333.333
156734.694
91428.571
91428.571
213333.333
156734.694
91428.571
90352.941
91428.571
90352.941
90352.941
225882.353
202105.263
80000.0
90352.941
90352.941
91428.571
92530.12
90352.941
91428.571
91428.571
94814.815
247741.935
134736.842
97215.19
256000.0
128000.0
98461.538
85333.333
93658.537
91428.571
92530.12
92530.12
93658.537
91428.571
114626.866
76800.0
91428.571
103783.784
97215.19
247741.935
105205.479
114626.866
75294.118
89302.326
213333.333
240000.0
76800.0
89302.326
91428.571
92530.12
90352.941
114626.866
76800.0
89302.326
109714.286
256000.0
118153.846
81702.128
92530.12
90352.941
93658.537
130169.492
99740.26
247741.935
91428.571
90352.941
94814.815
240000.0
139636.364
111304.348
77575.758
91428.571
118153.846
72452.83
89302.326
88275.862
88275.862
87272.727
219428.571
232727.273
73142.857
87272.727
87272.727
89302.326
89302.326
112941.176
76039.604
88275.862
89302.326
90352.941
120000.0
82580.645
98461.538
256000.0
90352.941
86292.135
89302.326
88275.862
87272.727
88275.862
219428.571
232727.273
72452.83
87272.727
89302.326
88275.862
88275.862
89302.326
90352.941
89302.326
87272.727
88275.862
88275.862
120000.0
68571.429
105205.479
74563.107
86292.135
87272.727
89302.326
121904.762
81702.128
70458.716
86292.135
84395.604
86292.135
86292.135
84395.604
85333.333
83478.261
219428.571
232727.273
71111.111
79175.258
88275.862
247741.935
156734.694
73142.857
84395.604
86292.135
85333.333
121904.762
240000.0
92530.12
85333.333
111304.348
73846.154
87272.727
87272.727
88275.862
88275.862
86292.135
88275.862
103783.784
77575.758
87272.727
219428.571
232727.273
73846.154
87272.727
88275.862
91428.571
88275.862
86292.135
86292.135
111304.348
69818.182
84395.604
86292.135
84395.604
83478.261
114626.866
71111.111
98461.538
247741.935
111304.348
102400.0
247741.935
109714.286
112941.176
71111.111
111304.348
240000.0
132413.793
73142.857
86292.135
87272.727
86292.135
86292.135
112941.176
71775.701
86292.135
88275.862
89302.326
83478.261
87272.727
84395.604
82580.645
82580.645
82580.645
102400.0
67368.421
83478.261
80000.0
80842.105
82580.645
82580.645
82580.645
84395.604
84395.604
84395.604
84395.604
87272.727
84395.604
85333.333
86292.135
84395.604
81702.128
84395.604
82580.645
80842.105
82580.645
85333.333
112941.176
65641.026
83478.261
85333.333
85333.333
87272.727
207567.568
219428.571
71775.701
86292.135
111304.348
71775.701
102400.0
247741.935
111304.348
93658.537
247741.935
121904.762
89302.326
88275.862
86292.135
86292.135
89302.326
85333.333
83478.261
108169.014
70458.716
105205.479
247741.935
97215.19
87272.727
85333.333
105205.479
240000.0
105205.479
105205.479
247741.935
101052.632
87272.727
88275.862
112941.176
71111.111
92530.12
247741.935
125901.639
96000.0
82580.645
91428.571
232727.273
130169.492
101052.632
247741.935
111304.348
114626.866
68571.429
85333.333
87272.727
84395.604
84395.604
87272.727
82580.645
81702.128
111304.348
62950.82
80842.105
90352.941
232727.273
112941.176
108169.014
240000.0
92530.12
85333.333
84395.604
84395.604
112941.176
71111.111
85333.333
85333.333
87272.727
86292.135
84395.604
84395.604
112941.176
67368.421
82580.645
85333.333
83478.261
83478.261
111304.348
67368.421
82580.645
83478.261
97215.19
75294.118
83478.261
84395.604
83478.261
81702.128
111304.348
67368.421
83478.261
86292.135
89302.326
86292.135
118153.846
69189.189
86292.135
108169.014
73142.857
118153.846
67964.602
85333.333
87272.727
112941.176
69818.182
85333.333
88275.862
86292.135
118153.846
66782.609
86292.135
85333.333
103783.784
240000.0
150588.235
73846.154
120000.0
67964.602
87272.727
86292.135
94814.815
80842.105
112941.176
69189.189
86292.135
85333.333
85333.333
85333.333
86292.135
84395.604
106666.667
69189.189
85333.333
83478.261
105205.479
240000.0
98461.538
106666.667
247741.935
98461.538
84395.604
87272.727
84395.604
83478.261
213333.333
225882.353
69189.189
83478.261
82580.645
85333.333
83478.261
82580.645
84395.604
82580.645
109714.286
62950.82
82580.645
80842.105
80000.0
82580.645
82580.645
80842.105
108169.014
65641.026
80842.105
81702.128
84395.604
82580.645
82580.645
84395.604
82580.645
120000.0
61935.484
82580.645
81702.128
90352.941
99740.26
69818.182
84395.604
88275.862
87272.727
87272.727
92530.12
82580.645
86292.135
84395.604
87272.727
85333.333
83478.261
111304.348
68571.429
83478.261
84395.604
87272.727
85333.333
112941.176
67964.602
87272.727
94814.815
76039.604
85333.333
83478.261
83478.261
86292.135
83478.261
83478.261
85333.333
111304.348
66782.609
81702.128
85333.333
112941.176
67368.421
85333.333
85333.333
85333.333
86292.135
86292.135
108169.014
69189.189
84395.604
82580.645
111304.348
65641.026
82580.645
81702.128
108169.014
69189.189
83478.261
84395.604
111304.348
67964.602
84395.604
85333.333
84395.604
83478.261
86292.135
84395.604
83478.261
84395.604
85333.333
120000.0
64000.0
82580.645
83478.261
80842.105
82580.645
84395.604
81702.128
82580.645
83478.261
81702.128
106666.667
67964.602
82580.645
80000.0
82580.645
108169.014
67964.602
196923.077
225882.353
247741.935
93658.537
196923.077
144905.66
84395.604
85333.333
85333.333
84395.604
83478.261
84395.604
81702.128
84395.604
85333.333
82580.645
112941.176
64000.0
83478.261
81702.128
111304.348
67964.602
83478.261
83478.261
108169.014
70458.716
83478.261
84395.604
101052.632
73846.154
83478.261
86292.135
83478.261
93658.537
232727.273
163404.255
68571.429
82580.645
83478.261
111304.348
66782.609
103783.784
247741.935
96000.0
82580.645
112941.176
83478.261
69189.189
83478.261
86292.135
85333.333
118153.846
64537.815
108169.014
256000.0
93658.537
83478.261
85333.333
83478.261
111304.348
66782.609
83478.261
81702.128
82580.645
83478.261
109714.286
64000.0
83478.261
80000.0
111304.348
62439.024
80842.105
80842.105
82580.645
81702.128
82580.645
84395.604
80842.105
83478.261
83478.261
83478.261
82580.645
82580.645
83478.261
80842.105
118153.846
77575.758
207567.568
207567.568
56470.588
196923.077
144905.66
83478.261
84395.604
111304.348
69189.189
196923.077
144905.66
83478.261
85333.333
83478.261
83478.261
86292.135
111304.348
66206.897
83478.261
116363.636
65084.746
84395.604
83478.261
81702.128
111304.348
67964.602
82580.645
84395.604
108169.014
240000.0
99740.26
112941.176
70458.716
84395.604
123870.968
65641.026
85333.333
108169.014
89302.326
232727.273
93658.537
85333.333
84395.604
93658.537
99740.26
69189.189
83478.261
85333.333
81702.128
82580.645
98461.538
71775.701
81702.128
82580.645
106666.667
69189.189
83478.261
84395.604
82580.645
81702.128
84395.604
83478.261
80000.0
81702.128
111304.348
64000.0
81702.128
83478.261
81702.128
81702.128
111304.348
66206.897
80842.105
83478.261
85333.333
81702.128
83478.261
121904.762
64537.815
98461.538
73142.857
84395.604
84395.604
85333.333
86292.135
109714.286
68571.429
93658.537
76039.604
109714.286
67964.602
84395.604
83478.261
85333.333
87272.727
84395.604
83478.261
87272.727
82580.645
82580.645
112941.176
65084.746
80000.0
81702.128
84395.604
81702.128
112941.176
66782.609
82580.645
83478.261
87272.727
83478.261
83478.261
83478.261
88275.862
232727.273
121904.762
105205.479
240000.0
98461.538
83478.261
83478.261
103783.784
240000.0
103783.784
83478.261
85333.333
94814.815
78367.347
108169.014
70458.716
85333.333
109714.286
71111.111
86292.135
111304.348
69189.189
87272.727
82580.645
86292.135
85333.333
83478.261
84395.604
108169.014
70458.716
84395.604
85333.333
85333.333
83478.261
120000.0
66206.897
83478.261
83478.261
82580.645
82580.645
111304.348
66782.609
82580.645
84395.604
83478.261
83478.261
86292.135
81702.128
84395.604
111304.348
67964.602
83478.261
86292.135
86292.135
87272.727
86292.135
97215.19
80000.0
88275.862
85333.333
86292.135
88275.862
85333.333
85333.333
112941.176
70458.716
83478.261
112941.176
71111.111
86292.135
108169.014
71111.111
87272.727
108169.014
71775.701
87272.727
108169.014
71775.701
85333.333
87272.727
86292.135
85333.333
88275.862
87272.727
108169.014
69818.182
86292.135
105205.479
70458.716
84395.604
112941.176
69818.182
84395.604
85333.333
86292.135
84395.604
86292.135
88275.862
86292.135
84395.604
85333.333
86292.135
85333.333
83478.261
86292.135
86292.135
84395.604
85333.333
87272.727
85333.333
85333.333
86292.135
86292.135
86292.135
213333.333
219428.571
70458.716
86292.135
108169.014
70458.716
83478.261
85333.333
86292.135
85333.333
85333.333
87272.727
85333.333
85333.333
87272.727
121904.762
66782.609
207567.568
150588.235
87272.727
86292.135
87272.727
88275.862
86292.135
86292.135
87272.727
87272.727
112941.176
69189.189
86292.135
111304.348
70458.716
98461.538
98461.538
71111.111
86292.135
109714.286
71775.701
86292.135
109714.286
71111.111
85333.333
86292.135
84395.604
85333.333
86292.135
85333.333
83478.261
83478.261
86292.135
83478.261
82580.645
84395.604
85333.333
83478.261
83478.261
112941.176
69189.189
83478.261
86292.135
90352.941
88275.862
88275.862
91428.571
91428.571
90352.941
90352.941
90352.941
91428.571
89302.326
88275.862
116363.636
71111.111
87272.727
109714.286
74563.107
118153.846
83478.261
73846.154
88275.862
88275.862
87272.727
86292.135
88275.862
85333.333
86292.135
87272.727
86292.135
84395.604
85333.333
84395.604
123870.968
80842.105
202105.263
101052.632
84395.604
85333.333
85333.333
86292.135
86292.135
84395.604
207567.568
232727.273
67964.602
83478.261
82580.645
86292.135
85333.333
84395.604
84395.604
106666.667
70458.716
102400.0
256000.0
99740.26
196923.077
225882.353
71775.701
99740.26
93658.537
70458.716
86292.135
108169.014
68571.429
84395.604
80842.105
108169.014
68571.429
81702.128
82580.645
85333.333
82580.645
81702.128
81702.128
109714.286
65084.746
81702.128
83478.261
83478.261
81702.128
83478.261
97215.19
71775.701
106666.667
68571.429
83478.261
83478.261
85333.333
85333.333
83478.261
85333.333
86292.135
83478.261
83478.261
85333.333
82580.645
81702.128
84395.604
82580.645
80842.105
85333.333
82580.645
82580.645
85333.333
83478.261
82580.645
84395.604
98461.538
232727.273
108169.014
111304.348
64000.0
82580.645
82580.645
96000.0
73846.154
116363.636
74563.107
73846.154
112941.176
67964.602
85333.333
84395.604
85333.333
84395.604
111304.348
66206.897
82580.645
120000.0
64537.815
84395.604
106666.667
72452.83
86292.135
111304.348
70458.716
196923.077
150588.235
85333.333
84395.604
83478.261
84395.604
81702.128
81702.128
83478.261
102400.0
69189.189
112941.176
64000.0
73142.857
79175.258
111304.348
61935.484
81702.128
83478.261
81702.128
83478.261
111304.348
66782.609
80842.105
82580.645
111304.348
67368.421
89302.326
79175.258
85333.333
83478.261
84395.604
88275.862
85333.333
111304.348
69189.189
86292.135
111304.348
69189.189
86292.135
112941.176
69189.189
85333.333
85333.333
82580.645
83478.261
84395.604
84395.604
116363.636
64000.0
196923.077
137142.857
84395.604
81702.128
80842.105
82580.645
106666.667
66206.897
196923.077
134736.842
82580.645
111304.348
64537.815
196923.077
137142.857
83478.261
111304.348
62950.82
196923.077
144905.66
82580.645
83478.261
84395.604
84395.604
84395.604
84395.604
111304.348
66206.897
192000.0
142222.222
120000.0
62439.024
196923.077
142222.222
108169.014
66782.609
192000.0
144905.66
81702.128
83478.261
85333.333
82580.645
111304.348
63471.074
80842.105
80000.0
82580.645
108169.014
66782.609
83478.261
118153.846
225882.353
92530.12
83478.261
85333.333
87272.727
84395.604
112941.176
71111.111
86292.135
84395.604
85333.333
86292.135
111304.348
67964.602
85333.333
84395.604
84395.604
86292.135
87272.727
83478.261
85333.333
85333.333
82580.645
84395.604
101052.632
247741.935
101052.632
82580.645
83478.261
89302.326
114626.866
61440.0
84395.604
83478.261
85333.333
88275.862
86292.135
112941.176
70458.716
86292.135
87272.727
86292.135
88275.862
109714.286
71111.111
86292.135
86292.135
84395.604
84395.604
112941.176
67368.421
83478.261
80842.105
83478.261
84395.604
112941.176
67368.421
86292.135
86292.135
86292.135
87272.727
112941.176
72452.83
86292.135
88275.862
86292.135
85333.333
84395.604
85333.333
81702.128
106666.667
67368.421
81702.128
80000.0
82580.645
81702.128
80000.0
81702.128
80842.105
80842.105
82580.645
82580.645
120000.0
60952.381
202105.263
247741.935
65084.746
82580.645
84395.604
84395.604
83478.261
111304.348
67368.421
82580.645
82580.645
90352.941
79175.258
85333.333
81702.128
85333.333
109714.286
66206.897
84395.604
81702.128
81702.128
84395.604
111304.348
64000.0
82580.645
82580.645
80842.105
82580.645
83478.261
80842.105
81702.128
83478.261
111304.348
62439.024
81702.128
80842.105
80842.105
120000.0
64000.0
81702.128
109714.286
68571.429
82580.645
82580.645
84395.604
83478.261
121904.762
62950.82
192000.0
240000.0
247741.935
93658.537
81702.128
84395.604
84395.604
82580.645
112941.176
65084.746
82580.645
82580.645
111304.348
66206.897
82580.645
83478.261
84395.604
82580.645
109714.286
68571.429
82580.645
82580.645
111304.348
67368.421
84395.604
84395.604
86292.135
99740.26
240000.0
142222.222
72452.83
84395.604
81702.128
111304.348
65641.026
81702.128
82580.645
84395.604
81702.128
83478.261
86292.135
82580.645
82580.645
109714.286
67964.602
83478.261
111304.348
68571.429
83478.261
83478.261
87272.727
84395.604
82580.645
84395.604
85333.333
82580.645
84395.604
87272.727
84395.604
84395.604
111304.348
70458.716
83478.261
85333.333
111304.348
70458.716
86292.135
112941.176
72452.83
86292.135
86292.135
90352.941
88275.862
123870.968
69818.182
88275.862
87272.727
118153.846
69818.182
109714.286
73142.857
88275.862
111304.348
73846.154
88275.862
87272.727
87272.727
88275.862
86292.135
85333.333
83478.261
80842.105
83478.261
80000.0
80842.105
83478.261
78367.347
79175.258
81702.128
80000.0
79175.258
81702.128
109714.286
60000.0
81702.128
80000.0
80842.105
83478.261
111304.348
63471.074
83478.261
82580.645
83478.261
83478.261
85333.333
82580.645
111304.348
68571.429
84395.604
111304.348
71111.111
99740.26
240000.0
153600.0
73846.154
85333.333
86292.135
85333.333
85333.333
111304.348
64537.815
84395.604
80842.105
82580.645
84395.604
81702.128
82580.645
86292.135
81702.128
80000.0
111304.348
64000.0
80842.105
83478.261
81702.128
84395.604
86292.135
84395.604
82580.645
111304.348
66782.609
81702.128
80842.105
102400.0
247741.935
97215.19
103783.784
68571.429
106666.667
68571.429
108169.014
247741.935
99740.26
87272.727
111304.348
75294.118
88275.862
89302.326
90352.941
89302.326
88275.862
87272.727
86292.135
87272.727
85333.333
82580.645
83478.261
82580.645
80842.105
111304.348
61935.484
79175.258
80842.105
83478.261
82580.645
85333.333
87272.727
86292.135
85333.333
112941.176
69818.182
85333.333
84395.604
86292.135
86292.135
86292.135
89302.326
87272.727
87272.727
87272.727
106666.667
73142.857
85333.333
84395.604
112941.176
66782.609
105205.479
256000.0
96000.0
84395.604
86292.135
87272.727
88275.862
86292.135
87272.727
90352.941
86292.135
112941.176
72452.83
93658.537
247741.935
170666.667
71111.111
87272.727
86292.135
84395.604
84395.604
87272.727
84395.604
81702.128
82580.645
83478.261
79175.258
80000.0
109714.286
60472.441
80000.0
83478.261
112941.176
65084.746
83478.261
86292.135
85333.333
85333.333
88275.862
85333.333
83478.261
85333.333
82580.645
80842.105
81702.128
84395.604
102400.0
70458.716
96000.0
76800.0
86292.135
87272.727
87272.727
85333.333
88275.862
83478.261
80842.105
91428.571
247741.935
102400.0
105205.479
62439.024
108169.014
64000.0
80842.105
85333.333
83478.261
85333.333
88275.862
87272.727
86292.135
86292.135
88275.862
86292.135
85333.333
87272.727
123870.968
65084.746
86292.135
83478.261
97215.19
74563.107
92530.12
247741.935
114626.866
102400.0
240000.0
103783.784
99740.26
240000.0
108169.014
111304.348
69189.189
89302.326
240000.0
120000.0
86292.135
81702.128
86292.135
80000.0
90352.941
247741.935
109714.286
81702.128
108169.014
85333.333
68571.429
86292.135
111304.348
71111.111
105205.479
247741.935
105205.479
102400.0
240000.0
112941.176
92530.12
85333.333
88275.862
109714.286
73846.154
86292.135
83478.261
87272.727
84395.604
83478.261
85333.333
83478.261
81702.128
83478.261
82580.645
80842.105
81702.128
111304.348
65084.746
81702.128
86292.135
87272.727
87272.727
88275.862
89302.326
87272.727
88275.862
106666.667
76039.604
86292.135
88275.862
89302.326
88275.862
88275.862
89302.326
89302.326
87272.727
87272.727
88275.862
86292.135
109714.286
71775.701
85333.333
118153.846
80842.105
70458.716
85333.333
87272.727
111304.348
75294.118
89302.326
90352.941
91428.571
92530.12
91428.571
91428.571
207567.568
166956.522
91428.571
90352.941
90352.941
90352.941
88275.862
86292.135
86292.135
84395.604
85333.333
81702.128
84395.604
81702.128
84395.604
83478.261
82580.645
81702.128
84395.604
83478.261
82580.645
83478.261
84395.604
84395.604
86292.135
86292.135
84395.604
85333.333
88275.862
86292.135
86292.135
89302.326
88275.862
112941.176
73142.857
88275.862
