42735.043
151515.152
40983.607
55555.556
59055.118
38860.104
46153.846
53763.441
163043.478
45045.045
153061.224
42372.881
61224.49
41899.441
42016.807
49668.874
42372.881
42253.521
48387.097
44247.788
49504.95
140186.916
46012.27
47468.354
50335.57
46439.628
46439.628
45454.545
45180.723
52631.579
154639.175
43103.448
50335.57
59288.538
151515.152
43859.649
47021.944
45180.723
156250.0
41782.73
46012.27
45045.045
119047.619
102739.726
46583.851
47923.323
55970.149
54744.526
43478.261
43227.666
49342.105
150000.0
41782.73
44247.788
48076.923
47923.323
45454.545
44510.386
43478.261
115384.615
42253.521
43859.649
42857.143
42735.043
42492.918
42735.043
42857.143
136363.636
42613.636
45731.707
44510.386
44378.698
147058.824
41782.73
46012.27
45317.221
44910.18
44247.788
44642.857
45045.045
154639.175
42253.521
46296.296
45180.723
44642.857
44910.18
45045.045
151515.152
42613.636
46583.851
45731.707
45180.723
44910.18
45317.221
44776.119
46875.0
136363.636
52631.579
45454.545
45317.221
48701.299
129310.345
42492.918
45317.221
44910.18
44776.119
45454.545
96774.194
148514.851
72815.534
141509.434
45045.045
47619.048
45045.045
44510.386
45731.707
100000.0
47318.612
59055.118
62761.506
178571.429
129310.345
148514.851
154639.175
65502.183
70093.458
172413.793
154639.175
166666.667
25597.27
34246.575
130434.783
107913.669
148514.851
154639.175
192307.692
205479.452
163043.478
178571.429
63291.139
150000.0
187500.0
192307.692
220588.235
223880.597
241935.484
238095.238
194805.195
241935.484
223880.597
217391.304
227272.727
205479.452
182926.829
234375.0
1105.787
48859.935
394736.842
28790.787
102739.726
102739.726
15045.135
28680.688
174418.605
241935.484
217391.304
211267.606
220588.235
202702.703
227272.727
288461.538
217391.304
197368.421
217391.304
220588.235
340909.091
3255.208
58365.759
205479.452
19531.25
21770.682
77319.588
50847.458
136363.636
272727.273
245901.639
220588.235
263157.895
200000.0
227272.727
238095.238
288461.538
230769.231
159574.468
333333.333
665.129
58365.759
394736.842
25773.196
31914.894
61475.41
49668.874
44378.698
29013.54
39164.491
38860.104
40650.407
46296.296
50167.224
53956.835
55147.059
55555.556
56179.775
107913.669
220588.235
202702.703
241935.484
227272.727
208333.333
164835.165
214285.714
574.537
73170.732
306122.449
18007.203
35377.358
34324.943
34722.222
32608.696
34090.909
32822.757
180722.892
64655.172
45454.545
45731.707
45731.707
45731.707
46012.27
46296.296
44378.698
44910.18
44247.788
47021.944
44378.698
49180.328
44776.119
54744.526
