94814.815
94814.815
94814.815
94814.815
96000.0
94814.815
94814.815
94814.815
93658.537
94814.815
96000.0
93658.537
93658.537
94814.815
94814.815
94814.815
144905.66
71111.111
202105.263
61440.0
219428.571
60000.0
92530.12
94814.815
93658.537
94814.815
94814.815
93658.537
96000.0
96000.0
96000.0
96000.0
94814.815
97215.19
97215.19
96000.0
96000.0
97215.19
97215.19
96000.0
98461.538
94814.815
96000.0
96000.0
97215.19
96000.0
96000.0
99740.26
94814.815
97215.19
98461.538
97215.19
97215.19
99740.26
96000.0
97215.19
98461.538
97215.19
97215.19
97215.19
97215.19
97215.19
97215.19
97215.19
96000.0
97215.19
97215.19
97215.19
97215.19
97215.19
97215.19
125901.639
81702.128
97215.19
97215.19
98461.538
97215.19
97215.19
97215.19
98461.538
98461.538
97215.19
97215.19
98461.538
97215.19
98461.538
97215.19
97215.19
98461.538
97215.19
97215.19
98461.538
97215.19
97215.19
97215.19
96000.0
96000.0
96000.0
96000.0
97215.19
96000.0
96000.0
97215.19
96000.0
97215.19
96000.0
97215.19
98461.538
98461.538
103783.784
92530.12
97215.19
97215.19
97215.19
97215.19
97215.19
96000.0
97215.19
96000.0
97215.19
96000.0
96000.0
96000.0
96000.0
96000.0
94814.815
96000.0
93658.537
93658.537
93658.537
93658.537
93658.537
92530.12
92530.12
91428.571
92530.12
92530.12
92530.12
92530.12
91428.571
92530.12
92530.12
93658.537
91428.571
91428.571
91428.571
91428.571
90352.941
91428.571
91428.571
91428.571
91428.571
90352.941
92530.12
91428.571
91428.571
91428.571
91428.571
91428.571
92530.12
92530.12
92530.12
91428.571
92530.12
92530.12
147692.308
68571.429
91428.571
93658.537
91428.571
93658.537
93658.537
94814.815
93658.537
93658.537
93658.537
93658.537
93658.537
93658.537
93658.537
92530.12
92530.12
93658.537
93658.537
92530.12
93658.537
92530.12
93658.537
93658.537
93658.537
94814.815
93658.537
93658.537
93658.537
94814.815
94814.815
93658.537
93658.537
93658.537
92530.12
93658.537
93658.537
93658.537
93658.537
92530.12
92530.12
92530.12
93658.537
94814.815
93658.537
93658.537
93658.537
94814.815
94814.815
94814.815
94814.815
94814.815
93658.537
94814.815
94814.815
97215.19
94814.815
96000.0
97215.19
96000.0
96000.0
97215.19
96000.0
96000.0
94814.815
96000.0
93658.537
96000.0
93658.537
94814.815
93658.537
93658.537
93658.537
93658.537
94814.815
92530.12
93658.537
93658.537
93658.537
93658.537
93658.537
96000.0
91428.571
92530.12
93658.537
93658.537
91428.571
92530.12
91428.571
92530.12
92530.12
91428.571
92530.12
93658.537
89302.326
93658.537
91428.571
94814.815
90352.941
93658.537
89302.326
92530.12
91428.571
91428.571
91428.571
91428.571
91428.571
91428.571
91428.571
91428.571
91428.571
91428.571
91428.571
91428.571
92530.12
94814.815
111304.348
116363.636
120000.0
132413.793
130169.492
132413.793
134736.842
130169.492
137142.857
128000.0
150588.235
69818.182
80842.105
86292.135
89302.326
89302.326
93658.537
90352.941
91428.571
93658.537
92530.12
93658.537
94814.815
90352.941
92530.12
92530.12
92530.12
93658.537
92530.12
93658.537
92530.12
92530.12
92530.12
93658.537
93658.537
93658.537
92530.12
93658.537
91428.571
91428.571
93658.537
92530.12
92530.12
91428.571
92530.12
93658.537
93658.537
93658.537
93658.537
93658.537
94814.815
94814.815
94814.815
96000.0
96000.0
93658.537
94814.815
94814.815
93658.537
93658.537
94814.815
92530.12
93658.537
92530.12
92530.12
144905.66
69818.182
92530.12
92530.12
94814.815
93658.537
93658.537
94814.815
94814.815
93658.537
94814.815
94814.815
93658.537
96000.0
91428.571
93658.537
94814.815
93658.537
93658.537
93658.537
93658.537
93658.537
93658.537
94814.815
94814.815
93658.537
92530.12
93658.537
93658.537
94814.815
93658.537
92530.12
93658.537
93658.537
93658.537
144905.66
69818.182
92530.12
93658.537
93658.537
94814.815
93658.537
96000.0
91428.571
93658.537
94814.815
94814.815
93658.537
93658.537
93658.537
93658.537
93658.537
92530.12
93658.537
92530.12
93658.537
93658.537
93658.537
93658.537
94814.815
93658.537
93658.537
94814.815
94814.815
96000.0
94814.815
97215.19
96000.0
96000.0
96000.0
94814.815
94814.815
96000.0
94814.815
93658.537
93658.537
92530.12
93658.537
92530.12
91428.571
91428.571
91428.571
91428.571
90352.941
90352.941
90352.941
90352.941
90352.941
90352.941
89302.326
90352.941
90352.941
90352.941
90352.941
90352.941
90352.941
89302.326
90352.941
90352.941
89302.326
89302.326
90352.941
89302.326
90352.941
90352.941
91428.571
89302.326
90352.941
91428.571
91428.571
90352.941
91428.571
90352.941
90352.941
90352.941
89302.326
89302.326
89302.326
88275.862
89302.326
89302.326
88275.862
88275.862
88275.862
88275.862
88275.862
88275.862
89302.326
89302.326
89302.326
90352.941
91428.571
90352.941
91428.571
91428.571
91428.571
91428.571
90352.941
91428.571
90352.941
91428.571
91428.571
90352.941
90352.941
90352.941
90352.941
90352.941
89302.326
89302.326
89302.326
89302.326
89302.326
88275.862
88275.862
88275.862
88275.862
90352.941
89302.326
91428.571
91428.571
92530.12
92530.12
93658.537
92530.12
93658.537
92530.12
92530.12
93658.537
89302.326
93658.537
89302.326
92530.12
91428.571
90352.941
93658.537
89302.326
92530.12
92530.12
92530.12
92530.12
92530.12
93658.537
93658.537
93658.537
92530.12
93658.537
92530.12
93658.537
94814.815
92530.12
93658.537
92530.12
92530.12
92530.12
93658.537
93658.537
92530.12
92530.12
92530.12
92530.12
93658.537
93658.537
93658.537
92530.12
93658.537
92530.12
93658.537
93658.537
92530.12
93658.537
94814.815
93658.537
96000.0
93658.537
94814.815
94814.815
93658.537
94814.815
93658.537
93658.537
93658.537
94814.815
93658.537
94814.815
94814.815
94814.815
94814.815
96000.0
92530.12
94814.815
94814.815
93658.537
93658.537
93658.537
93658.537
93658.537
93658.537
93658.537
93658.537
92530.12
93658.537
94814.815
94814.815
93658.537
94814.815
94814.815
94814.815
94814.815
96000.0
94814.815
94814.815
96000.0
96000.0
96000.0
94814.815
94814.815
94814.815
94814.815
96000.0
94814.815
94814.815
94814.815
94814.815
96000.0
96000.0
96000.0
94814.815
94814.815
94814.815
94814.815
96000.0
96000.0
94814.815
93658.537
93658.537
94814.815
94814.815
96000.0
93658.537
94814.815
94814.815
94814.815
96000.0
94814.815
96000.0
94814.815
94814.815
94814.815
94814.815
96000.0
94814.815
96000.0
94814.815
94814.815
96000.0
96000.0
97215.19
92530.12
94814.815
96000.0
94814.815
93658.537
96000.0
90352.941
93658.537
92530.12
92530.12
93658.537
93658.537
89302.326
91428.571
91428.571
91428.571
94814.815
90352.941
90352.941
91428.571
92530.12
92530.12
92530.12
91428.571
92530.12
92530.12
93658.537
91428.571
94814.815
92530.12
89302.326
92530.12
93658.537
92530.12
91428.571
92530.12
93658.537
92530.12
93658.537
93658.537
91428.571
92530.12
92530.12
92530.12
92530.12
91428.571
91428.571
90352.941
91428.571
92530.12
91428.571
92530.12
90352.941
91428.571
91428.571
92530.12
91428.571
90352.941
91428.571
91428.571
91428.571
92530.12
91428.571
91428.571
91428.571
92530.12
92530.12
92530.12
92530.12
93658.537
91428.571
92530.12
93658.537
93658.537
92530.12
93658.537
92530.12
92530.12
93658.537
93658.537
93658.537
92530.12
93658.537
92530.12
94814.815
92530.12
93658.537
93658.537
93658.537
94814.815
93658.537
93658.537
93658.537
94814.815
240000.0
153600.0
92530.12
94814.815
94814.815
94814.815
96000.0
295384.615
139636.364
196923.077
207567.568
96000.0
102400.0
1536000.0
91428.571
96000.0
96000.0
97215.19
96000.0
101052.632
128000.0
349090.909
97215.19
98461.538
142222.222
73846.154
174545.455
67368.421
156734.694
240000.0
97215.19
102400.0
92530.12
97215.19
97215.19
98461.538
97215.19
97215.19
98461.538
97215.19
98461.538
97215.19
99740.26
99740.26
98461.538
98461.538
97215.19
98461.538
98461.538
142222.222
76039.604
121904.762
80000.0
97215.19
98461.538
97215.19
98461.538
98461.538
98461.538
98461.538
97215.19
97215.19
99740.26
96000.0
98461.538
98461.538
96000.0
97215.19
98461.538
98461.538
97215.19
98461.538
96000.0
97215.19
98461.538
98461.538
97215.19
98461.538
97215.19
98461.538
97215.19
98461.538
98461.538
97215.19
96000.0
97215.19
98461.538
97215.19
99740.26
97215.19
98461.538
98461.538
101052.632
98461.538
99740.26
97215.19
98461.538
98461.538
99740.26
139636.364
76800.0
97215.19
96000.0
98461.538
99740.26
97215.19
99740.26
96000.0
99740.26
97215.19
99740.26
98461.538
98461.538
96000.0
98461.538
99740.26
97215.19
98461.538
97215.19
97215.19
97215.19
97215.19
99740.26
97215.19
97215.19
97215.19
98461.538
97215.19
99740.26
98461.538
98461.538
96000.0
97215.19
99740.26
96000.0
97215.19
97215.19
97215.19
97215.19
97215.19
98461.538
96000.0
97215.19
97215.19
97215.19
98461.538
98461.538
97215.19
98461.538
96000.0
97215.19
98461.538
99740.26
97215.19
96000.0
97215.19
97215.19
99740.26
97215.19
98461.538
96000.0
98461.538
97215.19
99740.26
98461.538
98461.538
98461.538
98461.538
98461.538
98461.538
98461.538
97215.19
97215.19
97215.19
96000.0
97215.19
96000.0
97215.19
93658.537
96000.0
96000.0
97215.19
97215.19
96000.0
96000.0
97215.19
97215.19
97215.19
97215.19
94814.815
97215.19
96000.0
98461.538
97215.19
98461.538
98461.538
96000.0
98461.538
97215.19
98461.538
97215.19
98461.538
97215.19
98461.538
97215.19
98461.538
97215.19
96000.0
97215.19
97215.19
98461.538
97215.19
96000.0
97215.19
97215.19
99740.26
97215.19
97215.19
96000.0
98461.538
97215.19
99740.26
97215.19
97215.19
96000.0
97215.19
96000.0
98461.538
94814.815
97215.19
96000.0
94814.815
96000.0
98461.538
96000.0
96000.0
94814.815
94814.815
97215.19
97215.19
97215.19
97215.19
94814.815
97215.19
96000.0
97215.19
284444.444
160000.0
247741.935
150588.235
320000.0
150588.235
94814.815
97215.19
98461.538
98461.538
98461.538
101052.632
98461.538
99740.26
99740.26
98461.538
98461.538
98461.538
98461.538
98461.538
98461.538
97215.19
96000.0
97215.19
96000.0
96000.0
97215.19
97215.19
94814.815
97215.19
94814.815
97215.19
96000.0
96000.0
96000.0
94814.815
96000.0
94814.815
96000.0
94814.815
93658.537
94814.815
94814.815
94814.815
94814.815
96000.0
94814.815
96000.0
94814.815
94814.815
97215.19
96000.0
94814.815
96000.0
94814.815
94814.815
94814.815
96000.0
94814.815
96000.0
94814.815
94814.815
96000.0
96000.0
96000.0
96000.0
94814.815
96000.0
96000.0
97215.19
96000.0
96000.0
96000.0
96000.0
97215.19
94814.815
96000.0
96000.0
94814.815
96000.0
97215.19
94814.815
97215.19
94814.815
96000.0
97215.19
97215.19
97215.19
96000.0
96000.0
96000.0
96000.0
97215.19
98461.538
97215.19
98461.538
97215.19
98461.538
98461.538
97215.19
98461.538
97215.19
97215.19
97215.19
97215.19
97215.19
97215.19
97215.19
96000.0
97215.19
97215.19
96000.0
97215.19
94814.815
96000.0
96000.0
97215.19
96000.0
96000.0
96000.0
97215.19
97215.19
96000.0
94814.815
96000.0
96000.0
96000.0
96000.0
94814.815
94814.815
94814.815
94814.815
94814.815
96000.0
96000.0
94814.815
93658.537
94814.815
94814.815
96000.0
94814.815
96000.0
94814.815
92530.12
94814.815
97215.19
93658.537
94814.815
96000.0
92530.12
96000.0
97215.19
94814.815
94814.815
96000.0
96000.0
98461.538
96000.0
96000.0
94814.815
96000.0
96000.0
97215.19
96000.0
96000.0
93658.537
96000.0
96000.0
96000.0
94814.815
94814.815
94814.815
96000.0
97215.19
93658.537
96000.0
94814.815
92530.12
94814.815
94814.815
96000.0
94814.815
94814.815
94814.815
93658.537
96000.0
97215.19
96000.0
94814.815
94814.815
96000.0
96000.0
98461.538
96000.0
96000.0
94814.815
97215.19
97215.19
96000.0
94814.815
94814.815
94814.815
96000.0
97215.19
94814.815
94814.815
96000.0
94814.815
98461.538
96000.0
96000.0
94814.815
97215.19
96000.0
97215.19
94814.815
97215.19
93658.537
96000.0
96000.0
93658.537
93658.537
94814.815
94814.815
96000.0
93658.537
94814.815
94814.815
92530.12
94814.815
96000.0
94814.815
94814.815
93658.537
93658.537
94814.815
96000.0
93658.537
96000.0
94814.815
94814.815
96000.0
97215.19
96000.0
96000.0
94814.815
96000.0
97215.19
97215.19
94814.815
96000.0
96000.0
96000.0
96000.0
93658.537
96000.0
93658.537
94814.815
94814.815
94814.815
93658.537
94814.815
92530.12
94814.815
96000.0
94814.815
93658.537
92530.12
93658.537
93658.537
96000.0
92530.12
93658.537
92530.12
92530.12
93658.537
93658.537
93658.537
92530.12
93658.537
93658.537
96000.0
94814.815
93658.537
93658.537
94814.815
144905.66
71111.111
92530.12
94814.815
94814.815
94814.815
94814.815
93658.537
94814.815
94814.815
96000.0
96000.0
94814.815
93658.537
96000.0
97215.19
94814.815
94814.815
93658.537
94814.815
94814.815
96000.0
94814.815
92530.12
93658.537
94814.815
94814.815
96000.0
94814.815
144905.66
71111.111
94814.815
97215.19
96000.0
94814.815
94814.815
96000.0
97215.19
93658.537
96000.0
94814.815
94814.815
94814.815
96000.0
93658.537
93658.537
92530.12
94814.815
94814.815
93658.537
96000.0
94814.815
92530.12
94814.815
96000.0
94814.815
93658.537
94814.815
93658.537
94814.815
97215.19
94814.815
94814.815
93658.537
93658.537
94814.815
96000.0
94814.815
93658.537
93658.537
93658.537
94814.815
96000.0
93658.537
94814.815
93658.537
93658.537
96000.0
94814.815
94814.815
94814.815
92530.12
96000.0
96000.0
94814.815
93658.537
94814.815
94814.815
94814.815
96000.0
94814.815
94814.815
93658.537
94814.815
94814.815
93658.537
94814.815
93658.537
94814.815
94814.815
97215.19
94814.815
94814.815
96000.0
94814.815
97215.19
94814.815
94814.815
93658.537
94814.815
94814.815
93658.537
96000.0
92530.12
94814.815
94814.815
94814.815
96000.0
96000.0
93658.537
96000.0
98461.538
94814.815
97215.19
94814.815
96000.0
96000.0
97215.19
94814.815
94814.815
96000.0
96000.0
98461.538
96000.0
94814.815
94814.815
94814.815
96000.0
97215.19
96000.0
93658.537
94814.815
96000.0
96000.0
96000.0
96000.0
92530.12
96000.0
94814.815
97215.19
94814.815
96000.0
93658.537
94814.815
96000.0
97215.19
94814.815
93658.537
94814.815
94814.815
97215.19
93658.537
92530.12
93658.537
96000.0
94814.815
93658.537
93658.537
93658.537
94814.815
97215.19
94814.815
94814.815
93658.537
96000.0
96000.0
94814.815
94814.815
96000.0
92530.12
94814.815
96000.0
94814.815
93658.537
94814.815
94814.815
94814.815
97215.19
94814.815
96000.0
93658.537
94814.815
96000.0
94814.815
93658.537
93658.537
93658.537
94814.815
94814.815
93658.537
93658.537
92530.12
93658.537
94814.815
93658.537
93658.537
92530.12
94814.815
94814.815
93658.537
93658.537
91428.571
92530.12
93658.537
93658.537
92530.12
92530.12
91428.571
92530.12
94814.815
92530.12
92530.12
91428.571
93658.537
94814.815
93658.537
93658.537
92530.12
93658.537
94814.815
94814.815
92530.12
93658.537
93658.537
94814.815
94814.815
93658.537
93658.537
91428.571
93658.537
94814.815
93658.537
92530.12
93658.537
92530.12
93658.537
94814.815
93658.537
93658.537
92530.12
92530.12
94814.815
92530.12
93658.537
91428.571
92530.12
92530.12
92530.12
93658.537
93658.537
93658.537
91428.571
93658.537
93658.537
94814.815
93658.537
94814.815
91428.571
94814.815
93658.537
94814.815
93658.537
93658.537
93658.537
93658.537
96000.0
94814.815
96000.0
93658.537
96000.0
96000.0
97215.19
94814.815
93658.537
94814.815
94814.815
94814.815
94814.815
94814.815
92530.12
93658.537
93658.537
93658.537
96000.0
92530.12
93658.537
93658.537
93658.537
94814.815
93658.537
93658.537
94814.815
91428.571
92530.12
94814.815
92530.12
92530.12
90352.941
93658.537
94814.815
92530.12
93658.537
91428.571
93658.537
94814.815
94814.815
93658.537
93658.537
91428.571
94814.815
93658.537
94814.815
93658.537
91428.571
93658.537
96000.0
93658.537
93658.537
92530.12
94814.815
96000.0
134736.842
71111.111
93658.537
93658.537
93658.537
94814.815
94814.815
93658.537
91428.571
93658.537
93658.537
93658.537
93658.537
92530.12
92530.12
93658.537
94814.815
94814.815
93658.537
93658.537
93658.537
96000.0
94814.815
93658.537
93658.537
93658.537
93658.537
94814.815
93658.537
92530.12
93658.537
92530.12
94814.815
92530.12
91428.571
92530.12
90352.941
92530.12
93658.537
91428.571
92530.12
90352.941
91428.571
91428.571
92530.12
92530.12
90352.941
91428.571
91428.571
92530.12
92530.12
91428.571
91428.571
92530.12
92530.12
92530.12
93658.537
93658.537
92530.12
91428.571
92530.12
92530.12
93658.537
91428.571
91428.571
91428.571
93658.537
93658.537
92530.12
91428.571
93658.537
93658.537
93658.537
94814.815
92530.12
92530.12
93658.537
92530.12
93658.537
94814.815
93658.537
92530.12
92530.12
92530.12
94814.815
94814.815
93658.537
92530.12
92530.12
93658.537
94814.815
137142.857
71111.111
91428.571
91428.571
93658.537
94814.815
92530.12
92530.12
92530.12
92530.12
94814.815
94814.815
94814.815
93658.537
93658.537
94814.815
96000.0
93658.537
94814.815
93658.537
91428.571
94814.815
94814.815
92530.12
93658.537
93658.537
91428.571
93658.537
96000.0
93658.537
94814.815
93658.537
93658.537
93658.537
94814.815
94814.815
92530.12
92530.12
93658.537
94814.815
93658.537
93658.537
93658.537
92530.12
93658.537
96000.0
92530.12
94814.815
93658.537
92530.12
93658.537
94814.815
92530.12
94814.815
91428.571
93658.537
92530.12
93658.537
94814.815
92530.12
92530.12
93658.537
94814.815
93658.537
94814.815
92530.12
93658.537
94814.815
94814.815
93658.537
91428.571
92530.12
92530.12
94814.815
92530.12
92530.12
92530.12
93658.537
92530.12
94814.815
94814.815
93658.537
93658.537
94814.815
94814.815
93658.537
94814.815
92530.12
93658.537
93658.537
94814.815
91428.571
93658.537
91428.571
91428.571
93658.537
93658.537
92530.12
91428.571
92530.12
93658.537
118153.846
178604.651
153600.0
58625.954
85333.333
85333.333
86292.135
91428.571
90352.941
91428.571
91428.571
93658.537
93658.537
92530.12
94814.815
93658.537
94814.815
94814.815
93658.537
93658.537
93658.537
96000.0
93658.537
93658.537
92530.12
93658.537
96000.0
134736.842
71775.701
92530.12
93658.537
93658.537
96000.0
93658.537
92530.12
94814.815
94814.815
96000.0
92530.12
96000.0
92530.12
94814.815
96000.0
93658.537
94814.815
93658.537
93658.537
94814.815
94814.815
96000.0
93658.537
94814.815
94814.815
96000.0
94814.815
93658.537
94814.815
94814.815
96000.0
96000.0
94814.815
94814.815
92530.12
94814.815
96000.0
93658.537
94814.815
92530.12
94814.815
94814.815
96000.0
94814.815
94814.815
93658.537
132413.793
73846.154
96000.0
94814.815
94814.815
93658.537
94814.815
97215.19
93658.537
94814.815
96000.0
94814.815
94814.815
97215.19
94814.815
93658.537
94814.815
94814.815
94814.815
96000.0
94814.815
94814.815
93658.537
93658.537
94814.815
96000.0
93658.537
94814.815
92530.12
94814.815
97215.19
93658.537
94814.815
92530.12
94814.815
96000.0
93658.537
93658.537
94814.815
93658.537
93658.537
96000.0
92530.12
94814.815
93658.537
93658.537
94814.815
93658.537
93658.537
93658.537
92530.12
93658.537
94814.815
93658.537
93658.537
92530.12
93658.537
94814.815
93658.537
93658.537
91428.571
93658.537
94814.815
94814.815
94814.815
92530.12
94814.815
94814.815
94814.815
96000.0
96000.0
94814.815
94814.815
94814.815
94814.815
96000.0
93658.537
94814.815
94814.815
94814.815
96000.0
93658.537
94814.815
93658.537
94814.815
96000.0
94814.815
94814.815
93658.537
94814.815
94814.815
96000.0
94814.815
94814.815
93658.537
94814.815
96000.0
96000.0
94814.815
94814.815
93658.537
94814.815
96000.0
93658.537
93658.537
92530.12
93658.537
94814.815
93658.537
92530.12
93658.537
93658.537
94814.815
94814.815
93658.537
92530.12
93658.537
94814.815
96000.0
94814.815
94814.815
92530.12
94814.815
96000.0
94814.815
92530.12
92530.12
93658.537
94814.815
94814.815
94814.815
92530.12
94814.815
94814.815
96000.0
94814.815
94814.815
94814.815
94814.815
96000.0
94814.815
94814.815
93658.537
94814.815
94814.815
94814.815
92530.12
93658.537
93658.537
96000.0
93658.537
94814.815
92530.12
94814.815
94814.815
96000.0
93658.537
93658.537
94814.815
96000.0
94814.815
93658.537
92530.12
94814.815
94814.815
96000.0
94814.815
93658.537
93658.537
94814.815
94814.815
96000.0
94814.815
94814.815
96000.0
94814.815
94814.815
94814.815
94814.815
97215.19
92530.12
94814.815
93658.537
94814.815
96000.0
94814.815
130169.492
74563.107
93658.537
96000.0
93658.537
93658.537
94814.815
93658.537
93658.537
94814.815
93658.537
93658.537
92530.12
93658.537
92530.12
94814.815
92530.12
93658.537
91428.571
92530.12
94814.815
91428.571
93658.537
92530.12
91428.571
93658.537
93658.537
93658.537
91428.571
91428.571
92530.12
93658.537
139636.364
69818.182
92530.12
92530.12
94814.815
94814.815
94814.815
92530.12
94814.815
93658.537
96000.0
93658.537
94814.815
91428.571
93658.537
94814.815
94814.815
92530.12
92530.12
91428.571
93658.537
93658.537
93658.537
93658.537
93658.537
92530.12
93658.537
94814.815
93658.537
93658.537
92530.12
93658.537
93658.537
94814.815
93658.537
92530.12
92530.12
92530.12
94814.815
93658.537
93658.537
93658.537
93658.537
93658.537
96000.0
93658.537
94814.815
92530.12
94814.815
94814.815
94814.815
93658.537
93658.537
93658.537
94814.815
96000.0
92530.12
96000.0
92530.12
94814.815
96000.0
93658.537
93658.537
92530.12
94814.815
93658.537
96000.0
92530.12
93658.537
92530.12
93658.537
94814.815
94814.815
93658.537
93658.537
93658.537
94814.815
97215.19
94814.815
94814.815
93658.537
94814.815
97215.19
93658.537
93658.537
94814.815
93658.537
94814.815
94814.815
92530.12
94814.815
91428.571
93658.537
94814.815
92530.12
92530.12
94814.815
91428.571
92530.12
93658.537
94814.815
93658.537
91428.571
93658.537
93658.537
94814.815
94814.815
93658.537
94814.815
92530.12
93658.537
96000.0
93658.537
94814.815
92530.12
94814.815
94814.815
93658.537
93658.537
93658.537
94814.815
93658.537
94814.815
94814.815
94814.815
92530.12
94814.815
96000.0
93658.537
94814.815
92530.12
94814.815
93658.537
96000.0
93658.537
94814.815
92530.12
94814.815
94814.815
94814.815
94814.815
93658.537
93658.537
94814.815
94814.815
94814.815
92530.12
93658.537
94814.815
94814.815
96000.0
93658.537
93658.537
92530.12
94814.815
96000.0
93658.537
92530.12
93658.537
94814.815
93658.537
96000.0
94814.815
93658.537
93658.537
94814.815
94814.815
96000.0
93658.537
94814.815
92530.12
93658.537
94814.815
93658.537
94814.815
92530.12
93658.537
94814.815
96000.0
94814.815
93658.537
94814.815
96000.0
97215.19
94814.815
94814.815
94814.815
97215.19
94814.815
94814.815
94814.815
93658.537
96000.0
96000.0
93658.537
93658.537
94814.815
94814.815
97215.19
94814.815
93658.537
94814.815
94814.815
94814.815
96000.0
94814.815
94814.815
92530.12
93658.537
94814.815
93658.537
93658.537
92530.12
92530.12
92530.12
96000.0
93658.537
92530.12
92530.12
94814.815
94814.815
93658.537
94814.815
92530.12
92530.12
93658.537
96000.0
92530.12
92530.12
93658.537
93658.537
94814.815
94814.815
94814.815
92530.12
96000.0
96000.0
96000.0
96000.0
94814.815
93658.537
93658.537
94814.815
93658.537
137142.857
70458.716
91428.571
93658.537
93658.537
93658.537
93658.537
92530.12
92530.12
94814.815
94814.815
93658.537
92530.12
92530.12
93658.537
94814.815
93658.537
92530.12
94814.815
91428.571
93658.537
94814.815
93658.537
93658.537
93658.537
94814.815
94814.815
94814.815
94814.815
93658.537
94814.815
94814.815
94814.815
94814.815
93658.537
94814.815
93658.537
94814.815
93658.537
93658.537
93658.537
93658.537
94814.815
94814.815
93658.537
93658.537
94814.815
93658.537
94814.815
94814.815
92530.12
93658.537
94814.815
96000.0
92530.12
96000.0
92530.12
93658.537
96000.0
93658.537
96000.0
93658.537
94814.815
94814.815
94814.815
96000.0
93658.537
92530.12
92530.12
93658.537
94814.815
92530.12
92530.12
91428.571
93658.537
94814.815
93658.537
92530.12
92530.12
92530.12
94814.815
94814.815
92530.12
93658.537
91428.571
93658.537
94814.815
92530.12
92530.12
91428.571
93658.537
94814.815
92530.12
92530.12
94814.815
93658.537
94814.815
92530.12
94814.815
93658.537
94814.815
94814.815
93658.537
94814.815
91428.571
94814.815
94814.815
91428.571
96000.0
93658.537
91428.571
94814.815
96000.0
93658.537
94814.815
93658.537
93658.537
94814.815
96000.0
94814.815
93658.537
92530.12
93658.537
96000.0
92530.12
94814.815
93658.537
93658.537
93658.537
94814.815
94814.815
94814.815
93658.537
92530.12
93658.537
96000.0
94814.815
94814.815
93658.537
93658.537
94814.815
94814.815
94814.815
93658.537
93658.537
93658.537
93658.537
96000.0
93658.537
93658.537
94814.815
93658.537
94814.815
96000.0
93658.537
93658.537
94814.815
93658.537
94814.815
93658.537
93658.537
94814.815
93658.537
94814.815
94814.815
94814.815
94814.815
93658.537
94814.815
96000.0
94814.815
96000.0
93658.537
94814.815
94814.815
96000.0
94814.815
94814.815
93658.537
94814.815
96000.0
94814.815
96000.0
94814.815
94814.815
128000.0
76039.604
93658.537
96000.0
93658.537
94814.815
93658.537
96000.0
93658.537
93658.537
94814.815
96000.0
93658.537
94814.815
92530.12
94814.815
97215.19
94814.815
93658.537
93658.537
93658.537
94814.815
96000.0
94814.815
92530.12
93658.537
92530.12
93658.537
94814.815
93658.537
92530.12
93658.537
93658.537
93658.537
94814.815
93658.537
92530.12
93658.537
94814.815
93658.537
93658.537
93658.537
93658.537
92530.12
93658.537
93658.537
139636.364
69818.182
90352.941
93658.537
94814.815
94814.815
97215.19
94814.815
97215.19
97215.19
97215.19
96000.0
97215.19
98461.538
98461.538
97215.19
274285.714
144905.66
98461.538
98461.538
98461.538
97215.19
98461.538
98461.538
99740.26
98461.538
101052.632
99740.26
97215.19
98461.538
98461.538
99740.26
97215.19
98461.538
98461.538
98461.538
99740.26
98461.538
97215.19
99740.26
97215.19
98461.538
99740.26
97215.19
99740.26
98461.538
98461.538
98461.538
99740.26
97215.19
99740.26
96000.0
97215.19
96000.0
98461.538
97215.19
96000.0
97215.19
94814.815
97215.19
97215.19
98461.538
98461.538
98461.538
98461.538
99740.26
99740.26
99740.26
98461.538
99740.26
99740.26
99740.26
99740.26
101052.632
99740.26
101052.632
166956.522
256000.0
101052.632
102400.0
102400.0
101052.632
153600.0
307200.0
102400.0
123870.968
590769.231
187317.073
225882.353
102400.0
102400.0
103783.784
101052.632
108169.014
97215.19
101052.632
102400.0
101052.632
101052.632
102400.0
101052.632
102400.0
102400.0
102400.0
102400.0
102400.0
102400.0
102400.0
102400.0
101052.632
102400.0
102400.0
101052.632
101052.632
102400.0
101052.632
102400.0
101052.632
102400.0
102400.0
101052.632
102400.0
102400.0
102400.0
102400.0
101052.632
101052.632
102400.0
102400.0
101052.632
102400.0
101052.632
101052.632
101052.632
101052.632
102400.0
101052.632
102400.0
99740.26
102400.0
101052.632
101052.632
102400.0
102400.0
99740.26
102400.0
101052.632
101052.632
101052.632
101052.632
101052.632
101052.632
98461.538
101052.632
101052.632
101052.632
99740.26
101052.632
99740.26
101052.632
101052.632
101052.632
101052.632
101052.632
99740.26
101052.632
101052.632
101052.632
99740.26
137142.857
80000.0
99740.26
101052.632
99740.26
101052.632
99740.26
101052.632
101052.632
106666.667
97215.19
101052.632
320000.0
160000.0
102400.0
102400.0
102400.0
102400.0
103783.784
102400.0
192000.0
196923.077
101052.632
102400.0
102400.0
102400.0
101052.632
240000.0
240000.0
698181.818
102400.0
101052.632
295384.615
156734.694
102400.0
103783.784
103783.784
147692.308
404210.526
320000.0
139636.364
102400.0
102400.0
103783.784
102400.0
102400.0
103783.784
102400.0
102400.0
105205.479
101052.632
103783.784
105205.479
101052.632
102400.0
106666.667
99740.26
103783.784
102400.0
102400.0
102400.0
102400.0
102400.0
101052.632
102400.0
101052.632
101052.632
101052.632
101052.632
101052.632
99740.26
99740.26
99740.26
101052.632
99740.26
99740.26
99740.26
99740.26
99740.26
99740.26
99740.26
101052.632
99740.26
101052.632
99740.26
99740.26
101052.632
99740.26
99740.26
99740.26
99740.26
101052.632
333913.043
144905.66
99740.26
102400.0
101052.632
101052.632
102400.0
101052.632
147692.308
307200.0
102400.0
101052.632
99740.26
99740.26
101052.632
101052.632
101052.632
99740.26
101052.632
99740.26
102400.0
101052.632
101052.632
101052.632
102400.0
101052.632
102400.0
102400.0
101052.632
101052.632
101052.632
102400.0
101052.632
101052.632
101052.632
101052.632
101052.632
102400.0
101052.632
101052.632
101052.632
101052.632
99740.26
101052.632
99740.26
99740.26
99740.26
98461.538
99740.26
99740.26
98461.538
98461.538
99740.26
99740.26
99740.26
