78367.347
79175.258
79175.258
79175.258
78367.347
78367.347
79175.258
78367.347
77575.758
79175.258
77575.758
166956.522
320000.0
192000.0
85333.333
79175.258
79175.258
78367.347
80000.0
77575.758
79175.258
78367.347
77575.758
78367.347
78367.347
79175.258
77575.758
80000.0
78367.347
78367.347
160000.0
284444.444
196923.077
87272.727
78367.347
78367.347
77575.758
78367.347
78367.347
79175.258
78367.347
80842.105
79175.258
79175.258
78367.347
77575.758
79175.258
76800.0
76800.0
77575.758
76800.0
76800.0
76800.0
75294.118
78367.347
160000.0
284444.444
202105.263
85333.333
79175.258
76800.0
77575.758
76800.0
77575.758
76039.604
76800.0
76800.0
76800.0
76039.604
78367.347
76800.0
77575.758
77575.758
77575.758
77575.758
77575.758
78367.347
77575.758
78367.347
77575.758
79175.258
78367.347
78367.347
77575.758
79175.258
77575.758
78367.347
78367.347
76800.0
77575.758
77575.758
76800.0
76800.0
76800.0
77575.758
76039.604
78367.347
76039.604
77575.758
76800.0
77575.758
76800.0
77575.758
76800.0
77575.758
76039.604
77575.758
77575.758
81702.128
76039.604
78367.347
78367.347
77575.758
77575.758
78367.347
160000.0
284444.444
202105.263
85333.333
77575.758
77575.758
76800.0
77575.758
76800.0
77575.758
76800.0
76800.0
77575.758
76800.0
76800.0
77575.758
76800.0
163404.255
284444.444
202105.263
84395.604
77575.758
77575.758
76039.604
76039.604
75294.118
76800.0
74563.107
76800.0
76039.604
76039.604
76800.0
78367.347
78367.347
79175.258
80842.105
80842.105
81702.128
81702.128
82580.645
80842.105
80000.0
79175.258
79175.258
78367.347
76800.0
77575.758
76800.0
76800.0
76800.0
77575.758
76800.0
76800.0
76800.0
77575.758
76039.604
77575.758
75294.118
76800.0
76039.604
76800.0
75294.118
77575.758
160000.0
295384.615
192000.0
82580.645
76800.0
75294.118
75294.118
74563.107
76039.604
163404.255
295384.615
187317.073
80842.105
76039.604
74563.107
75294.118
73846.154
75294.118
75294.118
74563.107
74563.107
174545.455
284444.444
187317.073
80000.0
75294.118
73142.857
73846.154
73142.857
73142.857
73142.857
73846.154
73142.857
73846.154
73142.857
75294.118
73142.857
150588.235
123870.968
79175.258
73846.154
74563.107
73846.154
73846.154
73142.857
74563.107
73846.154
74563.107
75294.118
74563.107
75294.118
75294.118
74563.107
75294.118
166956.522
116363.636
79175.258
76039.604
74563.107
74563.107
72452.83
74563.107
73846.154
166956.522
274285.714
196923.077
79175.258
75294.118
73846.154
73142.857
73142.857
73846.154
74563.107
74563.107
73142.857
76039.604
73846.154
74563.107
74563.107
73142.857
74563.107
73142.857
73846.154
74563.107
73846.154
74563.107
74563.107
73142.857
73846.154
178604.651
170666.667
295384.615
78367.347
73846.154
73142.857
71775.701
71775.701
72452.83
73142.857
72452.83
150588.235
120000.0
78367.347
73142.857
72452.83
73142.857
71111.111
73846.154
72452.83
71775.701
72452.83
73142.857
72452.83
170666.667
264827.586
196923.077
77575.758
74563.107
74563.107
73142.857
73142.857
73846.154
73846.154
73142.857
74563.107
74563.107
73846.154
75294.118
73846.154
74563.107
73846.154
73846.154
73142.857
73846.154
72452.83
72452.83
73846.154
73142.857
166956.522
274285.714
192000.0
77575.758
74563.107
73142.857
72452.83
71775.701
72452.83
170666.667
264827.586
192000.0
74563.107
74563.107
71775.701
72452.83
73142.857
73142.857
74563.107
73846.154
73846.154
73846.154
156734.694
307200.0
187317.073
77575.758
72452.83
71775.701
71111.111
69189.189
71111.111
72452.83
71775.701
73142.857
73142.857
72452.83
73846.154
73846.154
73846.154
73846.154
74563.107
73142.857
75294.118
73142.857
73142.857
74563.107
72452.83
73846.154
73142.857
139636.364
307200.0
59076.923
71775.701
73142.857
153600.0
295384.615
182857.143
80000.0
73142.857
72452.83
71111.111
72452.83
71775.701
71775.701
72452.83
71775.701
71775.701
71111.111
72452.83
163404.255
174545.455
307200.0
82580.645
73142.857
73142.857
73846.154
73846.154
73846.154
74563.107
74563.107
73846.154
74563.107
73846.154
73142.857
74563.107
73846.154
72452.83
73846.154
72452.83
73142.857
170666.667
174545.455
295384.615
76800.0
73846.154
71775.701
71111.111
71111.111
153600.0
116363.636
74563.107
73846.154
71775.701
71775.701
71775.701
71111.111
71775.701
70458.716
178604.651
105205.479
75294.118
73846.154
69818.182
71111.111
72452.83
147692.308
178604.651
333913.043
81702.128
71775.701
71775.701
73846.154
73142.857
72452.83
73142.857
73142.857
73846.154
73846.154
73846.154
73846.154
73846.154
73142.857
72452.83
73846.154
72452.83
71775.701
72452.83
150588.235
202105.263
295384.615
76800.0
73846.154
71775.701
71775.701
73142.857
71111.111
70458.716
71775.701
71111.111
163404.255
264827.586
192000.0
75294.118
73142.857
71111.111
71111.111
71775.701
71775.701
71111.111
73142.857
73142.857
71775.701
73142.857
71775.701
70458.716
71111.111
71775.701
166956.522
170666.667
307200.0
73846.154
73846.154
70458.716
70458.716
71111.111
71111.111
150588.235
114626.866
72452.83
73846.154
70458.716
70458.716
69818.182
71111.111
69818.182
70458.716
72452.83
71111.111
71111.111
156734.694
182857.143
307200.0
76039.604
71775.701
70458.716
72452.83
70458.716
69189.189
71111.111
70458.716
69189.189
71111.111
163404.255
170666.667
307200.0
73142.857
73142.857
71111.111
69818.182
71111.111
70458.716
69189.189
69818.182
71775.701
71775.701
70458.716
71111.111
72452.83
71775.701
71111.111
72452.83
71775.701
163404.255
174545.455
284444.444
80842.105
70458.716
69189.189
70458.716
71111.111
69189.189
69818.182
70458.716
70458.716
156734.694
182857.143
295384.615
76039.604
72452.83
69818.182
68571.429
70458.716
69818.182
68571.429
69818.182
71775.701
69189.189
67964.602
69818.182
71775.701
147692.308
202105.263
284444.444
75294.118
72452.83
70458.716
69818.182
69818.182
70458.716
69818.182
68571.429
70458.716
69189.189
67964.602
68571.429
69189.189
68571.429
68571.429
69818.182
68571.429
67964.602
69818.182
71111.111
69818.182
69189.189
69818.182
70458.716
70458.716
69189.189
71111.111
70458.716
69818.182
69189.189
71111.111
69818.182
69818.182
69818.182
71111.111
144905.66
207567.568
284444.444
73846.154
71111.111
71775.701
70458.716
69189.189
71111.111
71775.701
71111.111
70458.716
71775.701
71111.111
69818.182
71775.701
71775.701
166956.522
174545.455
284444.444
80842.105
70458.716
69189.189
71775.701
69818.182
69189.189
144905.66
274285.714
207567.568
72452.83
70458.716
69189.189
142222.222
274285.714
213333.333
71111.111
71111.111
70458.716
69189.189
69189.189
69189.189
69189.189
69189.189
68571.429
70458.716
156734.694
182857.143
295384.615
71775.701
71111.111
71111.111
69189.189
67964.602
147692.308
178604.651
320000.0
72452.83
70458.716
69189.189
69189.189
69189.189
69189.189
70458.716
137142.857
284444.444
196923.077
73142.857
71775.701
70458.716
69189.189
69189.189
71775.701
70458.716
69189.189
69818.182
71775.701
72452.83
71111.111
71111.111
70458.716
70458.716
69189.189
70458.716
70458.716
69818.182
69818.182
70458.716
68571.429
66782.609
71111.111
69818.182
68571.429
71111.111
70458.716
69818.182
69189.189
69189.189
69189.189
144905.66
112941.176
73142.857
69818.182
67964.602
144905.66
114626.866
73142.857
71111.111
69189.189
69818.182
69189.189
67368.421
160000.0
106666.667
71775.701
69818.182
67964.602
156734.694
174545.455
320000.0
72452.83
69818.182
69189.189
147692.308
182857.143
307200.0
71775.701
71111.111
69818.182
68571.429
68571.429
70458.716
69818.182
69189.189
163404.255
105205.479
73846.154
69818.182
67964.602
69189.189
69189.189
67368.421
67964.602
70458.716
68571.429
69818.182
68571.429
68571.429
68571.429
69818.182
67964.602
67964.602
144905.66
202105.263
284444.444
73142.857
69818.182
69189.189
70458.716
69818.182
68571.429
156734.694
174545.455
295384.615
73142.857
69818.182
71111.111
69189.189
68571.429
69189.189
69818.182
160000.0
170666.667
295384.615
71775.701
70458.716
69818.182
67964.602
67964.602
69818.182
163404.255
106666.667
71775.701
70458.716
70458.716
68571.429
69189.189
70458.716
71111.111
69818.182
69818.182
70458.716
69818.182
71111.111
71775.701
69818.182
69818.182
70458.716
69189.189
69189.189
69189.189
166956.522
174545.455
284444.444
73142.857
69818.182
70458.716
69189.189
67964.602
69189.189
67368.421
67368.421
67368.421
69189.189
67964.602
67964.602
66782.609
69189.189
68571.429
68571.429
144905.66
130169.492
70458.716
67368.421
67964.602
163404.255
174545.455
284444.444
71111.111
67964.602
68571.429
69818.182
67368.421
67964.602
170666.667
102400.0
79175.258
66782.609
69189.189
68571.429
69818.182
68571.429
160000.0
170666.667
284444.444
78367.347
67964.602
69189.189
67964.602
69818.182
67964.602
170666.667
101052.632
72452.83
70458.716
68571.429
150588.235
174545.455
295384.615
73142.857
71775.701
69189.189
69818.182
69189.189
67368.421
67964.602
70458.716
67964.602
67368.421
69818.182
68571.429
68571.429
68571.429
70458.716
69818.182
67964.602
69818.182
70458.716
69189.189
68571.429
70458.716
70458.716
69189.189
67964.602
69818.182
166956.522
103783.784
70458.716
69189.189
69189.189
163404.255
103783.784
68571.429
69189.189
70458.716
68571.429
67368.421
68571.429
163404.255
174545.455
284444.444
70458.716
69189.189
70458.716
153600.0
174545.455
307200.0
72452.83
70458.716
69818.182
68571.429
66782.609
67964.602
160000.0
106666.667
71111.111
69189.189
69818.182
69189.189
68571.429
69189.189
69189.189
156734.694
170666.667
284444.444
71111.111
70458.716
67964.602
150588.235
174545.455
295384.615
73142.857
71775.701
68571.429
66782.609
69189.189
70458.716
67964.602
67368.421
69818.182
69818.182
67964.602
67964.602
68571.429
67368.421
68571.429
70458.716
69189.189
67368.421
68571.429
163404.255
174545.455
284444.444
73142.857
69189.189
70458.716
69818.182
68571.429
68571.429
163404.255
170666.667
274285.714
71775.701
68571.429
67368.421
156734.694
178604.651
284444.444
69189.189
68571.429
67964.602
153600.0
170666.667
274285.714
69818.182
69189.189
67964.602
66782.609
67368.421
68571.429
163404.255
102400.0
69189.189
69818.182
69189.189
156734.694
170666.667
284444.444
71111.111
70458.716
69189.189
66206.897
67964.602
69189.189
67964.602
69189.189
69189.189
144905.66
112941.176
73846.154
69818.182
67368.421
69189.189
69189.189
67964.602
71111.111
67964.602
156734.694
170666.667
284444.444
72452.83
70458.716
67964.602
67964.602
69189.189
67368.421
147692.308
111304.348
71111.111
70458.716
67368.421
142222.222
182857.143
307200.0
73846.154
69818.182
67964.602
70458.716
69818.182
96000.0
256000.0
69818.182
69818.182
69189.189
69189.189
68571.429
71111.111
69818.182
68571.429
70458.716
69189.189
67964.602
69818.182
69818.182
163404.255
105205.479
73142.857
71775.701
69818.182
67368.421
68571.429
69189.189
147692.308
111304.348
71111.111
70458.716
68571.429
156734.694
170666.667
295384.615
72452.83
71775.701
68571.429
67964.602
68571.429
68571.429
153600.0
295384.615
170666.667
71111.111
71111.111
68571.429
68571.429
69818.182
69818.182
156734.694
178604.651
274285.714
71775.701
71775.701
69189.189
66782.609
69189.189
68571.429
142222.222
114626.866
71775.701
70458.716
69189.189
67368.421
69189.189
69189.189
67368.421
69189.189
69189.189
67368.421
66782.609
69189.189
68571.429
67368.421
67964.602
69818.182
150588.235
178604.651
274285.714
72452.83
68571.429
69189.189
160000.0
178604.651
284444.444
71111.111
69189.189
70458.716
68571.429
68571.429
69818.182
68571.429
67964.602
163404.255
174545.455
274285.714
71775.701
69818.182
67964.602
132413.793
295384.615
225882.353
71775.701
70458.716
69189.189
67964.602
69189.189
69189.189
160000.0
103783.784
72452.83
69189.189
66782.609
134736.842
307200.0
202105.263
70458.716
68571.429
69189.189
69189.189
67964.602
69189.189
70458.716
67964.602
66782.609
68571.429
68571.429
67964.602
68571.429
160000.0
103783.784
69818.182
69189.189
68571.429
67964.602
66206.897
67964.602
160000.0
105205.479
69189.189
68571.429
68571.429
144905.66
178604.651
295384.615
70458.716
69189.189
68571.429
66206.897
67368.421
68571.429
67964.602
67964.602
69818.182
68571.429
69189.189
70458.716
67964.602
67964.602
69818.182
69189.189
69818.182
70458.716
70458.716
68571.429
69818.182
69189.189
163404.255
103783.784
73846.154
69189.189
67964.602
69818.182
67964.602
67368.421
144905.66
112941.176
72452.83
68571.429
67368.421
153600.0
178604.651
295384.615
71111.111
69189.189
67964.602
153600.0
178604.651
295384.615
71111.111
68571.429
69818.182
150588.235
178604.651
295384.615
70458.716
70458.716
67964.602
68571.429
67964.602
69818.182
67964.602
66206.897
69818.182
68571.429
67368.421
144905.66
112941.176
71775.701
69818.182
67368.421
70458.716
68571.429
69189.189
69189.189
68571.429
163404.255
166956.522
274285.714
72452.83
69818.182
67368.421
69189.189
67368.421
66206.897
170666.667
102400.0
70458.716
69189.189
67964.602
67964.602
66782.609
66206.897
147692.308
111304.348
71111.111
68571.429
67964.602
67368.421
66782.609
66782.609
67964.602
66782.609
65641.026
69189.189
160000.0
106666.667
73142.857
70458.716
70458.716
67368.421
67368.421
139636.364
207567.568
274285.714
71775.701
68571.429
67964.602
68571.429
67964.602
66782.609
144905.66
116363.636
71111.111
69189.189
68571.429
69189.189
67964.602
68571.429
69818.182
68571.429
67964.602
68571.429
68571.429
166956.522
103783.784
72452.83
71111.111
68571.429
67964.602
69189.189
69189.189
147692.308
170666.667
295384.615
73142.857
71111.111
69189.189
67368.421
69189.189
69189.189
67368.421
68571.429
69818.182
69189.189
67964.602
69818.182
68571.429
67368.421
69818.182
68571.429
67964.602
160000.0
103783.784
73142.857
70458.716
67964.602
68571.429
67368.421
67964.602
147692.308
178604.651
295384.615
73142.857
69189.189
69189.189
69189.189
68571.429
69818.182
69189.189
68571.429
69189.189
69818.182
67964.602
66206.897
69189.189
160000.0
102400.0
69818.182
68571.429
68571.429
160000.0
103783.784
69189.189
69818.182
69189.189
67964.602
69818.182
69189.189
69189.189
71111.111
69818.182
69818.182
71111.111
70458.716
69818.182
71111.111
68571.429
68571.429
69189.189
69189.189
66782.609
67964.602
69189.189
160000.0
103783.784
71111.111
69818.182
67964.602
142222.222
111304.348
68571.429
69818.182
68571.429
156734.694
295384.615
156734.694
69189.189
69818.182
69189.189
67368.421
69818.182
68571.429
67964.602
67964.602
69818.182
69189.189
68571.429
69818.182
69189.189
144905.66
111304.348
73142.857
69818.182
66782.609
156734.694
174545.455
274285.714
71775.701
67368.421
66782.609
67964.602
67964.602
67368.421
160000.0
295384.615
160000.0
79175.258
67368.421
68571.429
67964.602
69818.182
68571.429
67964.602
69189.189
69189.189
68571.429
142222.222
114626.866
71775.701
68571.429
67964.602
69189.189
66782.609
66206.897
67964.602
160000.0
102400.0
69818.182
71111.111
68571.429
134736.842
178604.651
333913.043
71111.111
70458.716
66782.609
144905.66
178604.651
295384.615
71775.701
70458.716
67368.421
68571.429
69189.189
67964.602
66782.609
69189.189
68571.429
67368.421
68571.429
68571.429
160000.0
166956.522
284444.444
71775.701
70458.716
69189.189
67368.421
68571.429
67368.421
66782.609
67368.421
69818.182
68571.429
68571.429
68571.429
69189.189
67368.421
67368.421
69818.182
68571.429
67964.602
68571.429
69189.189
68571.429
67964.602
160000.0
170666.667
295384.615
73142.857
68571.429
68571.429
69189.189
66206.897
160000.0
103783.784
71111.111
71775.701
68571.429
67964.602
69818.182
69189.189
68571.429
69189.189
68571.429
67964.602
66782.609
68571.429
67368.421
66782.609
67368.421
66782.609
66206.897
67368.421
68571.429
66206.897
65641.026
67368.421
67964.602
66782.609
68571.429
67964.602
67368.421
66206.897
67368.421
67368.421
160000.0
102400.0
71111.111
69818.182
66782.609
144905.66
106666.667
68571.429
68571.429
66206.897
142222.222
108169.014
69818.182
68571.429
66206.897
160000.0
295384.615
156734.694
76800.0
64537.815
65641.026
160000.0
295384.615
156734.694
76800.0
64000.0
66206.897
134736.842
284444.444
54468.085
67964.602
147692.308
178604.651
307200.0
75294.118
69818.182
70458.716
69189.189
66782.609
68571.429
69818.182
67368.421
67368.421
68571.429
68571.429
66782.609
67368.421
69818.182
76039.604
66782.609
144905.66
114626.866
73142.857
68571.429
69189.189
68571.429
67964.602
68571.429
67368.421
144905.66
112941.176
71111.111
70458.716
67368.421
68571.429
67964.602
67964.602
67368.421
67964.602
67964.602
67964.602
68571.429
66782.609
144905.66
112941.176
72452.83
69818.182
67368.421
68571.429
67368.421
65641.026
144905.66
111304.348
71775.701
66782.609
67368.421
139636.364
112941.176
68571.429
67368.421
68571.429
66206.897
65641.026
67368.421
67368.421
66206.897
142222.222
111304.348
70458.716
67368.421
65641.026
160000.0
295384.615
160000.0
69818.182
69189.189
69818.182
69818.182
67964.602
69189.189
69189.189
67368.421
67368.421
69189.189
144905.66
114626.866
69818.182
70458.716
68571.429
68571.429
71111.111
67964.602
67964.602
67964.602
68571.429
67368.421
67368.421
69189.189
144905.66
109714.286
70458.716
69818.182
69189.189
67368.421
69189.189
67368.421
67368.421
67368.421
67964.602
144905.66
111304.348
71111.111
69818.182
66782.609
160000.0
174545.455
256000.0
71775.701
68571.429
66206.897
67964.602
68571.429
66206.897
66206.897
68571.429
65084.746
144905.66
106666.667
69818.182
67368.421
65641.026
160000.0
174545.455
256000.0
70458.716
67964.602
66206.897
150588.235
174545.455
284444.444
71775.701
67964.602
69189.189
71111.111
70458.716
72452.83
73142.857
73846.154
74563.107
73846.154
74563.107
73142.857
72452.83
71775.701
73846.154
70458.716
71111.111
73142.857
71111.111
71111.111
72452.83
71111.111
71775.701
73142.857
71775.701
71775.701
72452.83
71775.701
144905.66
207567.568
284444.444
76800.0
72452.83
72452.83
71111.111
71775.701
71775.701
70458.716
71111.111
70458.716
69189.189
69818.182
70458.716
69818.182
156734.694
178604.651
274285.714
75294.118
71111.111
69818.182
71111.111
69189.189
68571.429
147692.308
114626.866
73846.154
69818.182
67964.602
160000.0
106666.667
73846.154
71775.701
69189.189
137142.857
307200.0
192000.0
76039.604
71775.701
69818.182
72452.83
70458.716
71111.111
72452.83
70458.716
70458.716
71111.111
70458.716
69818.182
71111.111
69818.182
69818.182
71111.111
70458.716
69189.189
71111.111
70458.716
71111.111
144905.66
116363.636
74563.107
72452.83
69189.189
71111.111
70458.716
70458.716
71111.111
70458.716
71775.701
70458.716
69818.182
139636.364
213333.333
274285.714
73846.154
71775.701
70458.716
69818.182
68571.429
144905.66
114626.866
73142.857
70458.716
70458.716
71111.111
70458.716
70458.716
142222.222
213333.333
274285.714
75294.118
71775.701
70458.716
69189.189
70458.716
71111.111
160000.0
174545.455
295384.615
73846.154
73142.857
71775.701
70458.716
69818.182
69818.182
69189.189
144905.66
112941.176
72452.83
70458.716
67368.421
142222.222
116363.636
72452.83
69818.182
68571.429
68571.429
69818.182
68571.429
67964.602
70458.716
69189.189
67964.602
153600.0
178604.651
284444.444
71775.701
69818.182
67964.602
69818.182
67368.421
67964.602
142222.222
116363.636
69818.182
68571.429
69189.189
69818.182
67368.421
67964.602
142222.222
207567.568
274285.714
71111.111
69189.189
70458.716
69818.182
68571.429
69189.189
150588.235
178604.651
307200.0
73142.857
68571.429
70458.716
68571.429
67368.421
67964.602
69818.182
67368.421
66782.609
150588.235
112941.176
72452.83
69818.182
67964.602
163404.255
178604.651
264827.586
71775.701
69189.189
69818.182
69189.189
68571.429
69189.189
69818.182
68571.429
67964.602
69189.189
160000.0
105205.479
71775.701
71775.701
67964.602
150588.235
178604.651
284444.444
72452.83
69189.189
66782.609
150588.235
178604.651
284444.444
71775.701
67368.421
67368.421
69818.182
67964.602
67368.421
69189.189
163404.255
103783.784
71111.111
71111.111
68571.429
68571.429
67964.602
69818.182
69189.189
68571.429
69189.189
70458.716
69189.189
163404.255
170666.667
264827.586
73846.154
70458.716
68571.429
67964.602
69189.189
69818.182
69189.189
69189.189
70458.716
69189.189
68571.429
67964.602
69818.182
68571.429
67964.602
69189.189
67964.602
66206.897
69189.189
69189.189
68571.429
68571.429
69189.189
147692.308
111304.348
69818.182
69189.189
118153.846
48000.0
64000.0
68571.429
67368.421
170666.667
97215.19
70458.716
70458.716
66782.609
147692.308
111304.348
71775.701
70458.716
67964.602
67964.602
67964.602
67368.421
163404.255
101052.632
72452.83
68571.429
67964.602
134736.842
295384.615
207567.568
72452.83
69189.189
68571.429
69189.189
67368.421
66782.609
68571.429
67368.421
144905.66
111304.348
72452.83
71111.111
67964.602
156734.694
174545.455
274285.714
71111.111
71111.111
69189.189
67368.421
69189.189
67964.602
66782.609
68571.429
66782.609
67368.421
67964.602
69818.182
160000.0
105205.479
72452.83
69189.189
70458.716
69818.182
67368.421
69818.182
69189.189
68571.429
69818.182
71111.111
71111.111
69818.182
69189.189
160000.0
178604.651
274285.714
73142.857
69189.189
69189.189
150588.235
178604.651
284444.444
70458.716
71111.111
67964.602
147692.308
174545.455
295384.615
71775.701
69818.182
67368.421
67368.421
69189.189
68571.429
66206.897
67964.602
67368.421
66206.897
150588.235
174545.455
274285.714
71111.111
68571.429
66782.609
160000.0
103783.784
69818.182
67964.602
67964.602
67964.602
66782.609
67368.421
69189.189
67368.421
67368.421
69189.189
67368.421
66206.897
67964.602
67368.421
66782.609
66782.609
68571.429
65641.026
66206.897
67964.602
67964.602
67368.421
144905.66
114626.866
72452.83
69818.182
70458.716
69189.189
68571.429
69818.182
67964.602
144905.66
114626.866
73142.857
70458.716
68571.429
69818.182
69189.189
156734.694
170666.667
274285.714
72452.83
71775.701
67964.602
160000.0
295384.615
153600.0
72452.83
69189.189
67368.421
150588.235
174545.455
274285.714
72452.83
70458.716
67964.602
68571.429
69189.189
66782.609
147692.308
111304.348
73846.154
68571.429
66782.609
69189.189
67964.602
67964.602
69818.182
69189.189
156734.694
174545.455
284444.444
73142.857
71775.701
69189.189
67964.602
69189.189
68571.429
67368.421
67964.602
67368.421
66206.897
66782.609
66782.609
66206.897
66206.897
68571.429
66782.609
65641.026
67368.421
66782.609
65641.026
147692.308
106666.667
71111.111
68571.429
66782.609
160000.0
103783.784
71775.701
69189.189
67368.421
139636.364
178604.651
349090.909
71775.701
67964.602
69189.189
142222.222
178604.651
307200.0
71111.111
69818.182
68571.429
66206.897
67368.421
68571.429
67368.421
66206.897
68571.429
156734.694
170666.667
295384.615
71775.701
69818.182
69818.182
68571.429
66782.609
69189.189
69818.182
67964.602
68571.429
69818.182
67368.421
156734.694
103783.784
73142.857
70458.716
67964.602
68571.429
71111.111
68571.429
67964.602
71111.111
69818.182
69189.189
69818.182
69189.189
67964.602
67964.602
69189.189
67368.421
144905.66
108169.014
71111.111
68571.429
66206.897
163404.255
101052.632
71775.701
68571.429
66782.609
150588.235
178604.651
274285.714
71111.111
67964.602
66206.897
67964.602
67964.602
66782.609
68571.429
69818.182
69818.182
68571.429
69189.189
69189.189
66206.897
68571.429
66782.609
66782.609
66206.897
67964.602
66782.609
67368.421
69189.189
67368.421
66206.897
66206.897
67964.602
67368.421
66206.897
67368.421
67964.602
65641.026
66206.897
69189.189
66206.897
66782.609
69189.189
67964.602
67964.602
67368.421
69818.182
69189.189
67368.421
69189.189
69818.182
68571.429
69818.182
70458.716
69818.182
69818.182
70458.716
70458.716
68571.429
68571.429
69189.189
67964.602
66782.609
67368.421
66782.609
65084.746
66206.897
67368.421
66782.609
67368.421
69189.189
67964.602
66206.897
67368.421
67964.602
66206.897
66782.609
67368.421
66782.609
66206.897
67964.602
67964.602
67964.602
67964.602
69189.189
160000.0
102400.0
69189.189
69818.182
67368.421
160000.0
101052.632
70458.716
69818.182
67964.602
153600.0
174545.455
264827.586
72452.83
69189.189
66782.609
153600.0
106666.667
72452.83
69189.189
67368.421
68571.429
67964.602
142222.222
111304.348
69189.189
71111.111
69189.189
156734.694
174545.455
264827.586
72452.83
69818.182
66782.609
156734.694
174545.455
264827.586
70458.716
67368.421
67368.421
125901.639
307200.0
196923.077
71775.701
67368.421
66206.897
67964.602
67964.602
66782.609
66782.609
68571.429
66782.609
66782.609
67964.602
67368.421
66782.609
67964.602
67964.602
66782.609
67368.421
67964.602
156734.694
102400.0
69189.189
67964.602
67964.602
163404.255
101052.632
67964.602
68571.429
68571.429
66782.609
66782.609
160000.0
178604.651
264827.586
71775.701
67368.421
66782.609
160000.0
170666.667
274285.714
67964.602
69818.182
68571.429
68571.429
67964.602
67964.602
67368.421
67368.421
68571.429
66782.609
153600.0
174545.455
247741.935
