71111.111
67368.421
69818.182
84395.604
71111.111
69189.189
77575.758
67368.421
71111.111
72452.83
69818.182
79175.258
69189.189
87272.727
72452.83
80842.105
67964.602
78367.347
70458.716
71111.111
70458.716
68571.429
71111.111
116363.636
66782.609
67368.421
66782.609
69189.189
72452.83
72452.83
69818.182
70458.716
73846.154
81702.128
72452.83
69189.189
71775.701
74563.107
74563.107
74563.107
75294.118
70458.716
74563.107
77575.758
74563.107
73846.154
80842.105
71775.701
73142.857
72452.83
67964.602
72452.83
116363.636
68571.429
69818.182
67964.602
67368.421
84395.604
71775.701
69818.182
67964.602
69818.182
72452.83
74563.107
73846.154
70458.716
71775.701
73142.857
73142.857
72452.83
69189.189
111304.348
66206.897
69189.189
67368.421
65084.746
74563.107
69818.182
69818.182
69189.189
77575.758
70458.716
83478.261
71775.701
74563.107
67964.602
76800.0
73142.857
73142.857
70458.716
69818.182
77575.758
75294.118
73846.154
72452.83
71775.701
85333.333
73846.154
73846.154
71111.111
69818.182
79175.258
72452.83
71775.701
69818.182
70458.716
83478.261
73142.857
71111.111
85333.333
67964.602
70458.716
73142.857
91428.571
63471.074
64000.0
71111.111
75294.118
71775.701
69189.189
69189.189
69818.182
74563.107
71775.701
66782.609
112941.176
66206.897
71111.111
70458.716
80000.0
69818.182
73142.857
73846.154
71775.701
72452.83
72452.83
73142.857
72452.83
71111.111
82580.645
69189.189
71111.111
73846.154
71111.111
80842.105
71111.111
88275.862
72452.83
74563.107
98461.538
65641.026
70458.716
73142.857
70458.716
69189.189
73846.154
83478.261
71775.701
70458.716
69818.182
73846.154
75294.118
74563.107
85333.333
68571.429
69818.182
76039.604
76039.604
73846.154
69189.189
71775.701
88275.862
70458.716
67368.421
77575.758
79175.258
67964.602
69818.182
64000.0
65641.026
81702.128
68571.429
82580.645
65641.026
68571.429
69818.182
73142.857
153600.0
58181.818
60000.0
68571.429
70458.716
73846.154
72452.83
67368.421
81702.128
70458.716
67964.602
66206.897
70458.716
70458.716
69818.182
68571.429
82580.645
67964.602
76039.604
69189.189
66782.609
67964.602
67964.602
83478.261
68571.429
65641.026
73846.154
68571.429
74563.107
67368.421
67368.421
68571.429
70458.716
82580.645
66782.609
65641.026
68571.429
71111.111
69818.182
81702.128
66782.609
81702.128
69818.182
80000.0
65084.746
75294.118
66782.609
66782.609
65084.746
64000.0
81702.128
66206.897
65641.026
78367.347
64000.0
80842.105
67368.421
75294.118
64537.815
144905.66
58625.954
62439.024
64000.0
77575.758
65641.026
80000.0
69189.189
76800.0
65084.746
82580.645
67368.421
80842.105
112941.176
61935.484
63471.074
65641.026
68571.429
67964.602
65641.026
67964.602
80000.0
68571.429
88275.862
65084.746
66782.609
81702.128
66782.609
85333.333
66206.897
82580.645
67964.602
86292.135
65641.026
80842.105
65084.746
86292.135
67368.421
81702.128
63471.074
88275.862
67368.421
80000.0
63471.074
77575.758
66206.897
89302.326
66206.897
64537.815
67368.421
69818.182
76800.0
67964.602
81702.128
65641.026
77575.758
66782.609
65641.026
65641.026
67368.421
68571.429
68571.429
78367.347
64000.0
65641.026
67368.421
66782.609
71111.111
65084.746
69189.189
68571.429
65641.026
65084.746
66782.609
78367.347
66206.897
78367.347
65084.746
82580.645
67964.602
79175.258
63471.074
78367.347
67368.421
85333.333
64537.815
69189.189
65084.746
86292.135
66782.609
71775.701
63471.074
83478.261
67368.421
66206.897
65641.026
68571.429
66206.897
86292.135
66206.897
79175.258
64537.815
66782.609
68571.429
65084.746
65084.746
73142.857
85333.333
68571.429
80000.0
63471.074
77575.758
67964.602
85333.333
64000.0
64000.0
66206.897
69189.189
67368.421
73846.154
66206.897
68571.429
69189.189
66782.609
79175.258
66782.609
80842.105
67368.421
67368.421
65084.746
86292.135
67964.602
80000.0
64537.815
82580.645
66206.897
67368.421
75294.118
63471.074
79175.258
67368.421
79175.258
66206.897
67964.602
84395.604
71111.111
70458.716
69818.182
72452.83
69818.182
73142.857
71111.111
69189.189
70458.716
70458.716
71775.701
75294.118
69189.189
67368.421
70458.716
71111.111
73142.857
65641.026
85333.333
69189.189
82580.645
67368.421
77575.758
66782.609
77575.758
68571.429
83478.261
66206.897
79175.258
67368.421
89302.326
66206.897
72452.83
66206.897
85333.333
67964.602
78367.347
66206.897
81702.128
69818.182
79175.258
66782.609
81702.128
67964.602
80842.105
67964.602
80842.105
65641.026
76039.604
111304.348
65641.026
71775.701
65084.746
79175.258
69189.189
80842.105
67368.421
71775.701
67964.602
84395.604
69189.189
79175.258
66782.609
80842.105
71775.701
83478.261
67964.602
78367.347
69189.189
76800.0
68571.429
68571.429
70458.716
68571.429
71111.111
70458.716
67368.421
68571.429
69818.182
72452.83
73846.154
67368.421
74563.107
71775.701
75294.118
70458.716
79175.258
69189.189
87272.727
71775.701
76039.604
66206.897
70458.716
71111.111
71775.701
66782.609
67964.602
71111.111
70458.716
69189.189
67368.421
81702.128
69818.182
83478.261
68571.429
72452.83
66782.609
83478.261
70458.716
81702.128
66206.897
67964.602
69818.182
80842.105
67964.602
84395.604
67964.602
81702.128
69189.189
81702.128
65084.746
77575.758
67368.421
78367.347
65641.026
64537.815
67368.421
71111.111
70458.716
69818.182
147692.308
62439.024
65084.746
67964.602
67368.421
68571.429
71775.701
73846.154
76039.604
71775.701
72452.83
80842.105
76039.604
76039.604
73846.154
71775.701
74563.107
86292.135
71111.111
70458.716
71111.111
73142.857
73142.857
73846.154
71775.701
79175.258
69818.182
71775.701
72452.83
70458.716
71775.701
72452.83
73846.154
108169.014
64000.0
67964.602
78367.347
70458.716
69189.189
77575.758
66206.897
67964.602
76039.604
66782.609
66782.609
66206.897
153600.0
57744.361
61935.484
65084.746
69189.189
71775.701
71775.701
69818.182
76039.604
70458.716
73846.154
71775.701
69189.189
71775.701
73142.857
87272.727
70458.716
81702.128
66782.609
83478.261
70458.716
83478.261
67368.421
85333.333
70458.716
86292.135
69818.182
81702.128
68571.429
82580.645
71775.701
86292.135
67964.602
80842.105
68571.429
82580.645
69818.182
67368.421
67964.602
69818.182
80842.105
66782.609
66782.609
68571.429
71775.701
86292.135
66782.609
79175.258
66782.609
86292.135
70458.716
80000.0
67368.421
82580.645
69818.182
83478.261
68571.429
82580.645
67964.602
82580.645
69189.189
71775.701
69189.189
69818.182
75294.118
71775.701
69818.182
69189.189
70458.716
72452.83
72452.83
74563.107
69189.189
71111.111
73846.154
72452.83
70458.716
73142.857
69818.182
71775.701
71775.701
69818.182
70458.716
69818.182
72452.83
72452.83
77575.758
67368.421
73846.154
72452.83
83478.261
67964.602
81702.128
68571.429
89302.326
69818.182
80000.0
66782.609
84395.604
70458.716
83478.261
67368.421
83478.261
68571.429
73846.154
71111.111
80000.0
67368.421
71111.111
73846.154
73142.857
69818.182
71111.111
83478.261
71111.111
72452.83
70458.716
71111.111
73846.154
74563.107
71111.111
71111.111
71111.111
73142.857
71775.701
71111.111
68571.429
73142.857
80842.105
69818.182
71775.701
71111.111
73846.154
76039.604
72452.83
84395.604
67368.421
80842.105
73142.857
85333.333
73846.154
69818.182
86292.135
71111.111
87272.727
70458.716
80842.105
67964.602
74563.107
77575.758
71775.701
71111.111
72452.83
76039.604
73846.154
71111.111
84395.604
67964.602
86292.135
70458.716
71111.111
111304.348
67964.602
67964.602
80842.105
69818.182
71111.111
72452.83
75294.118
74563.107
73142.857
83478.261
68571.429
73142.857
74563.107
71775.701
81702.128
68571.429
71775.701
73142.857
72452.83
72452.83
69818.182
73142.857
73846.154
71111.111
80842.105
67964.602
71775.701
73142.857
71111.111
71775.701
82580.645
65641.026
78367.347
68571.429
82580.645
67368.421
71111.111
72452.83
69189.189
73846.154
68571.429
71775.701
71111.111
70458.716
79175.258
67964.602
72452.83
72452.83
70458.716
82580.645
69818.182
71775.701
71775.701
70458.716
76039.604
68571.429
71111.111
69818.182
71111.111
67368.421
70458.716
70458.716
67368.421
67964.602
69189.189
73846.154
71111.111
70458.716
70458.716
73142.857
76039.604
75294.118
70458.716
71775.701
73142.857
74563.107
76039.604
73142.857
70458.716
76039.604
76039.604
83478.261
72452.83
76800.0
73846.154
78367.347
78367.347
78367.347
81702.128
86292.135
87272.727
87272.727
84395.604
82580.645
80842.105
87272.727
87272.727
85333.333
79175.258
83478.261
79175.258
87272.727
84395.604
86292.135
84395.604
82580.645
83478.261
86292.135
85333.333
80000.0
79175.258
78367.347
82580.645
82580.645
78367.347
80842.105
80842.105
80000.0
89302.326
85333.333
84395.604
101052.632
74563.107
88275.862
92530.12
86292.135
94814.815
87272.727
88275.862
87272.727
90352.941
90352.941
89302.326
86292.135
86292.135
88275.862
89302.326
88275.862
87272.727
80842.105
84395.604
88275.862
90352.941
85333.333
88275.862
82580.645
112941.176
75294.118
73142.857
73142.857
76800.0
76039.604
78367.347
81702.128
80842.105
88275.862
86292.135
87272.727
90352.941
92530.12
92530.12
87272.727
86292.135
86292.135
86292.135
45176.471
87272.727
88275.862
87272.727
88275.862
89302.326
94814.815
84395.604
88275.862
83478.261
90352.941
91428.571
88275.862
86292.135
85333.333
84395.604
87272.727
86292.135
84395.604
80000.0
80000.0
80842.105
81702.128
83478.261
78367.347
75294.118
76800.0
78367.347
78367.347
73846.154
71775.701
71111.111
83478.261
71775.701
73142.857
72452.83
73142.857
76039.604
78367.347
75294.118
84395.604
69818.182
94814.815
74563.107
87272.727
71111.111
86292.135
73142.857
88275.862
74563.107
84395.604
72452.83
73846.154
78367.347
80842.105
80842.105
84395.604
89302.326
84395.604
97215.19
88275.862
87272.727
85333.333
83478.261
86292.135
89302.326
88275.862
84395.604
81702.128
81702.128
83478.261
80842.105
77575.758
73142.857
69818.182
71111.111
67964.602
68571.429
66782.609
67964.602
71775.701
71775.701
71111.111
69189.189
72452.83
80842.105
71111.111
71111.111
72452.83
73846.154
71111.111
80000.0
73142.857
76800.0
71775.701
76039.604
75294.118
73846.154
73142.857
75294.118
78367.347
80842.105
73142.857
71775.701
74563.107
77575.758
76800.0
72452.83
70458.716
72452.83
73142.857
73142.857
70458.716
69818.182
70458.716
91428.571
66782.609
72452.83
64000.0
89302.326
66782.609
66782.609
66206.897
76039.604
65084.746
93658.537
66206.897
62950.82
69818.182
66206.897
68571.429
66206.897
65084.746
83478.261
66782.609
80842.105
65084.746
75294.118
66206.897
85333.333
67368.421
76800.0
62950.82
84395.604
67368.421
84395.604
60952.381
80842.105
65641.026
82580.645
65084.746
65084.746
67964.602
71775.701
70458.716
67964.602
74563.107
65084.746
69818.182
114626.866
60952.381
61935.484
76039.604
66782.609
160000.0
54084.507
58181.818
69818.182
72452.83
102400.0
60952.381
62950.82
69818.182
85333.333
62950.82
71775.701
102400.0
59534.884
61440.0
61440.0
62439.024
65641.026
89302.326
61935.484
59076.923
64537.815
66782.609
81702.128
62439.024
61935.484
68571.429
69818.182
67368.421
65084.746
71111.111
67368.421
89302.326
64537.815
62950.82
74563.107
68571.429
69818.182
67964.602
66782.609
69818.182
83478.261
66782.609
128000.0
56470.588
58625.954
71111.111
69189.189
72452.83
65641.026
69818.182
69189.189
67368.421
70458.716
66206.897
88275.862
68571.429
65641.026
67964.602
72452.83
73142.857
72452.83
69189.189
67964.602
71775.701
72452.83
68571.429
63471.074
66782.609
67368.421
67368.421
88275.862
51543.624
67368.421
68571.429
66206.897
103783.784
284444.444
75294.118
63471.074
105205.479
178604.651
64000.0
79175.258
64000.0
65641.026
71775.701
69818.182
65641.026
76800.0
67368.421
87272.727
65084.746
66782.609
71775.701
70458.716
67964.602
80842.105
64537.815
67964.602
80842.105
62950.82
72452.83
80842.105
67368.421
66782.609
66782.609
70458.716
69189.189
71111.111
66782.609
66206.897
68571.429
69818.182
69189.189
76039.604
64537.815
68571.429
70458.716
69818.182
67368.421
68571.429
96000.0
64537.815
66782.609
66782.609
68571.429
71111.111
71111.111
69189.189
67368.421
105205.479
64000.0
66206.897
66782.609
65084.746
67964.602
69818.182
67964.602
65641.026
66206.897
70458.716
69189.189
68571.429
66782.609
66206.897
89302.326
67964.602
65084.746
65084.746
82580.645
68571.429
82580.645
64000.0
65084.746
69818.182
81702.128
66782.609
78367.347
65641.026
81702.128
69189.189
79175.258
65641.026
81702.128
72452.83
77575.758
66206.897
65641.026
78367.347
69189.189
69818.182
77575.758
65641.026
67964.602
71775.701
70458.716
67964.602
77575.758
69818.182
85333.333
69189.189
75294.118
66206.897
70458.716
71775.701
70458.716
75294.118
65641.026
71111.111
71111.111
67368.421
67368.421
69189.189
69818.182
69189.189
66206.897
65641.026
68571.429
69189.189
82580.645
62439.024
77575.758
66782.609
65641.026
83478.261
62950.82
78367.347
64537.815
87272.727
60952.381
60472.441
65641.026
67964.602
73846.154
61935.484
86292.135
64000.0
64537.815
64000.0
64000.0
66206.897
67964.602
71775.701
61935.484
76039.604
64537.815
76039.604
62439.024
76800.0
64000.0
82580.645
66782.609
64000.0
69189.189
66206.897
69818.182
67964.602
64537.815
66206.897
68571.429
67964.602
77575.758
62950.82
80000.0
64537.815
71775.701
61440.0
85333.333
65641.026
79175.258
63471.074
78367.347
62950.82
79175.258
64537.815
79175.258
60952.381
70458.716
64000.0
89302.326
61440.0
60472.441
71775.701
64537.815
65084.746
64537.815
64537.815
71111.111
84395.604
61440.0
78367.347
62950.82
82580.645
62950.82
61935.484
64000.0
68571.429
68571.429
67368.421
70458.716
66782.609
71775.701
69189.189
67368.421
69818.182
82580.645
68571.429
85333.333
63471.074
66206.897
72452.83
72452.83
69818.182
67964.602
69818.182
82580.645
74563.107
64000.0
76039.604
66206.897
71775.701
73142.857
76039.604
66782.609
71111.111
73142.857
71775.701
76800.0
66782.609
71775.701
73142.857
70458.716
69189.189
71111.111
73142.857
85333.333
67964.602
71775.701
67964.602
71111.111
70458.716
67964.602
66206.897
66782.609
69189.189
67964.602
66206.897
65084.746
67964.602
69818.182
66206.897
76039.604
63471.074
93658.537
66782.609
64537.815
74563.107
77575.758
67964.602
86292.135
65641.026
84395.604
66206.897
83478.261
67964.602
86292.135
64000.0
76800.0
66782.609
69818.182
67368.421
67368.421
68571.429
72452.83
69189.189
76039.604
64537.815
69189.189
70458.716
68571.429
66206.897
70458.716
80000.0
67368.421
67964.602
67964.602
78367.347
71111.111
73142.857
69818.182
76039.604
72452.83
70458.716
69818.182
67964.602
68571.429
84395.604
69189.189
69189.189
69189.189
71111.111
71111.111
73142.857
80842.105
64537.815
67964.602
71775.701
73142.857
65641.026
84395.604
65641.026
90352.941
66206.897
79175.258
62439.024
69189.189
78367.347
66782.609
79175.258
64000.0
70458.716
70458.716
76039.604
64537.815
67964.602
69818.182
70458.716
84395.604
65084.746
82580.645
67368.421
87272.727
64537.815
73846.154
62950.82
66782.609
66206.897
65084.746
65641.026
79175.258
65084.746
70458.716
108169.014
58625.954
61935.484
64000.0
62439.024
62950.82
69189.189
66206.897
64537.815
65084.746
66206.897
67964.602
67368.421
66206.897
65084.746
69189.189
69189.189
67964.602
78367.347
64537.815
85333.333
67964.602
80000.0
62439.024
80000.0
65641.026
77575.758
62439.024
62439.024
65641.026
66782.609
65641.026
64000.0
64537.815
67368.421
66206.897
65084.746
62439.024
84395.604
65084.746
62439.024
65084.746
65084.746
67964.602
67368.421
63471.074
63471.074
75294.118
63471.074
79175.258
59534.884
60952.381
64537.815
64000.0
62439.024
64537.815
65641.026
72452.83
62950.82
82580.645
62950.82
65084.746
64537.815
64000.0
64000.0
67964.602
66782.609
80000.0
62950.82
64537.815
69189.189
73846.154
62950.82
67368.421
67964.602
79175.258
64537.815
63471.074
66206.897
68571.429
77575.758
62439.024
64000.0
79175.258
64000.0
62439.024
64000.0
65641.026
66206.897
66782.609
62950.82
73846.154
64537.815
64537.815
80842.105
60000.0
67368.421
61935.484
61935.484
61935.484
63471.074
65084.746
75294.118
112941.176
57744.361
60000.0
62950.82
81702.128
61440.0
60000.0
64000.0
78367.347
62950.82
75294.118
60472.441
63471.074
62950.82
62950.82
64537.815
65641.026
67368.421
65084.746
62950.82
81702.128
66206.897
68571.429
62439.024
64537.815
68571.429
69818.182
68571.429
66206.897
73846.154
67964.602
80000.0
65084.746
64537.815
78367.347
65641.026
64537.815
62950.82
66206.897
67964.602
66782.609
65084.746
64000.0
67368.421
75294.118
63471.074
63471.074
64537.815
67368.421
81702.128
62950.82
61440.0
64000.0
65641.026
73142.857
60000.0
61935.484
69189.189
62950.82
77575.758
60472.441
62950.82
63471.074
62950.82
67368.421
62439.024
89302.326
62439.024
60952.381
66782.609
62950.82
66782.609
78367.347
61935.484
62950.82
65641.026
74563.107
61935.484
81702.128
64537.815
65641.026
64000.0
64000.0
67368.421
68571.429
76800.0
63471.074
67368.421
64000.0
66206.897
77575.758
61440.0
61935.484
65641.026
65084.746
61935.484
80000.0
64537.815
81702.128
62439.024
61440.0
61935.484
64537.815
64000.0
64000.0
77575.758
65084.746
66782.609
78367.347
61440.0
64000.0
65641.026
82580.645
61440.0
73846.154
62439.024
63471.074
61935.484
77575.758
61935.484
62950.82
62950.82
61935.484
62950.82
75294.118
82580.645
61935.484
60472.441
63471.074
64537.815
64000.0
62950.82
65084.746
66782.609
65641.026
64537.815
64537.815
66782.609
86292.135
64537.815
62439.024
64537.815
73142.857
65641.026
66782.609
66782.609
71775.701
70458.716
80842.105
64537.815
67368.421
72452.83
64537.815
65084.746
64537.815
65641.026
85333.333
65641.026
66782.609
65084.746
89302.326
66782.609
67964.602
62950.82
87272.727
65084.746
71775.701
62950.82
86292.135
61935.484
67964.602
63471.074
83478.261
60472.441
60952.381
64537.815
63471.074
62950.82
64000.0
84395.604
63471.074
60000.0
60952.381
84395.604
64537.815
61440.0
60952.381
83478.261
64000.0
62950.82
61935.484
66206.897
64537.815
82580.645
62950.82
72452.83
109714.286
60472.441
62950.82
61440.0
60952.381
65084.746
67964.602
78367.347
62439.024
64000.0
68571.429
67964.602
71775.701
64000.0
70458.716
68571.429
66206.897
64537.815
66206.897
66206.897
65641.026
64000.0
62439.024
64537.815
65641.026
64000.0
61935.484
62950.82
80000.0
61935.484
60472.441
61440.0
87272.727
64000.0
61935.484
60472.441
62950.82
63471.074
64000.0
61935.484
82580.645
64537.815
62439.024
60952.381
60952.381
65084.746
80842.105
61935.484
60952.381
62439.024
63471.074
62439.024
77575.758
61935.484
62439.024
61935.484
61935.484
62950.82
64537.815
65084.746
62439.024
62439.024
65641.026
80842.105
64537.815
61935.484
62950.82
66782.609
81702.128
62950.82
69189.189
63471.074
65641.026
65641.026
65084.746
66206.897
70458.716
69818.182
67368.421
66782.609
79175.258
66782.609
66206.897
74563.107
62950.82
67368.421
83478.261
66206.897
64537.815
67368.421
68571.429
69189.189
68571.429
65641.026
68571.429
67964.602
73846.154
64000.0
65084.746
68571.429
68571.429
77575.758
63471.074
66782.609
65641.026
67964.602
85333.333
64537.815
66782.609
69189.189
78367.347
64000.0
81702.128
65641.026
73142.857
63471.074
66206.897
67368.421
65641.026
66782.609
78367.347
63471.074
69189.189
67368.421
82580.645
64000.0
79175.258
65084.746
65641.026
67368.421
66206.897
68571.429
76800.0
67368.421
72452.83
67964.602
86292.135
67964.602
79175.258
64000.0
66206.897
68571.429
69818.182
85333.333
63471.074
78367.347
64537.815
65084.746
73142.857
72452.83
61935.484
90352.941
63471.074
60472.441
62950.82
80842.105
61935.484
61935.484
61935.484
62950.82
64000.0
83478.261
60472.441
73846.154
61935.484
69189.189
59534.884
61935.484
65084.746
65641.026
82580.645
61440.0
60472.441
65084.746
66782.609
64000.0
64537.815
66206.897
67964.602
66206.897
79175.258
64000.0
66206.897
71111.111
66206.897
79175.258
66782.609
86292.135
66782.609
64537.815
67368.421
71111.111
76039.604
70458.716
80842.105
94814.815
66206.897
69818.182
69189.189
76800.0
71775.701
73846.154
69818.182
76800.0
71111.111
80000.0
80842.105
81702.128
89302.326
81702.128
87272.727
87272.727
90352.941
88275.862
92530.12
87272.727
85333.333
85333.333
86292.135
84395.604
85333.333
80842.105
79175.258
76800.0
80842.105
80000.0
80000.0
79175.258
73142.857
82580.645
80842.105
73846.154
76039.604
76039.604
78367.347
79175.258
77575.758
78367.347
75294.118
76800.0
80842.105
80000.0
78367.347
78367.347
80000.0
80000.0
81702.128
77575.758
76039.604
79175.258
77575.758
78367.347
76800.0
73846.154
73846.154
73142.857
75294.118
82580.645
66782.609
81702.128
67964.602
72452.83
69189.189
72452.83
83478.261
67368.421
89302.326
71775.701
88275.862
67964.602
86292.135
74563.107
84395.604
66782.609
86292.135
67964.602
89302.326
69189.189
72452.83
68571.429
71111.111
77575.758
88275.862
65641.026
88275.862
65641.026
69189.189
71111.111
69818.182
69189.189
73142.857
69189.189
68571.429
66206.897
68571.429
111304.348
67368.421
71775.701
64537.815
82580.645
86292.135
57744.361
69189.189
69818.182
72452.83
82580.645
71111.111
83478.261
67368.421
71775.701
108169.014
67368.421
65641.026
80842.105
66782.609
89302.326
69189.189
82580.645
65084.746
137142.857
59534.884
66782.609
65084.746
66206.897
80842.105
66782.609
68571.429
67964.602
66206.897
67964.602
68571.429
65641.026
64000.0
81702.128
62439.024
77575.758
60472.441
61935.484
64000.0
65084.746
65084.746
62439.024
67964.602
64537.815
89302.326
59534.884
59076.923
65084.746
65641.026
68571.429
60000.0
65084.746
65641.026
65084.746
64537.815
84395.604
64000.0
62950.82
84395.604
61440.0
62950.82
