82580.645
82580.645
83478.261
108169.014
72452.83
81702.128
83478.261
84395.604
85333.333
84395.604
85333.333
83478.261
106666.667
71775.701
84395.604
84395.604
90352.941
78367.347
84395.604
85333.333
83478.261
84395.604
120000.0
66782.609
80842.105
80000.0
116363.636
68571.429
78367.347
80842.105
81702.128
81702.128
81702.128
80842.105
80842.105
79175.258
78367.347
79175.258
78367.347
89302.326
256000.0
93658.537
78367.347
79175.258
80000.0
105205.479
67368.421
79175.258
80000.0
79175.258
79175.258
77575.758
78367.347
77575.758
78367.347
80000.0
80000.0
80842.105
82580.645
116363.636
66782.609
81702.128
81702.128
80000.0
79175.258
76039.604
109714.286
64000.0
71111.111
72452.83
74563.107
76039.604
76039.604
75294.118
76800.0
75294.118
74563.107
75294.118
75294.118
74563.107
75294.118
74563.107
76039.604
76800.0
76039.604
75294.118
76039.604
74563.107
75294.118
74563.107
73846.154
73846.154
74563.107
74563.107
73846.154
73846.154
73846.154
74563.107
74563.107
75294.118
74563.107
75294.118
75294.118
74563.107
75294.118
75294.118
76039.604
76039.604
75294.118
76039.604
76039.604
76800.0
76800.0
77575.758
78367.347
77575.758
77575.758
76800.0
76039.604
75294.118
76039.604
75294.118
74563.107
75294.118
97215.19
62950.82
76800.0
79175.258
78367.347
80000.0
90352.941
156734.694
130169.492
80842.105
80000.0
108169.014
64000.0
76800.0
76039.604
76800.0
76039.604
75294.118
74563.107
74563.107
80000.0
69189.189
75294.118
76039.604
76039.604
76039.604
75294.118
75294.118
74563.107
75294.118
73846.154
74563.107
73846.154
74563.107
73846.154
73846.154
73846.154
74563.107
73846.154
114626.866
256000.0
73142.857
76039.604
78367.347
78367.347
78367.347
78367.347
80000.0
79175.258
79175.258
79175.258
79175.258
78367.347
76039.604
76800.0
75294.118
74563.107
73846.154
74563.107
73846.154
75294.118
75294.118
74563.107
75294.118
73846.154
74563.107
74563.107
74563.107
75294.118
74563.107
76039.604
76800.0
78367.347
78367.347
79175.258
80000.0
78367.347
78367.347
78367.347
77575.758
77575.758
76800.0
77575.758
77575.758
77575.758
78367.347
78367.347
79175.258
79175.258
78367.347
77575.758
76800.0
76800.0
109714.286
63471.074
73846.154
76039.604
76800.0
76800.0
79175.258
76800.0
77575.758
79175.258
77575.758
77575.758
77575.758
76039.604
76039.604
74563.107
75294.118
74563.107
73846.154
74563.107
74563.107
74563.107
73846.154
74563.107
72452.83
73846.154
75294.118
73846.154
76800.0
75294.118
74563.107
75294.118
74563.107
74563.107
74563.107
75294.118
77575.758
76800.0
77575.758
77575.758
78367.347
80000.0
78367.347
80000.0
80842.105
79175.258
78367.347
78367.347
76800.0
76800.0
75294.118
75294.118
74563.107
74563.107
73846.154
75294.118
74563.107
75294.118
118153.846
264827.586
73142.857
77575.758
79175.258
76800.0
77575.758
76039.604
76039.604
76039.604
76039.604
75294.118
76039.604
76800.0
76039.604
76800.0
75294.118
76039.604
93658.537
64537.815
74563.107
75294.118
75294.118
76039.604
75294.118
74563.107
74563.107
74563.107
73142.857
74563.107
73142.857
73142.857
73142.857
73142.857
72452.83
73846.154
74563.107
76039.604
76039.604
76800.0
77575.758
78367.347
79175.258
78367.347
76800.0
76800.0
75294.118
73846.154
73846.154
73846.154
72452.83
73142.857
73142.857
72452.83
73142.857
73142.857
73846.154
74563.107
74563.107
75294.118
75294.118
75294.118
76039.604
73846.154
76039.604
74563.107
73846.154
74563.107
73846.154
72452.83
96000.0
61935.484
71111.111
71775.701
72452.83
72452.83
72452.83
73142.857
72452.83
101052.632
61935.484
125901.639
64000.0
72452.83
74563.107
77575.758
225882.353
256000.0
54084.507
74563.107
76039.604
74563.107
75294.118
73846.154
73142.857
72452.83
72452.83
72452.83
71775.701
71775.701
72452.83
71775.701
71775.701
71775.701
72452.83
72452.83
71775.701
72452.83
72452.83
73846.154
73846.154
72452.83
73142.857
72452.83
72452.83
73142.857
73142.857
72452.83
72452.83
73142.857
73142.857
73142.857
72452.83
72452.83
97215.19
60472.441
69818.182
71111.111
71111.111
71775.701
71111.111
71111.111
72452.83
72452.83
73142.857
73142.857
71111.111
71111.111
70458.716
71111.111
69818.182
70458.716
71111.111
69818.182
71111.111
71775.701
71111.111
71111.111
71775.701
71775.701
71111.111
71775.701
71111.111
71111.111
71775.701
71111.111
72452.83
72452.83
73142.857
73846.154
73142.857
72452.83
72452.83
71775.701
71775.701
71775.701
72452.83
71775.701
71775.701
71775.701
71111.111
71111.111
71111.111
72452.83
72452.83
72452.83
72452.83
71775.701
73142.857
73142.857
73846.154
73142.857
73142.857
73142.857
73142.857
72452.83
73142.857
72452.83
73846.154
72452.83
72452.83
73142.857
72452.83
71775.701
72452.83
72452.83
96000.0
60472.441
69818.182
72452.83
73142.857
87272.727
64000.0
75294.118
76039.604
94814.815
64537.815
74563.107
73846.154
73142.857
72452.83
72452.83
71775.701
102400.0
60000.0
69189.189
71111.111
71775.701
72452.83
86292.135
256000.0
83478.261
73142.857
74563.107
73846.154
74563.107
73846.154
74563.107
75294.118
75294.118
75294.118
76039.604
74563.107
74563.107
75294.118
76039.604
74563.107
74563.107
73846.154
98461.538
62439.024
71775.701
73142.857
73846.154
74563.107
74563.107
76039.604
103783.784
62950.82
72452.83
74563.107
74563.107
73846.154
73846.154
72452.83
72452.83
72452.83
73846.154
74563.107
75294.118
74563.107
74563.107
74563.107
73846.154
73142.857
73846.154
74563.107
73142.857
73846.154
72452.83
73142.857
72452.83
73142.857
73142.857
73142.857
73846.154
73846.154
73142.857
73846.154
76039.604
76039.604
77575.758
78367.347
78367.347
78367.347
78367.347
77575.758
79175.258
77575.758
78367.347
79175.258
79175.258
78367.347
78367.347
76800.0
130169.492
66782.609
80000.0
73846.154
80000.0
82580.645
82580.645
82580.645
81702.128
102400.0
66782.609
77575.758
76800.0
76800.0
76039.604
109714.286
274285.714
75294.118
76800.0
77575.758
77575.758
77575.758
76039.604
75294.118
76039.604
73846.154
74563.107
73846.154
73846.154
73142.857
73142.857
74563.107
76039.604
76800.0
76039.604
76800.0
76039.604
76800.0
76800.0
76800.0
77575.758
76800.0
76039.604
76039.604
75294.118
76039.604
75294.118
73846.154
73846.154
73846.154
73846.154
73142.857
74563.107
73142.857
73142.857
74563.107
73142.857
74563.107
74563.107
75294.118
75294.118
75294.118
76800.0
77575.758
78367.347
111304.348
64537.815
78367.347
78367.347
78367.347
78367.347
78367.347
76039.604
77575.758
76039.604
76039.604
75294.118
77575.758
76039.604
76800.0
108169.014
62439.024
72452.83
73846.154
73846.154
73846.154
74563.107
74563.107
75294.118
97215.19
64000.0
74563.107
76039.604
75294.118
75294.118
76039.604
73846.154
75294.118
101052.632
62950.82
73142.857
74563.107
74563.107
73846.154
73846.154
73142.857
73142.857
73142.857
72452.83
72452.83
71775.701
71775.701
72452.83
71111.111
71111.111
71775.701
71111.111
71111.111
71775.701
71775.701
75294.118
76800.0
73846.154
75294.118
76039.604
76800.0
76039.604
76039.604
99740.26
64000.0
73846.154
76039.604
76800.0
77575.758
232727.273
120000.0
80842.105
80000.0
81702.128
81702.128
80842.105
80842.105
80000.0
78367.347
79175.258
78367.347
79175.258
77575.758
77575.758
78367.347
77575.758
76800.0
78367.347
78367.347
78367.347
79175.258
79175.258
80000.0
78367.347
80000.0
80842.105
80842.105
80000.0
80842.105
80842.105
80000.0
79175.258
79175.258
79175.258
77575.758
78367.347
76800.0
78367.347
78367.347
78367.347
77575.758
80000.0
78367.347
79175.258
78367.347
78367.347
79175.258
77575.758
78367.347
78367.347
79175.258
78367.347
79175.258
80000.0
81702.128
80842.105
80842.105
80000.0
81702.128
80842.105
81702.128
82580.645
81702.128
80000.0
79175.258
79175.258
77575.758
77575.758
76039.604
76800.0
75294.118
76039.604
75294.118
76039.604
75294.118
75294.118
76039.604
73846.154
75294.118
75294.118
76039.604
76039.604
77575.758
77575.758
78367.347
77575.758
79175.258
77575.758
78367.347
78367.347
78367.347
78367.347
77575.758
77575.758
77575.758
76800.0
91428.571
66206.897
78367.347
79175.258
80000.0
80000.0
79175.258
80000.0
78367.347
79175.258
77575.758
78367.347
77575.758
111304.348
67964.602
76800.0
79175.258
79175.258
80000.0
79175.258
88275.862
72452.83
82580.645
81702.128
84395.604
82580.645
83478.261
82580.645
80842.105
79175.258
77575.758
77575.758
75294.118
75294.118
76800.0
75294.118
75294.118
77575.758
106666.667
256000.0
82580.645
80000.0
80842.105
80842.105
79175.258
78367.347
76800.0
76800.0
76039.604
75294.118
76039.604
74563.107
75294.118
76800.0
75294.118
76039.604
75294.118
75294.118
112941.176
256000.0
73846.154
76800.0
76039.604
77575.758
75294.118
74563.107
74563.107
73846.154
73846.154
73846.154
73846.154
73142.857
73846.154
73142.857
102400.0
61935.484
73142.857
73846.154
74563.107
74563.107
73846.154
72452.83
73846.154
73142.857
73142.857
71111.111
71775.701
71775.701
72452.83
71775.701
73142.857
73142.857
73142.857
72452.83
73142.857
91428.571
61440.0
75294.118
74563.107
75294.118
75294.118
75294.118
76800.0
77575.758
76800.0
77575.758
77575.758
76800.0
77575.758
77575.758
76800.0
76800.0
75294.118
74563.107
74563.107
73142.857
73846.154
73846.154
73846.154
73846.154
74563.107
74563.107
76039.604
76800.0
77575.758
77575.758
78367.347
79175.258
77575.758
77575.758
76800.0
74563.107
75294.118
74563.107
73846.154
74563.107
105205.479
61935.484
72452.83
88275.862
65084.746
76039.604
75294.118
76039.604
74563.107
74563.107
74563.107
73846.154
73846.154
73142.857
73846.154
73846.154
74563.107
73846.154
73846.154
73142.857
73142.857
73142.857
73846.154
73142.857
73846.154
73846.154
73846.154
73846.154
73142.857
74563.107
74563.107
73846.154
74563.107
75294.118
74563.107
75294.118
73142.857
73846.154
73142.857
73846.154
72452.83
74563.107
74563.107
74563.107
75294.118
76039.604
76039.604
75294.118
76800.0
75294.118
74563.107
76039.604
74563.107
74563.107
74563.107
75294.118
76039.604
75294.118
77575.758
77575.758
77575.758
76800.0
76800.0
77575.758
75294.118
76039.604
75294.118
76039.604
74563.107
76039.604
76039.604
76039.604
76039.604
77575.758
76039.604
77575.758
76800.0
77575.758
77575.758
80000.0
80000.0
81702.128
81702.128
207567.568
134736.842
81702.128
81702.128
83478.261
84395.604
82580.645
81702.128
79175.258
79175.258
78367.347
78367.347
78367.347
77575.758
78367.347
78367.347
78367.347
256000.0
112941.176
79175.258
79175.258
79175.258
87272.727
73142.857
80000.0
80842.105
80842.105
80000.0
80000.0
79175.258
81702.128
76800.0
80842.105
79175.258
80842.105
85333.333
78367.347
82580.645
80000.0
80842.105
79175.258
79175.258
79175.258
78367.347
78367.347
85333.333
70458.716
78367.347
77575.758
78367.347
79175.258
79175.258
77575.758
78367.347
77575.758
77575.758
77575.758
75294.118
91428.571
64000.0
73142.857
75294.118
74563.107
75294.118
75294.118
74563.107
75294.118
75294.118
75294.118
73846.154
76039.604
74563.107
76039.604
76800.0
76039.604
76039.604
75294.118
76800.0
74563.107
76039.604
73846.154
75294.118
72452.83
73846.154
73142.857
73142.857
89302.326
62950.82
74563.107
74563.107
108169.014
256000.0
73846.154
76800.0
76039.604
112941.176
264827.586
75294.118
77575.758
78367.347
77575.758
80000.0
77575.758
76800.0
77575.758
76039.604
74563.107
76800.0
75294.118
74563.107
75294.118
76800.0
76039.604
75294.118
78367.347
78367.347
102400.0
67368.421
78367.347
80000.0
99740.26
67368.421
79175.258
78367.347
79175.258
77575.758
76039.604
76039.604
76039.604
74563.107
74563.107
75294.118
73142.857
73846.154
73142.857
73846.154
73846.154
73142.857
74563.107
75294.118
73846.154
75294.118
75294.118
75294.118
75294.118
76800.0
76039.604
98461.538
64537.815
74563.107
76039.604
76800.0
78367.347
78367.347
102400.0
65084.746
76800.0
77575.758
76800.0
76800.0
76039.604
76039.604
76039.604
109714.286
62950.82
73846.154
75294.118
75294.118
76039.604
82580.645
247741.935
96000.0
106666.667
62950.82
76039.604
76039.604
77575.758
76800.0
76800.0
76039.604
75294.118
76039.604
76800.0
75294.118
77575.758
75294.118
76039.604
76800.0
76800.0
76800.0
78367.347
80000.0
79175.258
77575.758
76039.604
75294.118
76039.604
74563.107
97215.19
61935.484
75294.118
76039.604
78367.347
76800.0
76039.604
76800.0
76800.0
76039.604
76039.604
105205.479
62950.82
72452.83
74563.107
74563.107
76039.604
74563.107
75294.118
75294.118
73846.154
75294.118
74563.107
93658.537
61935.484
76039.604
75294.118
76800.0
76800.0
75294.118
76039.604
74563.107
75294.118
76039.604
75294.118
75294.118
75294.118
85333.333
67368.421
76039.604
76039.604
75294.118
75294.118
73142.857
73846.154
73846.154
72452.83
73142.857
73142.857
73846.154
73142.857
73142.857
72452.83
105205.479
59076.923
69189.189
69818.182
70458.716
71111.111
71111.111
71775.701
70458.716
71111.111
71111.111
71775.701
71111.111
71111.111
72452.83
72452.83
72452.83
73846.154
72452.83
73142.857
73846.154
73846.154
73142.857
74563.107
73142.857
73142.857
73142.857
72452.83
97215.19
60000.0
71111.111
73142.857
73142.857
73142.857
98461.538
59534.884
70458.716
73142.857
71775.701
73846.154
99740.26
61440.0
125901.639
62439.024
73846.154
74563.107
75294.118
130169.492
65084.746
76039.604
76039.604
76800.0
77575.758
109714.286
60952.381
72452.83
72452.83
73142.857
73846.154
73142.857
72452.83
73846.154
73142.857
73142.857
73142.857
72452.83
72452.83
72452.83
73142.857
72452.83
73846.154
72452.83
74563.107
74563.107
73142.857
73142.857
73846.154
73142.857
73142.857
73142.857
72452.83
74563.107
163404.255
130169.492
74563.107
76800.0
73846.154
76039.604
99740.26
320000.0
79175.258
80000.0
80842.105
82580.645
83478.261
114626.866
71775.701
82580.645
84395.604
84395.604
85333.333
85333.333
85333.333
85333.333
84395.604
85333.333
84395.604
82580.645
84395.604
83478.261
103783.784
73142.857
85333.333
83478.261
84395.604
85333.333
83478.261
83478.261
85333.333
82580.645
84395.604
82580.645
81702.128
247741.935
120000.0
80842.105
81702.128
81702.128
83478.261
84395.604
166956.522
174545.455
86292.135
88275.862
87272.727
88275.862
89302.326
89302.326
87272.727
88275.862
87272.727
87272.727
86292.135
87272.727
85333.333
102400.0
73846.154
84395.604
83478.261
84395.604
85333.333
85333.333
85333.333
106666.667
72452.83
85333.333
86292.135
87272.727
86292.135
88275.862
86292.135
87272.727
87272.727
86292.135
87272.727
87272.727
85333.333
87272.727
86292.135
87272.727
87272.727
88275.862
87272.727
86292.135
88275.862
85333.333
86292.135
85333.333
84395.604
82580.645
82580.645
81702.128
80842.105
81702.128
80000.0
81702.128
81702.128
80842.105
82580.645
81702.128
80000.0
80842.105
82580.645
80842.105
81702.128
82580.645
182857.143
147692.308
82580.645
98461.538
67964.602
84395.604
84395.604
123870.968
67964.602
82580.645
86292.135
125901.639
72452.83
87272.727
142222.222
240000.0
91428.571
90352.941
92530.12
91428.571
91428.571
91428.571
90352.941
90352.941
90352.941
90352.941
89302.326
90352.941
88275.862
90352.941
89302.326
112941.176
76039.604
88275.862
88275.862
88275.862
88275.862
88275.862
88275.862
86292.135
88275.862
84395.604
87272.727
85333.333
84395.604
85333.333
82580.645
83478.261
83478.261
82580.645
83478.261
83478.261
82580.645
84395.604
83478.261
83478.261
83478.261
83478.261
82580.645
84395.604
83478.261
83478.261
83478.261
82580.645
82580.645
81702.128
80842.105
80842.105
80842.105
98461.538
70458.716
80842.105
81702.128
82580.645
80842.105
118153.846
66206.897
78367.347
80842.105
80842.105
80842.105
80842.105
81702.128
82580.645
82580.645
82580.645
83478.261
82580.645
84395.604
111304.348
284444.444
87272.727
83478.261
85333.333
84395.604
85333.333
84395.604
83478.261
82580.645
103783.784
70458.716
81702.128
80842.105
284444.444
116363.636
80000.0
83478.261
97215.19
69818.182
81702.128
2560000.0
80000.0
77575.758
79175.258
79175.258
76800.0
76800.0
76800.0
76800.0
77575.758
77575.758
109714.286
65084.746
76800.0
78367.347
77575.758
78367.347
78367.347
76800.0
120000.0
64000.0
73846.154
76039.604
77575.758
76039.604
92530.12
66782.609
79175.258
76800.0
78367.347
78367.347
76800.0
76039.604
78367.347
76039.604
108169.014
274285.714
77575.758
80000.0
79175.258
80000.0
79175.258
101052.632
64537.815
76039.604
76039.604
76800.0
78367.347
78367.347
77575.758
77575.758
76039.604
76039.604
76800.0
75294.118
76039.604
74563.107
74563.107
75294.118
74563.107
108169.014
62439.024
73142.857
73846.154
74563.107
76039.604
94814.815
64537.815
76039.604
77575.758
76039.604
78367.347
86292.135
69818.182
77575.758
153600.0
153600.0
77575.758
77575.758
76800.0
77575.758
77575.758
77575.758
247741.935
111304.348
78367.347
78367.347
76800.0
77575.758
78367.347
73142.857
74563.107
72452.83
75294.118
76800.0
76800.0
77575.758
79175.258
79175.258
80000.0
80000.0
80000.0
79175.258
80000.0
79175.258
79175.258
79175.258
79175.258
79175.258
79175.258
79175.258
80000.0
80842.105
82580.645
81702.128
80842.105
80842.105
79175.258
78367.347
77575.758
77575.758
76800.0
76800.0
77575.758
77575.758
76800.0
78367.347
78367.347
78367.347
89302.326
71775.701
77575.758
76800.0
76800.0
76039.604
76800.0
76800.0
76800.0
116363.636
64000.0
77575.758
77575.758
80842.105
79175.258
80842.105
79175.258
80000.0
78367.347
78367.347
76800.0
76800.0
76039.604
76039.604
76039.604
75294.118
75294.118
76039.604
75294.118
75294.118
76039.604
76039.604
78367.347
78367.347
78367.347
79175.258
77575.758
77575.758
76800.0
76039.604
76800.0
77575.758
76800.0
78367.347
79175.258
76800.0
78367.347
78367.347
76039.604
76039.604
76039.604
76039.604
75294.118
75294.118
73142.857
75294.118
73846.154
76039.604
88275.862
66206.897
76800.0
77575.758
77575.758
77575.758
77575.758
77575.758
78367.347
77575.758
76800.0
77575.758
77575.758
76800.0
78367.347
102400.0
62950.82
74563.107
74563.107
74563.107
75294.118
76800.0
75294.118
76800.0
78367.347
79175.258
78367.347
79175.258
77575.758
76800.0
76039.604
76039.604
74563.107
75294.118
74563.107
73846.154
73142.857
73846.154
73142.857
73142.857
73846.154
73846.154
75294.118
76039.604
76039.604
77575.758
76800.0
76800.0
78367.347
77575.758
79175.258
114626.866
65641.026
79175.258
81702.128
232727.273
116363.636
81702.128
82580.645
81702.128
80842.105
81702.128
79175.258
79175.258
77575.758
78367.347
78367.347
78367.347
77575.758
79175.258
78367.347
80000.0
79175.258
80842.105
80000.0
80842.105
81702.128
80842.105
120000.0
66206.897
77575.758
80000.0
80842.105
80000.0
79175.258
80000.0
79175.258
79175.258
79175.258
77575.758
77575.758
77575.758
77575.758
77575.758
77575.758
76800.0
77575.758
76039.604
77575.758
76800.0
76039.604
77575.758
77575.758
77575.758
77575.758
77575.758
247741.935
118153.846
80842.105
96000.0
256000.0
91428.571
80842.105
80000.0
80000.0
80000.0
79175.258
79175.258
79175.258
80000.0
80000.0
79175.258
80842.105
82580.645
80000.0
81702.128
81702.128
79175.258
80000.0
78367.347
78367.347
78367.347
77575.758
78367.347
78367.347
77575.758
78367.347
77575.758
76800.0
118153.846
64000.0
73846.154
77575.758
76800.0
78367.347
78367.347
78367.347
78367.347
78367.347
79175.258
78367.347
78367.347
77575.758
76800.0
76039.604
77575.758
76800.0
76039.604
76039.604
75294.118
76039.604
74563.107
76039.604
74563.107
76800.0
76039.604
75294.118
76039.604
76800.0
76800.0
78367.347
77575.758
78367.347
79175.258
77575.758
78367.347
79175.258
79175.258
81702.128
80000.0
80842.105
80000.0
78367.347
78367.347
77575.758
76039.604
76800.0
76800.0
76039.604
76800.0
76039.604
76800.0
78367.347
77575.758
76800.0
76800.0
76800.0
76800.0
74563.107
75294.118
75294.118
76039.604
76800.0
76039.604
77575.758
77575.758
77575.758
78367.347
80000.0
79175.258
80842.105
80842.105
80842.105
81702.128
81702.128
81702.128
80842.105
85333.333
78367.347
82580.645
83478.261
85333.333
83478.261
84395.604
84395.604
84395.604
83478.261
85333.333
81702.128
83478.261
82580.645
80842.105
80000.0
79175.258
78367.347
78367.347
77575.758
77575.758
78367.347
77575.758
79175.258
77575.758
77575.758
78367.347
77575.758
78367.347
76800.0
112941.176
264827.586
78367.347
274285.714
111304.348
80000.0
79175.258
80000.0
80000.0
80000.0
80842.105
80842.105
80842.105
80000.0
219428.571
125901.639
78367.347
80000.0
79175.258
78367.347
78367.347
78367.347
78367.347
76800.0
80000.0
78367.347
78367.347
79175.258
78367.347
76800.0
77575.758
76800.0
76800.0
76039.604
76800.0
76039.604
75294.118
76800.0
76039.604
75294.118
76800.0
75294.118
76039.604
76800.0
76039.604
76039.604
76039.604
76800.0
75294.118
76039.604
74563.107
76039.604
76800.0
74563.107
76039.604
76039.604
75294.118
76039.604
76039.604
75294.118
150588.235
153600.0
75294.118
76039.604
76800.0
75294.118
86292.135
698181.818
77575.758
78367.347
77575.758
77575.758
77575.758
76800.0
76800.0
76039.604
76800.0
75294.118
75294.118
75294.118
92530.12
62950.82
75294.118
76800.0
75294.118
77575.758
76039.604
76800.0
75294.118
75294.118
75294.118
74563.107
74563.107
73846.154
74563.107
74563.107
75294.118
76039.604
75294.118
76039.604
76800.0
75294.118
76039.604
76800.0
76800.0
76800.0
77575.758
76039.604
75294.118
76039.604
73846.154
76039.604
74563.107
74563.107
75294.118
75294.118
74563.107
75294.118
73846.154
75294.118
73846.154
73142.857
74563.107
75294.118
74563.107
79175.258
73142.857
76039.604
76800.0
75294.118
75294.118
75294.118
74563.107
76039.604
74563.107
73846.154
73846.154
106666.667
61440.0
71775.701
73846.154
73846.154
74563.107
73846.154
73142.857
75294.118
73142.857
73142.857
74563.107
74563.107
74563.107
75294.118
75294.118
73846.154
74563.107
73846.154
73846.154
73846.154
73846.154
73846.154
75294.118
74563.107
73846.154
74563.107
73142.857
73142.857
73846.154
73846.154
73846.154
73846.154
74563.107
74563.107
73846.154
74563.107
75294.118
74563.107
75294.118
73846.154
76039.604
76039.604
74563.107
77575.758
76800.0
76039.604
77575.758
77575.758
77575.758
76800.0
76800.0
77575.758
76800.0
76039.604
74563.107
76800.0
76039.604
76039.604
76800.0
76039.604
76039.604
76800.0
76039.604
75294.118
75294.118
73846.154
73846.154
74563.107
73846.154
92530.12
62950.82
75294.118
77575.758
78367.347
78367.347
80000.0
80000.0
78367.347
76800.0
76800.0
76039.604
76039.604
75294.118
74563.107
74563.107
74563.107
76039.604
76039.604
76039.604
76800.0
75294.118
76039.604
97215.19
64000.0
73142.857
74563.107
76039.604
75294.118
75294.118
75294.118
75294.118
76039.604
76039.604
74563.107
75294.118
74563.107
73846.154
74563.107
92530.12
62950.82
72452.83
73142.857
74563.107
74563.107
75294.118
74563.107
102400.0
64537.815
73846.154
77575.758
78367.347
77575.758
78367.347
78367.347
78367.347
102400.0
66206.897
76800.0
77575.758
78367.347
76800.0
77575.758
75294.118
74563.107
74563.107
75294.118
74563.107
74563.107
75294.118
75294.118
76800.0
76800.0
76800.0
76800.0
76800.0
77575.758
78367.347
77575.758
79175.258
120000.0
59076.923
80000.0
79175.258
80842.105
79175.258
79175.258
79175.258
79175.258
96000.0
66206.897
73142.857
76800.0
75294.118
75294.118
76039.604
76039.604
76800.0
103783.784
63471.074
73846.154
75294.118
78367.347
78367.347
78367.347
77575.758
77575.758
98461.538
65641.026
75294.118
76039.604
118153.846
264827.586
75294.118
78367.347
78367.347
78367.347
79175.258
78367.347
76800.0
79175.258
79175.258
77575.758
76800.0
76800.0
80842.105
232727.273
103783.784
76800.0
76800.0
76800.0
