83478.261
81702.128
96000.0
74563.107
82580.645
80842.105
105205.479
73142.857
82580.645
80842.105
108169.014
73846.154
82580.645
81702.128
84395.604
84395.604
247741.935
120000.0
92530.12
77575.758
106666.667
73142.857
82580.645
333913.043
178604.651
73846.154
83478.261
83478.261
85333.333
84395.604
103783.784
76039.604
83478.261
82580.645
84395.604
84395.604
101052.632
75294.118
85333.333
84395.604
84395.604
84395.604
84395.604
82580.645
112941.176
73846.154
84395.604
142222.222
56888.889
84395.604
144905.66
57744.361
84395.604
84395.604
103783.784
74563.107
137142.857
64537.815
84395.604
80000.0
82580.645
82580.645
83478.261
82580.645
86292.135
79175.258
82580.645
81702.128
118153.846
166956.522
79175.258
68571.429
139636.364
59076.923
114626.866
72452.83
83478.261
147692.308
70458.716
72452.83
144905.66
57744.361
85333.333
112941.176
73142.857
84395.604
84395.604
116363.636
182857.143
768000.0
57313.433
86292.135
85333.333
118153.846
160000.0
82580.645
71111.111
88275.862
85333.333
111304.348
76800.0
90352.941
114626.866
156734.694
160000.0
132413.793
63471.074
109714.286
76800.0
85333.333
86292.135
106666.667
156734.694
76800.0
68571.429
83478.261
114626.866
67964.602
80000.0
111304.348
69189.189
77575.758
76039.604
91428.571
69818.182
116363.636
64537.815
79175.258
76800.0
108169.014
67368.421
76800.0
78367.347
97215.19
67964.602
120000.0
66206.897
76039.604
74563.107
134736.842
54084.507
120000.0
65641.026
76039.604
76800.0
108169.014
68571.429
76800.0
80000.0
109714.286
69818.182
79175.258
109714.286
163404.255
52965.517
105205.479
66782.609
76800.0
77575.758
81702.128
73142.857
87272.727
75294.118
74563.107
79175.258
79175.258
80000.0
80000.0
80000.0
79175.258
78367.347
75294.118
94814.815
111304.348
207567.568
67964.602
87272.727
67368.421
111304.348
247741.935
103783.784
67964.602
77575.758
118153.846
67964.602
80000.0
142222.222
69818.182
67368.421
78367.347
77575.758
98461.538
69189.189
118153.846
160000.0
123870.968
78367.347
79175.258
99740.26
72452.83
82580.645
83478.261
111304.348
160000.0
137142.857
116363.636
320000.0
85333.333
85333.333
84395.604
112941.176
160000.0
56470.588
112941.176
73846.154
156734.694
170666.667
84395.604
83478.261
85333.333
85333.333
86292.135
84395.604
147692.308
240000.0
86292.135
86292.135
87272.727
111304.348
76039.604
86292.135
85333.333
94814.815
80000.0
85333.333
85333.333
97215.19
264827.586
114626.866
256000.0
118153.846
163404.255
178604.651
96000.0
79175.258
121904.762
264827.586
213333.333
274285.714
78367.347
264827.586
116363.636
365714.286
142222.222
108169.014
80842.105
112941.176
105205.479
365714.286
90352.941
88275.862
101052.632
156734.694
163404.255
84395.604
85333.333
105205.479
150588.235
57313.433
112941.176
130169.492
156734.694
88275.862
142222.222
74563.107
73142.857
85333.333
81702.128
103783.784
79175.258
118153.846
74563.107
87272.727
85333.333
103783.784
139636.364
57313.433
114626.866
69189.189
83478.261
144905.66
69189.189
73142.857
106666.667
75294.118
82580.645
134736.842
58625.954
101052.632
73142.857
118153.846
71775.701
150588.235
182857.143
81702.128
105205.479
71775.701
118153.846
108169.014
187317.073
82580.645
79175.258
101052.632
71111.111
86292.135
116363.636
225882.353
81702.128
81702.128
225882.353
187317.073
73142.857
156734.694
174545.455
80000.0
106666.667
548571.429
83478.261
111304.348
156734.694
55652.174
116363.636
207567.568
105205.479
264827.586
128000.0
81702.128
134736.842
58625.954
114626.866
71111.111
82580.645
82580.645
182857.143
256000.0
71775.701
80842.105
137142.857
192000.0
112941.176
166956.522
121904.762
274285.714
207567.568
137142.857
150588.235
256000.0
132413.793
174545.455
166956.522
81702.128
87272.727
86292.135
295384.615
170666.667
92530.12
548571.429
116363.636
76039.604
87272.727
86292.135
97215.19
76800.0
84395.604
81702.128
91428.571
76039.604
80842.105
112941.176
70458.716
79175.258
111304.348
156734.694
77575.758
65084.746
82580.645
137142.857
166956.522
102400.0
69189.189
80842.105
78367.347
102400.0
101052.632
232727.273
274285.714
182857.143
71111.111
120000.0
72452.83
84395.604
83478.261
134736.842
66206.897
247741.935
240000.0
72452.83
85333.333
144905.66
74563.107
70458.716
139636.364
56470.588
147692.308
451764.706
70458.716
82580.645
207567.568
120000.0
274285.714
174545.455
264827.586
101052.632
178604.651
160000.0
264827.586
123870.968
103783.784
256000.0
156734.694
480000.0
121904.762
74563.107
103783.784
480000.0
86292.135
87272.727
87272.727
86292.135
114626.866
75294.118
87272.727
85333.333
98461.538
77575.758
86292.135
84395.604
108169.014
75294.118
85333.333
120000.0
74563.107
84395.604
83478.261
98461.538
75294.118
118153.846
71111.111
83478.261
82580.645
108169.014
72452.83
83478.261
83478.261
105205.479
232727.273
108169.014
81702.128
83478.261
103783.784
72452.83
121904.762
71775.701
85333.333
147692.308
72452.83
76039.604
1536000.0
142222.222
59076.923
111304.348
74563.107
84395.604
192000.0
295384.615
75294.118
84395.604
307200.0
120000.0
108169.014
74563.107
84395.604
84395.604
90352.941
79175.258
82580.645
112941.176
163404.255
69189.189
69818.182
86292.135
1280000.0
121904.762
320000.0
72452.83
106666.667
284444.444
101052.632
114626.866
142222.222
182857.143
295384.615
111304.348
320000.0
123870.968
84395.604
87272.727
86292.135
202105.263
274285.714
74563.107
120000.0
73142.857
91428.571
960000.0
83478.261
98461.538
75294.118
118153.846
73142.857
84395.604
83478.261
118153.846
109714.286
225882.353
118153.846
74563.107
85333.333
86292.135
264827.586
182857.143
156734.694
57744.361
111304.348
75294.118
86292.135
116363.636
384000.0
112941.176
166956.522
57313.433
106666.667
73846.154
109714.286
76039.604
118153.846
76039.604
88275.862
85333.333
111304.348
76039.604
88275.862
86292.135
98461.538
85333.333
960000.0
86292.135
87272.727
108169.014
76800.0
88275.862
87272.727
98461.538
82580.645
88275.862
87272.727
103783.784
187317.073
139636.364
90352.941
85333.333
112941.176
76039.604
120000.0
74563.107
85333.333
86292.135
112941.176
75294.118
87272.727
121904.762
76039.604
142222.222
62439.024
112941.176
76800.0
89302.326
118153.846
67368.421
112941.176
75294.118
86292.135
153600.0
70458.716
76039.604
121904.762
166956.522
56058.394
114626.866
73846.154
125901.639
73846.154
87272.727
150588.235
75294.118
76039.604
85333.333
144905.66
60952.381
87272.727
156734.694
59534.884
123870.968
75294.118
87272.727
87272.727
101052.632
80000.0
116363.636
170666.667
80000.0
71111.111
87272.727
86292.135
103783.784
76800.0
87272.727
87272.727
111304.348
166956.522
57744.361
121904.762
77575.758
89302.326
90352.941
106666.667
81702.128
121904.762
174545.455
58181.818
90352.941
88275.862
89302.326
90352.941
88275.862
87272.727
106666.667
78367.347
123870.968
76039.604
88275.862
87272.727
106666.667
80000.0
89302.326
118153.846
77575.758
120000.0
320000.0
87272.727
97215.19
83478.261
88275.862
88275.862
213333.333
163404.255
89302.326
86292.135
89302.326
90352.941
93658.537
83478.261
120000.0
174545.455
76800.0
73846.154
86292.135
114626.866
75294.118
137142.857
62950.82
120000.0
74563.107
89302.326
108169.014
76800.0
85333.333
120000.0
74563.107
87272.727
87272.727
116363.636
76800.0
90352.941
87272.727
109714.286
79175.258
91428.571
87272.727
109714.286
79175.258
91428.571
89302.326
98461.538
83478.261
90352.941
91428.571
109714.286
78367.347
121904.762
78367.347
90352.941
89302.326
91428.571
91428.571
91428.571
91428.571
91428.571
125901.639
170666.667
64000.0
150588.235
134736.842
121904.762
125901.639
125901.639
89302.326
120000.0
130169.492
118153.846
125901.639
134736.842
134736.842
130169.492
139636.364
144905.66
144905.66
160000.0
264827.586
247741.935
156734.694
150588.235
150588.235
60000.0
118153.846
64537.815
116363.636
81702.128
101052.632
97215.19
98461.538
97215.19
101052.632
98461.538
99740.26
109714.286
92530.12
99740.26
99740.26
114626.866
92530.12
102400.0
99740.26
99740.26
101052.632
121904.762
88275.862
101052.632
112941.176
92530.12
101052.632
98461.538
102400.0
99740.26
118153.846
88275.862
102400.0
99740.26
116363.636
92530.12
125901.639
88275.862
101052.632
98461.538
102400.0
101052.632
120000.0
89302.326
101052.632
123870.968
88275.862
99740.26
163404.255
256000.0
99740.26
99740.26
111304.348
91428.571
98461.538
98461.538
97215.19
118153.846
86292.135
97215.19
163404.255
264827.586
93658.537
96000.0
96000.0
96000.0
94814.815
116363.636
83478.261
94814.815
94814.815
93658.537
94814.815
120000.0
213333.333
132413.793
92530.12
121904.762
80842.105
92530.12
247741.935
232727.273
80000.0
91428.571
92530.12
91428.571
93658.537
102400.0
87272.727
93658.537
120000.0
82580.645
93658.537
160000.0
256000.0
101052.632
87272.727
96000.0
94814.815
94814.815
94814.815
106666.667
89302.326
118153.846
84395.604
96000.0
94814.815
98461.538
92530.12
97215.19
112941.176
85333.333
96000.0
96000.0
118153.846
82580.645
96000.0
114626.866
84395.604
94814.815
94814.815
118153.846
82580.645
121904.762
178604.651
274285.714
78367.347
121904.762
80842.105
93658.537
93658.537
105205.479
88275.862
125901.639
82580.645
94814.815
94814.815
116363.636
84395.604
96000.0
109714.286
88275.862
97215.19
94814.815
97215.19
96000.0
97215.19
99740.26
96000.0
112941.176
87272.727
97215.19
96000.0
101052.632
92530.12
97215.19
94814.815
97215.19
94814.815
121904.762
84395.604
96000.0
121904.762
83478.261
97215.19
96000.0
97215.19
96000.0
121904.762
85333.333
97215.19
120000.0
84395.604
97215.19
93658.537
96000.0
94814.815
120000.0
83478.261
96000.0
94814.815
111304.348
87272.727
98461.538
112941.176
88275.862
123870.968
404210.526
97215.19
101052.632
96000.0
98461.538
99740.26
97215.19
284444.444
264827.586
349090.909
105205.479
92530.12
96000.0
118153.846
86292.135
97215.19
96000.0
97215.19
97215.19
123870.968
87272.727
97215.19
97215.19
101052.632
94814.815
97215.19
96000.0
98461.538
96000.0
120000.0
82580.645
92530.12
120000.0
81702.128
92530.12
156734.694
65641.026
94814.815
90352.941
91428.571
89302.326
91428.571
109714.286
80000.0
90352.941
90352.941
116363.636
78367.347
91428.571
156734.694
69189.189
81702.128
111304.348
166956.522
83478.261
75294.118
90352.941
89302.326
92530.12
88275.862
89302.326
108169.014
170666.667
73846.154
73846.154
150588.235
264827.586
77575.758
92530.12
84395.604
123870.968
256000.0
102400.0
86292.135
116363.636
174545.455
84395.604
69818.182
83478.261
85333.333
86292.135
86292.135
86292.135
87272.727
87272.727
98461.538
78367.347
88275.862
86292.135
87272.727
144905.66
274285.714
108169.014
73846.154
147692.308
264827.586
77575.758
99740.26
80000.0
87272.727
86292.135
88275.862
87272.727
120000.0
74563.107
87272.727
86292.135
88275.862
86292.135
120000.0
73846.154
87272.727
85333.333
86292.135
85333.333
123870.968
72452.83
85333.333
83478.261
84395.604
86292.135
86292.135
147692.308
59534.884
87272.727
87272.727
88275.862
87272.727
90352.941
85333.333
121904.762
73142.857
85333.333
147692.308
71775.701
74563.107
86292.135
86292.135
87272.727
88275.862
86292.135
98461.538
79175.258
86292.135
84395.604
85333.333
85333.333
84395.604
118153.846
74563.107
85333.333
85333.333
108169.014
78367.347
86292.135
87272.727
88275.862
88275.862
91428.571
86292.135
89302.326
87272.727
123870.968
73846.154
86292.135
118153.846
74563.107
142222.222
61440.0
106666.667
79175.258
90352.941
88275.862
98461.538
82580.645
87272.727
116363.636
74563.107
84395.604
85333.333
84395.604
84395.604
84395.604
83478.261
121904.762
72452.83
87272.727
84395.604
120000.0
76039.604
98461.538
853333.333
333913.043
404210.526
166956.522
116363.636
77575.758
182857.143
174545.455
90352.941
182857.143
178604.651
182857.143
333913.043
404210.526
284444.444
134736.842
92530.12
111304.348
80842.105
91428.571
196923.077
170666.667
111304.348
80000.0
90352.941
91428.571
108169.014
80842.105
90352.941
89302.326
90352.941
88275.862
120000.0
73846.154
87272.727
118153.846
74563.107
85333.333
120000.0
71775.701
85333.333
120000.0
71775.701
147692.308
58625.954
103783.784
75294.118
85333.333
82580.645
84395.604
83478.261
120000.0
69189.189
81702.128
81702.128
81702.128
81702.128
94814.815
76039.604
83478.261
83478.261
83478.261
83478.261
82580.645
81702.128
80842.105
80000.0
118153.846
67964.602
77575.758
109714.286
163404.255
80842.105
64537.815
76800.0
78367.347
82580.645
78367.347
120000.0
69189.189
80000.0
118153.846
67964.602
79175.258
118153.846
66782.609
77575.758
118153.846
68571.429
80000.0
79175.258
82580.645
78367.347
121904.762
69818.182
80842.105
79175.258
80842.105
80842.105
112941.176
70458.716
202105.263
139636.364
85333.333
86292.135
213333.333
284444.444
295384.615
88275.862
196923.077
163404.255
112941.176
192000.0
134736.842
91428.571
90352.941
213333.333
264827.586
182857.143
144905.66
91428.571
91428.571
109714.286
82580.645
121904.762
77575.758
89302.326
90352.941
116363.636
76800.0
89302.326
89302.326
106666.667
78367.347
87272.727
86292.135
94814.815
81702.128
85333.333
84395.604
90352.941
81702.128
101052.632
77575.758
86292.135
87272.727
118153.846
166956.522
56888.889
88275.862
87272.727
87272.727
87272.727
86292.135
108169.014
76039.604
86292.135
84395.604
85333.333
83478.261
118153.846
72452.83
82580.645
82580.645
82580.645
81702.128
120000.0
69818.182
81702.128
112941.176
174545.455
52602.74
116363.636
67964.602
80000.0
99740.26
69189.189
79175.258
147692.308
57744.361
76800.0
114626.866
163404.255
50196.078
114626.866
64537.815
76800.0
83478.261
70458.716
142222.222
52965.517
74563.107
73846.154
144905.66
51200.0
76039.604
150588.235
50526.316
76039.604
147692.308
53333.333
75294.118
114626.866
67964.602
79175.258
80000.0
105205.479
73846.154
81702.128
82580.645
112941.176
73142.857
82580.645
82580.645
108169.014
76800.0
80000.0
84395.604
84395.604
84395.604
83478.261
83478.261
106666.667
76039.604
85333.333
86292.135
111304.348
76039.604
85333.333
85333.333
109714.286
74563.107
85333.333
84395.604
106666.667
74563.107
84395.604
83478.261
106666.667
72452.83
81702.128
114626.866
170666.667
53706.294
109714.286
64000.0
82580.645
81702.128
82580.645
81702.128
150588.235
55251.799
80842.105
80000.0
76800.0
89302.326
66782.609
74563.107
90352.941
63471.074
70458.716
106666.667
62439.024
70458.716
112941.176
61440.0
69818.182
114626.866
60952.381
69189.189
69189.189
91428.571
62950.82
71111.111
87272.727
63471.074
70458.716
80842.105
63471.074
69818.182
114626.866
160000.0
47407.407
116363.636
59534.884
71111.111
111304.348
61935.484
71111.111
142222.222
56470.588
74563.107
144905.66
52602.74
80000.0
78367.347
118153.846
91428.571
82580.645
77575.758
85333.333
83478.261
147692.308
69818.182
79175.258
82580.645
84395.604
85333.333
83478.261
83478.261
112941.176
74563.107
84395.604
84395.604
99740.26
76039.604
84395.604
82580.645
103783.784
72452.83
82580.645
80842.105
80000.0
80000.0
112941.176
66782.609
80842.105
92530.12
62439.024
80000.0
101052.632
60000.0
69818.182
116363.636
60472.441
109714.286
66206.897
60000.0
66782.609
86292.135
60000.0
67368.421
105205.479
60000.0
67368.421
66782.609
139636.364
46829.268
67964.602
96000.0
59534.884
98461.538
63471.074
60472.441
66206.897
139636.364
46829.268
69189.189
86292.135
60472.441
69189.189
112941.176
60472.441
68571.429
67964.602
139636.364
47701.863
69818.182
91428.571
62439.024
70458.716
114626.866
62439.024
71775.701
71775.701
83478.261
66206.897
73142.857
72452.83
80000.0
69818.182
116363.636
69818.182
81702.128
67368.421
76800.0
111304.348
163404.255
78367.347
63471.074
76800.0
76800.0
77575.758
80842.105
80000.0
81702.128
84395.604
111304.348
73142.857
85333.333
84395.604
112941.176
73846.154
87272.727
84395.604
114626.866
163404.255
56470.588
85333.333
85333.333
105205.479
76800.0
118153.846
77575.758
82580.645
84395.604
84395.604
83478.261
84395.604
82580.645
81702.128
81702.128
80000.0
78367.347
77575.758
112941.176
62950.82
80842.105
102400.0
60472.441
73142.857
118153.846
163404.255
264827.586
112941.176
56470.588
67964.602
66782.609
92530.12
59534.884
67964.602
114626.866
60472.441
67368.421
67368.421
137142.857
50526.316
68571.429
99740.26
60952.381
67368.421
114626.866
58181.818
67964.602
65641.026
137142.857
48301.887
64537.815
111304.348
59534.884
65084.746
64537.815
134736.842
50196.078
66206.897
94814.815
59534.884
66206.897
112941.176
60472.441
67964.602
112941.176
60952.381
69189.189
134736.842
55652.174
69189.189
137142.857
53706.294
69818.182
137142.857
48917.197
116363.636
61935.484
116363.636
70458.716
74563.107
65641.026
73142.857
72452.83
76800.0
70458.716
114626.866
69189.189
66206.897
93658.537
65084.746
81702.128
69189.189
76800.0
77575.758
79175.258
81702.128
80842.105
80842.105
83478.261
102400.0
73142.857
105205.479
74563.107
111304.348
72452.83
84395.604
84395.604
109714.286
160000.0
56888.889
87272.727
83478.261
121904.762
72452.83
86292.135
85333.333
109714.286
160000.0
56888.889
116363.636
72452.83
85333.333
82580.645
132413.793
57744.361
80000.0
76800.0
76800.0
74563.107
90352.941
61935.484
72452.83
98461.538
59534.884
67964.602
112941.176
57744.361
66206.897
66206.897
103783.784
59534.884
66782.609
98461.538
58181.818
63471.074
64000.0
85333.333
58625.954
66206.897
112941.176
59534.884
65641.026
66782.609
137142.857
49870.13
71111.111
94814.815
84395.604
89302.326
147692.308
49870.13
93658.537
71775.701
86292.135
70458.716
79175.258
78367.347
105205.479
72452.83
86292.135
73142.857
137142.857
55652.174
80000.0
147692.308
57744.361
80000.0
98461.538
71111.111
79175.258
144905.66
55251.799
88275.862
73846.154
80842.105
79175.258
80842.105
79175.258
139636.364
59534.884
79175.258
78367.347
78367.347
77575.758
93658.537
68571.429
75294.118
111304.348
61935.484
74563.107
111304.348
60000.0
70458.716
67368.421
84395.604
60472.441
68571.429
96000.0
60472.441
67964.602
112941.176
60952.381
67964.602
66782.609
86292.135
60000.0
66782.609
98461.538
60000.0
66206.897
112941.176
58625.954
65084.746
64000.0
99740.26
58625.954
64000.0
114626.866
58625.954
63471.074
64000.0
130169.492
52602.74
65641.026
116363.636
59076.923
65641.026
66206.897
134736.842
50526.316
67368.421
111304.348
60472.441
66782.609
67964.602
134736.842
53333.333
106666.667
60000.0
68571.429
111304.348
60952.381
69189.189
111304.348
61935.484
69818.182
134736.842
48917.197
114626.866
78367.347
69818.182
66206.897
114626.866
72452.83
69818.182
67368.421
128000.0
58625.954
73142.857
137142.857
48917.197
114626.866
60952.381
73142.857
71111.111
132413.793
49870.13
73846.154
73142.857
132413.793
52244.898
76039.604
73846.154
105205.479
65641.026
74563.107
74563.107
93658.537
66782.609
76800.0
109714.286
160000.0
85333.333
182857.143
73142.857
111304.348
174545.455
134736.842
78367.347
123870.968
114626.866
130169.492
98461.538
75294.118
114626.866
79175.258
80842.105
83478.261
139636.364
60472.441
87272.727
84395.604
137142.857
65641.026
85333.333
84395.604
114626.866
73846.154
83478.261
83478.261
84395.604
82580.645
139636.364
60000.0
79175.258
78367.347
77575.758
77575.758
96000.0
73846.154
76039.604
75294.118
73846.154
105205.479
156734.694
76039.604
56470.588
79175.258
96000.0
56470.588
76800.0
99740.26
56058.394
64000.0
62439.024
111304.348
57313.433
62950.82
62950.82
93658.537
57313.433
61935.484
112941.176
56888.889
60952.381
61440.0
111304.348
56470.588
60952.381
61440.0
109714.286
56470.588
60952.381
61440.0
108169.014
56058.394
60472.441
62439.024
109714.286
56058.394
61440.0
63471.074
112941.176
57744.361
69189.189
71111.111
72452.83
93658.537
82580.645
67964.602
76800.0
109714.286
67964.602
75294.118
74563.107
76039.604
73142.857
103783.784
69189.189
76800.0
68571.429
74563.107
73142.857
80000.0
69189.189
82580.645
68571.429
79175.258
137142.857
57313.433
85333.333
70458.716
78367.347
71111.111
73846.154
125901.639
51543.624
76800.0
71111.111
99740.26
58625.954
76039.604
89302.326
56888.889
73142.857
99740.26
59076.923
62950.82
62439.024
98461.538
56470.588
62439.024
114626.866
56888.889
60952.381
62439.024
111304.348
56058.394
62439.024
114626.866
57744.361
64000.0
64000.0
106666.667
57744.361
63471.074
64000.0
130169.492
48607.595
62950.82
109714.286
57313.433
61935.484
62439.024
130169.492
51200.0
64000.0
132413.793
54857.143
65084.746
132413.793
46545.455
90352.941
153600.0
73846.154
56058.394
68571.429
120000.0
64000.0
65641.026
132413.793
60000.0
62439.024
96000.0
63471.074
93658.537
65084.746
89302.326
66782.609
97215.19
67368.421
89302.326
69189.189
101052.632
71775.701
75294.118
76039.604
98461.538
73846.154
77575.758
75294.118
132413.793
67964.602
73142.857
77575.758
93658.537
83478.261
74563.107
81702.128
108169.014
71775.701
80842.105
79175.258
137142.857
57744.361
76039.604
73846.154
77575.758
76039.604
83478.261
71111.111
76800.0
75294.118
76039.604
76039.604
75294.118
75294.118
73846.154
76039.604
74563.107
75294.118
74563.107
74563.107
74563.107
74563.107
75294.118
79175.258
71775.701
114626.866
64000.0
74563.107
137142.857
54468.085
73846.154
132413.793
54084.507
69818.182
134736.842
53706.294
69818.182
134736.842
54084.507
68571.429
128000.0
54468.085
67368.421
132413.793
53333.333
66206.897
132413.793
49548.387
60472.441
65084.746
89302.326
58625.954
64537.815
109714.286
59076.923
64537.815
65084.746
132413.793
49548.387
65641.026
108169.014
59534.884
65641.026
114626.866
59076.923
67368.421
109714.286
60000.0
66782.609
66782.609
97215.19
59076.923
66782.609
132413.793
54468.085
67368.421
130169.492
47701.863
112941.176
62439.024
85333.333
60952.381
102400.0
60952.381
68571.429
108169.014
60472.441
69189.189
68571.429
130169.492
51891.892
67964.602
109714.286
60952.381
68571.429
132413.793
55251.799
68571.429
132413.793
48000.0
112941.176
59534.884
102400.0
60472.441
91428.571
67368.421
65084.746
99740.26
67368.421
75294.118
64537.815
99740.26
61440.0
70458.716
81702.128
116363.636
50196.078
70458.716
68571.429
134736.842
49870.13
114626.866
67964.602
65641.026
80842.105
65084.746
105205.479
62439.024
71111.111
70458.716
94814.815
63471.074
71775.701
71111.111
77575.758
66782.609
114626.866
61935.484
72452.83
71111.111
97215.19
64537.815
73142.857
73846.154
96000.0
68571.429
79175.258
80000.0
80000.0
82580.645
109714.286
72452.83
130169.492
60472.441
109714.286
213333.333
109714.286
166956.522
170666.667
174545.455
160000.0
125901.639
67964.602
85333.333
132413.793
256000.0
99740.26
77575.758
89302.326
86292.135
134736.842
67368.421
86292.135
87272.727
114626.866
76800.0
86292.135
86292.135
98461.538
76039.604
114626.866
75294.118
80000.0
77575.758
98461.538
75294.118
78367.347
101052.632
75294.118
77575.758
98461.538
75294.118
76800.0
86292.135
73142.857
75294.118
73846.154
73846.154
78367.347
58625.954
76039.604
101052.632
58181.818
76039.604
98461.538
57313.433
73846.154
101052.632
156734.694
74563.107
56470.588
60952.381
62439.024
111304.348
56058.394
64000.0
62439.024
88275.862
56470.588
61440.0
61935.484
85333.333
56058.394
61440.0
112941.176
56888.889
60952.381
61440.0
130169.492
52602.74
61935.484
62439.024
128000.0
51543.624
62950.82
128000.0
45988.024
62439.024
71775.701
60000.0
65084.746
130169.492
51200.0
65084.746
130169.492
47407.407
114626.866
62439.024
83478.261
60000.0
67368.421
128000.0
47407.407
90352.941
60472.441
103783.784
60000.0
67964.602
128000.0
57313.433
71775.701
128000.0
51543.624
75294.118
75294.118
116363.636
67964.602
78367.347
130169.492
56888.889
111304.348
71111.111
82580.645
83478.261
130169.492
59534.884
112941.176
72452.83
81702.128
80000.0
102400.0
69818.182
99740.26
72452.83
74563.107
83478.261
71775.701
75294.118
75294.118
99740.26
71111.111
74563.107
73846.154
73142.857
73142.857
94814.815
71111.111
72452.83
90352.941
59076.923
76800.0
99740.26
61440.0
73846.154
132413.793
55652.174
71775.701
71111.111
125901.639
56470.588
71775.701
71111.111
71775.701
67964.602
96000.0
61935.484
68571.429
108169.014
58181.818
67964.602
109714.286
60472.441
67964.602
67964.602
111304.348
207567.568
70458.716
71775.701
137142.857
50196.078
73142.857
137142.857
56888.889
73142.857
88275.862
66206.897
128000.0
52602.74
102400.0
66206.897
89302.326
71111.111
80842.105
76039.604
123870.968
76800.0
81702.128
72452.83
123870.968
67368.421
73142.857
76800.0
80000.0
80000.0
80000.0
112941.176
153600.0
55251.799
78367.347
79175.258
79175.258
78367.347
77575.758
76800.0
109714.286
163404.255
77575.758
73142.857
76039.604
99740.26
71775.701
74563.107
101052.632
156734.694
53333.333
81702.128
70458.716
73142.857
101052.632
61440.0
76800.0
106666.667
61935.484
76039.604
71775.701
78367.347
66206.897
71775.701
91428.571
64537.815
82580.645
68571.429
71111.111
134736.842
156734.694
105205.479
69818.182
123870.968
58181.818
101052.632
84395.604
480000.0
81702.128
73142.857
130169.492
57744.361
76039.604
94814.815
73846.154
76800.0
103783.784
73846.154
77575.758
78367.347
102400.0
74563.107
77575.758
77575.758
92530.12
74563.107
114626.866
73846.154
77575.758
76800.0
79175.258
121904.762
58625.954
101052.632
72452.83
76039.604
105205.479
139636.364
213333.333
128000.0
73846.154
77575.758
101052.632
73142.857
76039.604
93658.537
153600.0
70458.716
71111.111
74563.107
105205.479
63471.074
76039.604
108169.014
139636.364
50196.078
114626.866
62950.82
73846.154
93658.537
64000.0
134736.842
73142.857
62439.024
73846.154
109714.286
163404.255
49870.13
74563.107
67964.602
106666.667
62439.024
71111.111
116363.636
56470.588
71111.111
132413.793
57313.433
71775.701
114626.866
61440.0
111304.348
60000.0
71775.701
79175.258
66206.897
72452.83
94814.815
64000.0
73846.154
73846.154
75294.118
94814.815
67368.421
128000.0
54084.507
116363.636
77575.758
70458.716
134736.842
60472.441
79175.258
70458.716
132413.793
54084.507
93658.537
74563.107
74563.107
77575.758
78367.347
76800.0
78367.347
77575.758
76800.0
75294.118
76039.604
75294.118
76039.604
74563.107
75294.118
73846.154
73142.857
73142.857
72452.83
71775.701
72452.83
70458.716
71111.111
70458.716
81702.128
142222.222
54468.085
61935.484
71775.701
134736.842
52602.74
69189.189
106666.667
63471.074
72452.83
74563.107
94814.815
66206.897
75294.118
74563.107
80000.0
121904.762
54084.507
109714.286
82580.645
69818.182
94814.815
70458.716
76800.0
76800.0
