96000.0
88275.862
93658.537
93658.537
89302.326
91428.571
94814.815
87272.727
92530.12
96000.0
87272.727
92530.12
93658.537
86292.135
90352.941
90352.941
89302.326
88275.862
94814.815
86292.135
84395.604
89302.326
85333.333
86292.135
81702.128
86292.135
90352.941
83478.261
89302.326
89302.326
142222.222
70458.716
69818.182
87272.727
88275.862
91428.571
82580.645
91428.571
94814.815
80000.0
81702.128
90352.941
85333.333
85333.333
86292.135
83478.261
84395.604
84395.604
85333.333
88275.862
84395.604
84395.604
88275.862
101052.632
80000.0
82580.645
83478.261
88275.862
85333.333
86292.135
86292.135
86292.135
86292.135
86292.135
87272.727
86292.135
86292.135
87272.727
90352.941
83478.261
86292.135
80842.105
91428.571
87272.727
81702.128
92530.12
87272.727
93658.537
83478.261
103783.784
80000.0
92530.12
76800.0
89302.326
87272.727
81702.128
85333.333
144905.66
63471.074
87272.727
88275.862
98461.538
76039.604
88275.862
87272.727
84395.604
89302.326
86292.135
83478.261
89302.326
84395.604
83478.261
88275.862
84395.604
84395.604
93658.537
96000.0
79175.258
84395.604
82580.645
86292.135
88275.862
92530.12
87272.727
88275.862
88275.862
102400.0
76800.0
105205.479
71111.111
87272.727
93658.537
80842.105
87272.727
85333.333
86292.135
87272.727
106666.667
69189.189
85333.333
82580.645
97215.19
76039.604
96000.0
75294.118
89302.326
81702.128
82580.645
120000.0
68571.429
82580.645
90352.941
85333.333
81702.128
92530.12
85333.333
85333.333
87272.727
96000.0
77575.758
88275.862
84395.604
85333.333
109714.286
71775.701
85333.333
87272.727
93658.537
86292.135
86292.135
82580.645
91428.571
87272.727
81702.128
92530.12
87272.727
85333.333
86292.135
97215.19
80000.0
81702.128
87272.727
87272.727
85333.333
87272.727
86292.135
86292.135
87272.727
88275.862
88275.862
86292.135
88275.862
86292.135
87272.727
87272.727
85333.333
86292.135
87272.727
91428.571
80842.105
87272.727
86292.135
86292.135
87272.727
85333.333
90352.941
86292.135
90352.941
80842.105
84395.604
80842.105
91428.571
80842.105
89302.326
86292.135
79175.258
92530.12
80842.105
91428.571
86292.135
128000.0
69818.182
80842.105
82580.645
88275.862
94814.815
82580.645
92530.12
86292.135
81702.128
90352.941
89302.326
80000.0
87272.727
79175.258
89302.326
86292.135
80842.105
90352.941
86292.135
80842.105
91428.571
82580.645
90352.941
90352.941
80842.105
84395.604
91428.571
81702.128
86292.135
87272.727
92530.12
81702.128
86292.135
88275.862
99740.26
142222.222
62439.024
69189.189
92530.12
86292.135
83478.261
91428.571
88275.862
83478.261
92530.12
96000.0
80000.0
80000.0
87272.727
80842.105
80842.105
89302.326
81702.128
80000.0
88275.862
80000.0
84395.604
88275.862
82580.645
84395.604
92530.12
76800.0
87272.727
85333.333
90352.941
84395.604
80842.105
91428.571
84395.604
80842.105
90352.941
88275.862
76800.0
87272.727
86292.135
80000.0
83478.261
89302.326
79175.258
83478.261
90352.941
83478.261
86292.135
82580.645
84395.604
79175.258
89302.326
84395.604
83478.261
93658.537
75294.118
81702.128
88275.862
80000.0
84395.604
89302.326
84395.604
80000.0
90352.941
80842.105
91428.571
85333.333
89302.326
82580.645
83478.261
87272.727
83478.261
84395.604
80842.105
91428.571
86292.135
91428.571
86292.135
86292.135
83478.261
90352.941
87272.727
88275.862
89302.326
114626.866
73142.857
85333.333
86292.135
84395.604
87272.727
88275.862
89302.326
88275.862
87272.727
88275.862
102400.0
73142.857
86292.135
85333.333
85333.333
87272.727
84395.604
86292.135
89302.326
82580.645
94814.815
132413.793
68571.429
77575.758
86292.135
84395.604
92530.12
108169.014
70458.716
87272.727
87272.727
85333.333
128000.0
67368.421
83478.261
91428.571
91428.571
77575.758
90352.941
84395.604
78367.347
90352.941
82580.645
79175.258
88275.862
82580.645
79175.258
87272.727
81702.128
82580.645
93658.537
91428.571
75294.118
91428.571
82580.645
80842.105
90352.941
82580.645
93658.537
82580.645
84395.604
85333.333
94814.815
75294.118
85333.333
88275.862
80000.0
91428.571
85333.333
99740.26
82580.645
85333.333
76800.0
82580.645
90352.941
82580.645
91428.571
86292.135
81702.128
91428.571
102400.0
73846.154
92530.12
77575.758
89302.326
85333.333
80842.105
91428.571
85333.333
80000.0
90352.941
86292.135
80000.0
98461.538
80842.105
80842.105
90352.941
89302.326
80000.0
91428.571
81702.128
91428.571
87272.727
82580.645
90352.941
85333.333
87272.727
89302.326
88275.862
86292.135
89302.326
87272.727
87272.727
88275.862
87272.727
87272.727
87272.727
86292.135
128000.0
65641.026
92530.12
99740.26
88275.862
76039.604
85333.333
82580.645
92530.12
98461.538
75294.118
89302.326
83478.261
86292.135
88275.862
85333.333
85333.333
85333.333
85333.333
84395.604
84395.604
84395.604
99740.26
79175.258
80000.0
90352.941
81702.128
91428.571
87272.727
81702.128
92530.12
94814.815
80842.105
82580.645
86292.135
86292.135
90352.941
81702.128
86292.135
85333.333
85333.333
86292.135
98461.538
81702.128
83478.261
84395.604
81702.128
88275.862
81702.128
90352.941
82580.645
89302.326
84395.604
87272.727
84395.604
85333.333
82580.645
90352.941
105205.479
80000.0
78367.347
82580.645
87272.727
86292.135
87272.727
93658.537
82580.645
86292.135
88275.862
85333.333
142222.222
70458.716
76800.0
91428.571
86292.135
88275.862
78367.347
91428.571
86292.135
81702.128
92530.12
81702.128
94814.815
85333.333
88275.862
81702.128
88275.862
88275.862
90352.941
89302.326
84395.604
98461.538
81702.128
83478.261
96000.0
83478.261
82580.645
92530.12
89302.326
84395.604
88275.862
87272.727
86292.135
88275.862
85333.333
85333.333
84395.604
94814.815
82580.645
101052.632
67964.602
80842.105
130169.492
70458.716
132413.793
65641.026
88275.862
93658.537
89302.326
80842.105
91428.571
91428.571
84395.604
88275.862
89302.326
109714.286
75294.118
90352.941
83478.261
116363.636
67368.421
88275.862
89302.326
85333.333
96000.0
83478.261
82580.645
85333.333
93658.537
85333.333
89302.326
85333.333
86292.135
86292.135
81702.128
84395.604
86292.135
86292.135
84395.604
87272.727
87272.727
85333.333
108169.014
84395.604
84395.604
79175.258
128000.0
66782.609
85333.333
89302.326
89302.326
85333.333
89302.326
96000.0
77575.758
93658.537
83478.261
87272.727
85333.333
86292.135
85333.333
87272.727
86292.135
82580.645
92530.12
156734.694
71775.701
67368.421
92530.12
142222.222
60472.441
88275.862
89302.326
102400.0
81702.128
86292.135
84395.604
80000.0
89302.326
83478.261
86292.135
75294.118
88275.862
83478.261
80000.0
88275.862
86292.135
82580.645
88275.862
87272.727
88275.862
87272.727
91428.571
88275.862
90352.941
87272.727
87272.727
87272.727
89302.326
81702.128
92530.12
87272.727
82580.645
90352.941
85333.333
87272.727
88275.862
90352.941
90352.941
92530.12
84395.604
93658.537
92530.12
86292.135
94814.815
90352.941
87272.727
92530.12
96000.0
89302.326
89302.326
94814.815
96000.0
88275.862
91428.571
92530.12
92530.12
92530.12
91428.571
91428.571
90352.941
92530.12
83478.261
87272.727
87272.727
86292.135
87272.727
89302.326
83478.261
87272.727
91428.571
85333.333
96000.0
81702.128
86292.135
88275.862
92530.12
84395.604
88275.862
112941.176
80842.105
83478.261
84395.604
82580.645
93658.537
87272.727
132413.793
66206.897
88275.862
85333.333
98461.538
80842.105
89302.326
88275.862
89302.326
91428.571
83478.261
91428.571
85333.333
90352.941
82580.645
86292.135
80842.105
91428.571
87272.727
85333.333
87272.727
86292.135
87272.727
83478.261
93658.537
86292.135
82580.645
89302.326
90352.941
92530.12
77575.758
92530.12
102400.0
80000.0
79175.258
91428.571
75294.118
91428.571
87272.727
82580.645
84395.604
80842.105
87272.727
85333.333
79175.258
89302.326
86292.135
85333.333
93658.537
80000.0
96000.0
79175.258
86292.135
82580.645
96000.0
85333.333
86292.135
85333.333
90352.941
83478.261
90352.941
89302.326
86292.135
89302.326
86292.135
82580.645
91428.571
86292.135
92530.12
86292.135
85333.333
81702.128
94814.815
81702.128
82580.645
89302.326
85333.333
89302.326
86292.135
84395.604
90352.941
86292.135
81702.128
92530.12
87272.727
83478.261
88275.862
88275.862
88275.862
87272.727
89302.326
86292.135
88275.862
87272.727
86292.135
98461.538
81702.128
87272.727
83478.261
88275.862
93658.537
83478.261
88275.862
93658.537
101052.632
81702.128
86292.135
85333.333
86292.135
89302.326
88275.862
88275.862
87272.727
93658.537
84395.604
88275.862
91428.571
86292.135
89302.326
89302.326
87272.727
96000.0
89302.326
78367.347
90352.941
87272.727
82580.645
87272.727
116363.636
80000.0
77575.758
90352.941
90352.941
94814.815
89302.326
92530.12
105205.479
87272.727
94814.815
92530.12
97215.19
96000.0
99740.26
91428.571
94814.815
96000.0
96000.0
93658.537
105205.479
86292.135
99740.26
93658.537
91428.571
93658.537
101052.632
101052.632
86292.135
130169.492
78367.347
89302.326
96000.0
96000.0
114626.866
86292.135
118153.846
74563.107
94814.815
87272.727
93658.537
92530.12
91428.571
90352.941
92530.12
82580.645
89302.326
86292.135
81702.128
91428.571
108169.014
121904.762
66782.609
76039.604
87272.727
85333.333
90352.941
94814.815
89302.326
88275.862
87272.727
91428.571
86292.135
87272.727
89302.326
87272.727
128000.0
71111.111
85333.333
84395.604
90352.941
90352.941
90352.941
89302.326
89302.326
88275.862
89302.326
87272.727
89302.326
96000.0
84395.604
85333.333
83478.261
92530.12
86292.135
85333.333
86292.135
89302.326
86292.135
84395.604
89302.326
92530.12
88275.862
88275.862
86292.135
90352.941
89302.326
89302.326
89302.326
88275.862
88275.862
94814.815
86292.135
88275.862
89302.326
90352.941
87272.727
90352.941
89302.326
89302.326
96000.0
89302.326
84395.604
90352.941
97215.19
87272.727
90352.941
92530.12
92530.12
97215.19
82580.645
88275.862
89302.326
89302.326
91428.571
87272.727
92530.12
90352.941
137142.857
70458.716
92530.12
84395.604
92530.12
89302.326
92530.12
92530.12
94814.815
142222.222
76039.604
97215.19
86292.135
94814.815
94814.815
94814.815
96000.0
93658.537
123870.968
80000.0
92530.12
90352.941
87272.727
91428.571
92530.12
118153.846
73142.857
118153.846
76800.0
91428.571
83478.261
89302.326
93658.537
92530.12
91428.571
97215.19
98461.538
81702.128
93658.537
92530.12
85333.333
89302.326
91428.571
94814.815
89302.326
130169.492
65084.746
121904.762
72452.83
94814.815
80000.0
89302.326
96000.0
86292.135
83478.261
86292.135
94814.815
86292.135
144905.66
66206.897
72452.83
111304.348
121904.762
59534.884
82580.645
78367.347
89302.326
94814.815
132413.793
65641.026
102400.0
71775.701
142222.222
64000.0
80000.0
86292.135
116363.636
76039.604
120000.0
85333.333
73142.857
84395.604
94814.815
76039.604
85333.333
90352.941
86292.135
85333.333
81702.128
120000.0
70458.716
112941.176
72452.83
90352.941
82580.645
102400.0
79175.258
90352.941
86292.135
86292.135
87272.727
86292.135
80842.105
91428.571
94814.815
79175.258
86292.135
80000.0
89302.326
88275.862
84395.604
85333.333
86292.135
86292.135
86292.135
137142.857
69818.182
73142.857
80000.0
88275.862
94814.815
125901.639
65641.026
98461.538
99740.26
80000.0
75294.118
88275.862
83478.261
89302.326
93658.537
89302.326
83478.261
89302.326
112941.176
76039.604
108169.014
76800.0
91428.571
96000.0
80000.0
125901.639
70458.716
86292.135
101052.632
123870.968
72452.83
97215.19
92530.12
99740.26
89302.326
139636.364
101052.632
72452.83
91428.571
88275.862
94814.815
102400.0
85333.333
153600.0
70458.716
106666.667
76039.604
91428.571
92530.12
94814.815
89302.326
91428.571
150588.235
70458.716
116363.636
79175.258
88275.862
93658.537
108169.014
81702.128
56888.889
69818.182
105205.479
83478.261
87272.727
98461.538
89302.326
142222.222
68571.429
120000.0
71111.111
102400.0
82580.645
85333.333
97215.19
90352.941
86292.135
96000.0
150588.235
64000.0
137142.857
65084.746
139636.364
64537.815
134736.842
67368.421
130169.492
67964.602
92530.12
91428.571
89302.326
90352.941
98461.538
132413.793
67964.602
106666.667
77575.758
90352.941
84395.604
94814.815
89302.326
89302.326
89302.326
90352.941
142222.222
65641.026
82580.645
85333.333
88275.862
91428.571
150588.235
64537.815
137142.857
69189.189
123870.968
67964.602
114626.866
69818.182
98461.538
89302.326
90352.941
92530.12
90352.941
90352.941
88275.862
150588.235
65641.026
85333.333
84395.604
86292.135
87272.727
89302.326
88275.862
144905.66
67368.421
84395.604
86292.135
89302.326
86292.135
156734.694
71775.701
137142.857
68571.429
109714.286
78367.347
92530.12
92530.12
88275.862
91428.571
94814.815
90352.941
87272.727
142222.222
64000.0
79175.258
81702.128
83478.261
87272.727
92530.12
91428.571
144905.66
69818.182
137142.857
69189.189
137142.857
69818.182
116363.636
74563.107
91428.571
98461.538
89302.326
92530.12
93658.537
134736.842
75294.118
88275.862
92530.12
96000.0
88275.862
91428.571
96000.0
86292.135
156734.694
67964.602
83478.261
109714.286
130169.492
60952.381
137142.857
71111.111
142222.222
66782.609
142222.222
139636.364
137142.857
128000.0
68571.429
99740.26
87272.727
91428.571
91428.571
90352.941
90352.941
88275.862
150588.235
60952.381
82580.645
80842.105
90352.941
88275.862
90352.941
90352.941
90352.941
87272.727
150588.235
69189.189
134736.842
70458.716
134736.842
66206.897
125901.639
73142.857
97215.19
86292.135
98461.538
93658.537
102400.0
83478.261
89302.326
88275.862
87272.727
125901.639
66206.897
90352.941
89302.326
91428.571
90352.941
144905.66
70458.716
134736.842
69818.182
108169.014
82580.645
91428.571
90352.941
96000.0
98461.538
97215.19
142222.222
72452.83
103783.784
91428.571
94814.815
93658.537
102400.0
85333.333
93658.537
160000.0
69189.189
128000.0
142222.222
69189.189
70458.716
89302.326
96000.0
96000.0
92530.12
92530.12
90352.941
91428.571
147692.308
73846.154
76800.0
82580.645
91428.571
91428.571
156734.694
68571.429
130169.492
73142.857
142222.222
69818.182
144905.66
150588.235
60000.0
78367.347
94814.815
118153.846
76039.604
94814.815
94814.815
153600.0
71775.701
125901.639
74563.107
93658.537
96000.0
90352.941
96000.0
96000.0
153600.0
67964.602
105205.479
73846.154
112941.176
73142.857
142222.222
75294.118
144905.66
69818.182
134736.842
73142.857
144905.66
69189.189
139636.364
69189.189
121904.762
76039.604
109714.286
82580.645
92530.12
93658.537
91428.571
91428.571
89302.326
88275.862
90352.941
86292.135
91428.571
91428.571
92530.12
153600.0
73846.154
128000.0
67368.421
130169.492
71111.111
118153.846
78367.347
92530.12
96000.0
94814.815
93658.537
92530.12
92530.12
92530.12
147692.308
69189.189
85333.333
101052.632
78367.347
89302.326
91428.571
116363.636
73846.154
87272.727
96000.0
86292.135
160000.0
72452.83
80842.105
88275.862
111304.348
77575.758
142222.222
63471.074
85333.333
85333.333
86292.135
89302.326
89302.326
90352.941
121904.762
69189.189
144905.66
68571.429
87272.727
85333.333
90352.941
89302.326
86292.135
92530.12
91428.571
87272.727
142222.222
66782.609
80842.105
90352.941
71775.701
89302.326
103783.784
78367.347
79175.258
97215.19
80842.105
88275.862
98461.538
116363.636
156734.694
90352.941
91428.571
52965.517
106666.667
80842.105
88275.862
77575.758
90352.941
98461.538
91428.571
86292.135
94814.815
87272.727
87272.727
84395.604
88275.862
81702.128
86292.135
91428.571
86292.135
80842.105
90352.941
86292.135
82580.645
92530.12
87272.727
87272.727
83478.261
93658.537
88275.862
163404.255
144905.66
106666.667
55251.799
80842.105
105205.479
71775.701
85333.333
83478.261
82580.645
92530.12
88275.862
84395.604
93658.537
86292.135
81702.128
92530.12
86292.135
84395.604
87272.727
88275.862
137142.857
71111.111
78367.347
83478.261
94814.815
88275.862
85333.333
101052.632
137142.857
64000.0
142222.222
70458.716
76800.0
150588.235
98461.538
73846.154
101052.632
62439.024
81702.128
82580.645
109714.286
105205.479
86292.135
66782.609
66206.897
102400.0
116363.636
58625.954
83478.261
111304.348
81702.128
98461.538
132413.793
63471.074
139636.364
134736.842
67368.421
91428.571
84395.604
89302.326
102400.0
73142.857
91428.571
89302.326
82580.645
90352.941
92530.12
144905.66
68571.429
123870.968
76039.604
105205.479
56058.394
80842.105
76800.0
81702.128
86292.135
87272.727
83478.261
103783.784
80000.0
137142.857
65641.026
80842.105
91428.571
78367.347
86292.135
87272.727
88275.862
88275.862
87272.727
88275.862
87272.727
150588.235
65641.026
80842.105
80842.105
92530.12
90352.941
90352.941
90352.941
156734.694
64000.0
85333.333
87272.727
139636.364
62439.024
139636.364
67368.421
84395.604
82580.645
134736.842
69818.182
144905.66
66782.609
84395.604
91428.571
134736.842
61935.484
134736.842
67368.421
85333.333
82580.645
92530.12
89302.326
91428.571
85333.333
82580.645
81702.128
85333.333
91428.571
86292.135
87272.727
87272.727
84395.604
93658.537
90352.941
147692.308
70458.716
112941.176
69818.182
121904.762
69189.189
94814.815
88275.862
90352.941
125901.639
73846.154
88275.862
92530.12
92530.12
92530.12
142222.222
66206.897
132413.793
66206.897
132413.793
64000.0
86292.135
86292.135
83478.261
93658.537
139636.364
62439.024
80000.0
80000.0
79175.258
84395.604
83478.261
83478.261
92530.12
85333.333
88275.862
85333.333
88275.862
87272.727
85333.333
92530.12
144905.66
70458.716
78367.347
87272.727
153600.0
112941.176
82580.645
85333.333
73142.857
85333.333
96000.0
93658.537
92530.12
91428.571
90352.941
89302.326
86292.135
156734.694
160000.0
98461.538
49548.387
121904.762
63471.074
92530.12
55251.799
81702.128
76800.0
83478.261
91428.571
89302.326
87272.727
82580.645
89302.326
92530.12
87272.727
87272.727
80842.105
90352.941
86292.135
156734.694
65641.026
76039.604
80000.0
128000.0
61440.0
89302.326
87272.727
99740.26
79175.258
153600.0
65084.746
81702.128
85333.333
85333.333
96000.0
137142.857
59076.923
86292.135
82580.645
91428.571
87272.727
82580.645
89302.326
86292.135
86292.135
81702.128
85333.333
90352.941
84395.604
82580.645
90352.941
87272.727
86292.135
87272.727
88275.862
150588.235
67964.602
130169.492
73846.154
112941.176
67964.602
137142.857
71775.701
101052.632
66206.897
88275.862
93658.537
86292.135
94814.815
150588.235
58181.818
81702.128
81702.128
81702.128
98461.538
78367.347
80000.0
89302.326
86292.135
78367.347
112941.176
147692.308
69189.189
121904.762
60000.0
81702.128
79175.258
76800.0
87272.727
82580.645
84395.604
85333.333
90352.941
87272.727
83478.261
93658.537
86292.135
139636.364
102400.0
76800.0
67368.421
93658.537
116363.636
73142.857
80842.105
91428.571
87272.727
90352.941
105205.479
83478.261
137142.857
70458.716
85333.333
84395.604
150588.235
69818.182
142222.222
67964.602
142222.222
67964.602
137142.857
69189.189
134736.842
98461.538
69818.182
84395.604
94814.815
81702.128
94814.815
87272.727
89302.326
86292.135
86292.135
88275.862
88275.862
86292.135
83478.261
93658.537
87272.727
89302.326
101052.632
80000.0
88275.862
147692.308
72452.83
142222.222
72452.83
130169.492
69189.189
112941.176
77575.758
90352.941
97215.19
96000.0
89302.326
94814.815
93658.537
92530.12
150588.235
68571.429
137142.857
71775.701
80000.0
84395.604
111304.348
78367.347
89302.326
90352.941
147692.308
67368.421
134736.842
63471.074
86292.135
86292.135
88275.862
88275.862
91428.571
89302.326
89302.326
87272.727
88275.862
86292.135
87272.727
83478.261
91428.571
139636.364
71775.701
80000.0
105205.479
77575.758
142222.222
62950.82
85333.333
86292.135
128000.0
69818.182
134736.842
132413.793
61440.0
67964.602
94814.815
80842.105
87272.727
84395.604
93658.537
111304.348
79175.258
77575.758
84395.604
83478.261
91428.571
88275.862
88275.862
87272.727
87272.727
87272.727
88275.862
84395.604
94814.815
142222.222
68571.429
86292.135
111304.348
71775.701
88275.862
91428.571
89302.326
147692.308
85333.333
97215.19
96000.0
85333.333
71775.701
103783.784
76800.0
65084.746
83478.261
85333.333
86292.135
87272.727
89302.326
88275.862
116363.636
120000.0
65084.746
144905.66
160000.0
130169.492
147692.308
66782.609
88275.862
80000.0
130169.492
66206.897
89302.326
108169.014
76039.604
89302.326
91428.571
89302.326
90352.941
91428.571
89302.326
144905.66
66206.897
87272.727
86292.135
86292.135
96000.0
153600.0
65084.746
144905.66
99740.26
128000.0
67368.421
69818.182
78367.347
111304.348
73142.857
88275.862
91428.571
89302.326
90352.941
85333.333
92530.12
93658.537
89302.326
88275.862
160000.0
163404.255
101052.632
69189.189
65641.026
81702.128
82580.645
90352.941
86292.135
111304.348
71111.111
94814.815
90352.941
85333.333
94814.815
90352.941
89302.326
150588.235
69818.182
76039.604
81702.128
91428.571
88275.862
84395.604
94814.815
91428.571
89302.326
153600.0
67368.421
137142.857
73846.154
128000.0
65641.026
78367.347
86292.135
88275.862
88275.862
84395.604
94814.815
144905.66
64537.815
84395.604
82580.645
85333.333
86292.135
89302.326
86292.135
88275.862
87272.727
89302.326
85333.333
88275.862
86292.135
83478.261
147692.308
101052.632
61935.484
82580.645
86292.135
87272.727
85333.333
92530.12
93658.537
144905.66
67368.421
84395.604
84395.604
86292.135
90352.941
142222.222
67368.421
87272.727
81702.128
92530.12
89302.326
89302.326
84395.604
94814.815
85333.333
160000.0
71111.111
139636.364
70458.716
144905.66
70458.716
130169.492
72452.83
102400.0
83478.261
93658.537
101052.632
93658.537
91428.571
92530.12
89302.326
89302.326
90352.941
89302.326
144905.66
174545.455
109714.286
142222.222
76800.0
92530.12
80842.105
92530.12
86292.135
91428.571
98461.538
87272.727
93658.537
93658.537
99740.26
93658.537
134736.842
71775.701
123870.968
71111.111
112941.176
103783.784
78367.347
92530.12
89302.326
94814.815
92530.12
92530.12
130169.492
121904.762
66206.897
142222.222
130169.492
65641.026
76800.0
93658.537
94814.815
94814.815
125901.639
74563.107
94814.815
94814.815
153600.0
71775.701
144905.66
71775.701
120000.0
78367.347
97215.19
96000.0
89302.326
96000.0
92530.12
91428.571
92530.12
166956.522
137142.857
66782.609
66206.897
116363.636
74563.107
93658.537
80842.105
88275.862
98461.538
120000.0
76800.0
92530.12
92530.12
94814.815
150588.235
73846.154
144905.66
71111.111
114626.866
80842.105
93658.537
92530.12
93658.537
92530.12
92530.12
90352.941
91428.571
90352.941
91428.571
91428.571
93658.537
144905.66
71111.111
139636.364
73846.154
137142.857
67964.602
137142.857
70458.716
130169.492
73142.857
123870.968
130169.492
63471.074
94814.815
97215.19
103783.784
88275.862
150588.235
67368.421
144905.66
70458.716
142222.222
70458.716
142222.222
103783.784
73142.857
81702.128
91428.571
92530.12
94814.815
91428.571
89302.326
147692.308
160000.0
64537.815
67368.421
116363.636
74563.107
92530.12
94814.815
91428.571
92530.12
116363.636
76039.604
86292.135
92530.12
91428.571
92530.12
93658.537
160000.0
68571.429
142222.222
71111.111
88275.862
82580.645
93658.537
87272.727
92530.12
89302.326
90352.941
89302.326
90352.941
90352.941
89302.326
84395.604
92530.12
82580.645
88275.862
88275.862
89302.326
89302.326
91428.571
91428.571
156734.694
156734.694
64537.815
74563.107
91428.571
125901.639
69189.189
139636.364
72452.83
93658.537
98461.538
86292.135
89302.326
83478.261
90352.941
86292.135
87272.727
85333.333
92530.12
76800.0
87272.727
105205.479
82580.645
73142.857
86292.135
92530.12
88275.862
87272.727
88275.862
87272.727
89302.326
89302.326
88275.862
85333.333
89302.326
144905.66
71775.701
87272.727
82580.645
90352.941
87272.727
87272.727
87272.727
86292.135
90352.941
87272.727
85333.333
92530.12
88275.862
86292.135
86292.135
82580.645
92530.12
87272.727
89302.326
87272.727
85333.333
94814.815
89302.326
85333.333
94814.815
147692.308
71111.111
79175.258
90352.941
125901.639
68571.429
89302.326
84395.604
82580.645
90352.941
85333.333
88275.862
88275.862
86292.135
86292.135
82580.645
91428.571
85333.333
83478.261
87272.727
89302.326
94814.815
88275.862
85333.333
96000.0
88275.862
166956.522
130169.492
64000.0
67368.421
96000.0
83478.261
93658.537
85333.333
93658.537
90352.941
90352.941
83478.261
102400.0
88275.862
79175.258
86292.135
87272.727
84395.604
93658.537
87272.727
91428.571
88275.862
94814.815
91428.571
97215.19
144905.66
73142.857
142222.222
72452.83
118153.846
80842.105
96000.0
96000.0
92530.12
99740.26
94814.815
92530.12
91428.571
144905.66
64537.815
74563.107
121904.762
64000.0
134736.842
77575.758
62439.024
79175.258
89302.326
90352.941
93658.537
91428.571
108169.014
77575.758
93658.537
90352.941
92530.12
160000.0
70458.716
142222.222
69818.182
123870.968
75294.118
111304.348
79175.258
93658.537
90352.941
98461.538
91428.571
92530.12
89302.326
90352.941
90352.941
90352.941
90352.941
90352.941
147692.308
71775.701
139636.364
70458.716
88275.862
109714.286
125901.639
67368.421
144905.66
67368.421
139636.364
71111.111
137142.857
69189.189
120000.0
73846.154
120000.0
70458.716
93658.537
80842.105
88275.862
102400.0
71775.701
82580.645
80000.0
80842.105
82580.645
83478.261
84395.604
86292.135
86292.135
87272.727
91428.571
88275.862
89302.326
89302.326
90352.941
91428.571
89302.326
90352.941
90352.941
150588.235
69818.182
84395.604
85333.333
87272.727
87272.727
89302.326
89302.326
90352.941
91428.571
139636.364
68571.429
88275.862
86292.135
87272.727
87272.727
90352.941
88275.862
89302.326
89302.326
88275.862
86292.135
89302.326
87272.727
86292.135
87272.727
87272.727
90352.941
87272.727
87272.727
86292.135
88275.862
86292.135
99740.26
91428.571
73846.154
86292.135
87272.727
87272.727
88275.862
87272.727
88275.862
86292.135
89302.326
86292.135
87272.727
89302.326
87272.727
88275.862
88275.862
85333.333
87272.727
96000.0
86292.135
80842.105
88275.862
87272.727
85333.333
89302.326
88275.862
87272.727
89302.326
87272.727
85333.333
89302.326
88275.862
84395.604
94814.815
89302.326
88275.862
153600.0
70458.716
142222.222
71111.111
139636.364
69189.189
118153.846
77575.758
98461.538
137142.857
66782.609
93658.537
94814.815
93658.537
90352.941
88275.862
102400.0
76800.0
90352.941
89302.326
88275.862
90352.941
91428.571
91428.571
91428.571
150588.235
72452.83
139636.364
74563.107
123870.968
70458.716
102400.0
84395.604
94814.815
96000.0
96000.0
102400.0
96000.0
147692.308
71111.111
139636.364
68571.429
137142.857
70458.716
121904.762
73846.154
99740.26
88275.862
92530.12
93658.537
139636.364
105205.479
61935.484
116363.636
71111.111
90352.941
90352.941
91428.571
92530.12
142222.222
91428.571
89302.326
67964.602
121904.762
68571.429
120000.0
69189.189
105205.479
74563.107
96000.0
76800.0
93658.537
101052.632
80000.0
96000.0
96000.0
92530.12
92530.12
137142.857
66782.609
139636.364
83478.261
102400.0
70458.716
114626.866
77575.758
97215.19
83478.261
94814.815
92530.12
92530.12
90352.941
90352.941
91428.571
91428.571
90352.941
91428.571
90352.941
90352.941
121904.762
72452.83
118153.846
73846.154
101052.632
123870.968
128000.0
56470.588
88275.862
94814.815
91428.571
91428.571
103783.784
80000.0
87272.727
83478.261
92530.12
87272.727
88275.862
86292.135
88275.862
87272.727
88275.862
89302.326
89302.326
89302.326
89302.326
89302.326
90352.941
93658.537
89302.326
