66782.609
67368.421
112941.176
75294.118
69818.182
102400.0
62950.82
70458.716
60952.381
65084.746
80842.105
99740.26
70458.716
67368.421
65641.026
76800.0
111304.348
75294.118
61935.484
73846.154
114626.866
69189.189
75294.118
112941.176
67368.421
75294.118
67368.421
112941.176
72452.83
111304.348
80000.0
109714.286
88275.862
98461.538
71775.701
108169.014
65084.746
75294.118
65641.026
67368.421
66782.609
67964.602
67368.421
69189.189
72452.83
106666.667
78367.347
80842.105
93658.537
65641.026
71775.701
64000.0
76039.604
109714.286
66782.609
65084.746
71111.111
71775.701
112941.176
75294.118
108169.014
45988.024
67964.602
70458.716
76039.604
108169.014
73846.154
109714.286
72452.83
116363.636
78367.347
111304.348
74563.107
106666.667
72452.83
64537.815
72452.83
68571.429
66206.897
69818.182
66782.609
67964.602
67964.602
69818.182
69189.189
84395.604
97215.19
71775.701
114626.866
73142.857
109714.286
73846.154
109714.286
66782.609
71111.111
114626.866
73142.857
111304.348
118153.846
71775.701
109714.286
72452.83
111304.348
73142.857
67964.602
114626.866
75294.118
106666.667
71111.111
108169.014
75294.118
92530.12
79175.258
65641.026
71775.701
65641.026
67964.602
72452.83
60000.0
56058.394
64000.0
69189.189
69818.182
67964.602
66206.897
116363.636
72452.83
67964.602
69189.189
120000.0
73846.154
73846.154
111304.348
68571.429
69189.189
67368.421
68571.429
67964.602
68571.429
69189.189
67964.602
66782.609
65641.026
63471.074
70458.716
68571.429
65084.746
69189.189
112941.176
77575.758
111304.348
66782.609
60952.381
67964.602
69818.182
66206.897
79175.258
116363.636
68571.429
87272.727
81702.128
71111.111
67368.421
68571.429
68571.429
67964.602
68571.429
69189.189
67964.602
68571.429
71775.701
66782.609
66782.609
77575.758
116363.636
112941.176
82580.645
62439.024
69818.182
111304.348
74563.107
70458.716
106666.667
77575.758
112941.176
71775.701
106666.667
73142.857
114626.866
69818.182
109714.286
75294.118
116363.636
75294.118
108169.014
71775.701
66206.897
114626.866
69189.189
65641.026
69818.182
70458.716
71111.111
116363.636
75294.118
111304.348
70458.716
45988.024
50526.316
62439.024
71111.111
118153.846
73846.154
112941.176
81702.128
111304.348
73846.154
111304.348
75294.118
70458.716
109714.286
76039.604
108169.014
69189.189
74563.107
112941.176
73142.857
106666.667
73142.857
69818.182
81702.128
84395.604
74563.107
73142.857
116363.636
76039.604
112941.176
74563.107
112941.176
73142.857
112941.176
69818.182
66206.897
72452.83
69818.182
66782.609
68571.429
68571.429
69189.189
111304.348
70458.716
67368.421
66782.609
68571.429
69818.182
67964.602
65641.026
69189.189
67368.421
69189.189
70458.716
67964.602
67964.602
66782.609
62950.82
74563.107
111304.348
65641.026
99740.26
82580.645
69189.189
111304.348
67368.421
65084.746
64000.0
77575.758
105205.479
72452.83
66782.609
69818.182
67964.602
71111.111
116363.636
74563.107
112941.176
69189.189
74563.107
62950.82
65084.746
70458.716
68571.429
67368.421
62950.82
69818.182
71111.111
60952.381
77575.758
68571.429
69189.189
96000.0
84395.604
97215.19
78367.347
69189.189
76039.604
106666.667
78367.347
109714.286
67964.602
77575.758
103783.784
76800.0
111304.348
72452.83
106666.667
71111.111
112941.176
74563.107
109714.286
69818.182
68571.429
105205.479
86292.135
94814.815
71111.111
106666.667
69818.182
116363.636
64537.815
66782.609
64537.815
66782.609
72452.83
109714.286
72452.83
105205.479
73142.857
61440.0
69818.182
114626.866
69189.189
94814.815
86292.135
111304.348
73142.857
108169.014
71111.111
64537.815
69189.189
99740.26
71775.701
66782.609
71111.111
105205.479
78367.347
62950.82
99740.26
68571.429
64000.0
72452.83
67368.421
103783.784
67964.602
66206.897
70458.716
77575.758
106666.667
69189.189
68571.429
76039.604
106666.667
69189.189
48917.197
98461.538
96000.0
101052.632
73142.857
111304.348
74563.107
111304.348
68571.429
73142.857
64537.815
71775.701
66206.897
111304.348
75294.118
109714.286
73142.857
67964.602
106666.667
74563.107
67964.602
105205.479
72452.83
71775.701
69818.182
65084.746
63471.074
67964.602
67368.421
65084.746
66206.897
65084.746
68571.429
66206.897
86292.135
85333.333
67964.602
67964.602
71775.701
62950.82
65641.026
73142.857
67964.602
106666.667
76039.604
112941.176
72452.83
101052.632
85333.333
98461.538
71775.701
67368.421
64537.815
71111.111
108169.014
68571.429
71111.111
62439.024
67964.602
68571.429
59076.923
71111.111
79175.258
61935.484
71111.111
111304.348
64537.815
70458.716
64537.815
65084.746
65084.746
65084.746
72452.83
66782.609
108169.014
91428.571
82580.645
71111.111
103783.784
71775.701
58625.954
66206.897
60472.441
68571.429
118153.846
72452.83
61440.0
71111.111
111304.348
69818.182
76039.604
76800.0
71111.111
52602.74
71111.111
80842.105
81702.128
79175.258
64537.815
62950.82
69189.189
106666.667
72452.83
48607.595
66782.609
69189.189
71775.701
71111.111
68571.429
69818.182
69818.182
70458.716
68571.429
67368.421
69189.189
69189.189
67964.602
69189.189
67368.421
69818.182
69818.182
69818.182
68571.429
69189.189
69818.182
71775.701
68571.429
71775.701
69189.189
69818.182
71775.701
71775.701
68571.429
70458.716
70458.716
69818.182
70458.716
67964.602
69818.182
69189.189
69818.182
68571.429
68571.429
69189.189
71111.111
68571.429
68571.429
68571.429
67368.421
68571.429
67964.602
66782.609
68571.429
67964.602
67964.602
67964.602
66782.609
69189.189
68571.429
66206.897
67368.421
66782.609
67964.602
67964.602
67368.421
68571.429
68571.429
68571.429
67964.602
66206.897
67964.602
69818.182
67964.602
69189.189
69189.189
68571.429
71111.111
69189.189
69818.182
70458.716
69189.189
69818.182
69189.189
65641.026
67368.421
66782.609
67964.602
66782.609
66782.609
68571.429
69818.182
67368.421
67964.602
67964.602
66782.609
69189.189
66782.609
69818.182
69818.182
69189.189
69189.189
69818.182
66782.609
69189.189
67368.421
67964.602
66782.609
66782.609
67964.602
66782.609
66782.609
67368.421
65641.026
67368.421
65641.026
66206.897
66782.609
65641.026
66206.897
61935.484
111304.348
163404.255
53706.294
80842.105
66206.897
50526.316
74563.107
80000.0
71111.111
67368.421
87272.727
66206.897
89302.326
94814.815
57744.361
65084.746
76800.0
86292.135
60472.441
57313.433
62439.024
82580.645
62950.82
80842.105
72452.83
80842.105
85333.333
47116.564
83478.261
53333.333
73142.857
71111.111
88275.862
109714.286
73142.857
81702.128
87272.727
118153.846
75294.118
120000.0
128000.0
71775.701
111304.348
125901.639
134736.842
123870.968
57744.361
61440.0
46265.06
58181.818
80842.105
65641.026
59076.923
74563.107
123870.968
51891.892
83478.261
60472.441
59076.923
56058.394
67368.421
84395.604
83478.261
65084.746
72452.83
73846.154
73846.154
82580.645
85333.333
56888.889
116363.636
79175.258
109714.286
76800.0
73846.154
130169.492
120000.0
128000.0
85333.333
130169.492
62439.024
116363.636
58181.818
84395.604
89302.326
103783.784
69189.189
114626.866
84395.604
128000.0
78367.347
72452.83
68571.429
97215.19
134736.842
132413.793
83478.261
116363.636
89302.326
118153.846
109714.286
71111.111
98461.538
128000.0
83478.261
82580.645
76039.604
71111.111
118153.846
58625.954
80000.0
80000.0
76800.0
81702.128
87272.727
108169.014
132413.793
160000.0
137142.857
134736.842
142222.222
142222.222
81702.128
76039.604
87272.727
91428.571
118153.846
130169.492
121904.762
144905.66
132413.793
130169.492
76039.604
108169.014
130169.492
77575.758
118153.846
118153.846
80000.0
114626.866
130169.492
76039.604
125901.639
128000.0
130169.492
76039.604
67964.602
67368.421
69818.182
98461.538
78367.347
76800.0
59076.923
98461.538
93658.537
74563.107
121904.762
118153.846
128000.0
137142.857
134736.842
132413.793
125901.639
130169.492
137142.857
68571.429
69818.182
130169.492
80000.0
118153.846
125901.639
128000.0
80000.0
109714.286
125901.639
132413.793
132413.793
81702.128
88275.862
73846.154
82580.645
120000.0
134736.842
132413.793
130169.492
97215.19
82580.645
128000.0
114626.866
87272.727
109714.286
123870.968
106666.667
76039.604
68571.429
130169.492
71111.111
97215.19
108169.014
98461.538
128000.0
130169.492
69189.189
59076.923
59076.923
106666.667
96000.0
70458.716
62950.82
74563.107
92530.12
121904.762
125901.639
80842.105
102400.0
93658.537
90352.941
80842.105
97215.19
67964.602
79175.258
76800.0
74563.107
98461.538
91428.571
106666.667
116363.636
111304.348
125901.639
132413.793
132413.793
139636.364
134736.842
137142.857
132413.793
134736.842
132413.793
67368.421
128000.0
139636.364
134736.842
134736.842
137142.857
130169.492
132413.793
132413.793
137142.857
125901.639
85333.333
106666.667
137142.857
132413.793
137142.857
121904.762
75294.118
76800.0
123870.968
130169.492
128000.0
139636.364
132413.793
130169.492
137142.857
73142.857
132413.793
150588.235
137142.857
134736.842
142222.222
70458.716
132413.793
83478.261
118153.846
134736.842
142222.222
134736.842
70458.716
132413.793
144905.66
132413.793
132413.793
142222.222
134736.842
142222.222
125901.639
142222.222
137142.857
142222.222
137142.857
144905.66
103783.784
137142.857
139636.364
150588.235
142222.222
139636.364
125901.639
73142.857
102400.0
128000.0
134736.842
134736.842
144905.66
80000.0
120000.0
134736.842
142222.222
144905.66
80000.0
102400.0
130169.492
125901.639
147692.308
144905.66
128000.0
137142.857
144905.66
137142.857
139636.364
144905.66
147692.308
142222.222
142222.222
114626.866
139636.364
137142.857
137142.857
139636.364
132413.793
130169.492
142222.222
150588.235
150588.235
137142.857
125901.639
147692.308
132413.793
137142.857
144905.66
132413.793
137142.857
142222.222
114626.866
128000.0
134736.842
132413.793
142222.222
142222.222
147692.308
144905.66
153600.0
144905.66
139636.364
121904.762
137142.857
137142.857
150588.235
144905.66
132413.793
147692.308
134736.842
120000.0
103783.784
139636.364
139636.364
139636.364
134736.842
137142.857
137142.857
139636.364
79175.258
108169.014
105205.479
83478.261
120000.0
125901.639
121904.762
97215.19
94814.815
137142.857
142222.222
103783.784
121904.762
128000.0
144905.66
142222.222
147692.308
130169.492
147692.308
142222.222
139636.364
139636.364
112941.176
114626.866
142222.222
147692.308
130169.492
142222.222
142222.222
142222.222
134736.842
142222.222
134736.842
160000.0
111304.348
118153.846
137142.857
153600.0
150588.235
147692.308
153600.0
101052.632
128000.0
150588.235
142222.222
139636.364
153600.0
128000.0
142222.222
106666.667
132413.793
130169.492
128000.0
121904.762
109714.286
109714.286
112941.176
109714.286
123870.968
123870.968
130169.492
132413.793
132413.793
142222.222
139636.364
137142.857
134736.842
134736.842
137142.857
139636.364
125901.639
130169.492
139636.364
132413.793
137142.857
139636.364
125901.639
137142.857
137142.857
134736.842
132413.793
128000.0
128000.0
134736.842
139636.364
134736.842
137142.857
134736.842
132413.793
130169.492
137142.857
134736.842
132413.793
132413.793
137142.857
134736.842
137142.857
134736.842
132413.793
132413.793
134736.842
139636.364
137142.857
130169.492
137142.857
137142.857
150588.235
134736.842
67368.421
139636.364
134736.842
142222.222
139636.364
139636.364
77575.758
128000.0
137142.857
137142.857
82580.645
111304.348
139636.364
139636.364
78367.347
114626.866
82580.645
120000.0
132413.793
81702.128
91428.571
71775.701
128000.0
125901.639
147692.308
111304.348
98461.538
99740.26
76039.604
109714.286
85333.333
142222.222
109714.286
82580.645
71775.701
71111.111
62950.82
84395.604
99740.26
83478.261
71775.701
70458.716
68571.429
73846.154
64537.815
83478.261
144905.66
120000.0
85333.333
77575.758
144905.66
142222.222
153600.0
137142.857
142222.222
134736.842
144905.66
144905.66
134736.842
142222.222
139636.364
137142.857
142222.222
139636.364
137142.857
130169.492
139636.364
144905.66
142222.222
142222.222
137142.857
137142.857
69818.182
142222.222
142222.222
85333.333
116363.636
123870.968
132413.793
78367.347
118153.846
134736.842
80842.105
125901.639
134736.842
142222.222
137142.857
77575.758
123870.968
142222.222
139636.364
144905.66
139636.364
137142.857
128000.0
81702.128
128000.0
137142.857
137142.857
139636.364
77575.758
121904.762
132413.793
88275.862
102400.0
93658.537
75294.118
84395.604
111304.348
91428.571
121904.762
139636.364
144905.66
142222.222
142222.222
139636.364
132413.793
89302.326
109714.286
130169.492
142222.222
134736.842
77575.758
137142.857
137142.857
139636.364
134736.842
142222.222
79175.258
62950.82
84395.604
121904.762
137142.857
139636.364
134736.842
80842.105
123870.968
130169.492
82580.645
123870.968
137142.857
78367.347
128000.0
137142.857
79175.258
121904.762
132413.793
80842.105
123870.968
139636.364
137142.857
82580.645
125901.639
128000.0
81702.128
123870.968
134736.842
78367.347
123870.968
128000.0
116363.636
91428.571
123870.968
134736.842
90352.941
116363.636
137142.857
142222.222
139636.364
142222.222
144905.66
142222.222
142222.222
139636.364
144905.66
142222.222
108169.014
84395.604
139636.364
142222.222
106666.667
93658.537
134736.842
150588.235
84395.604
134736.842
125901.639
144905.66
144905.66
142222.222
144905.66
142222.222
139636.364
139636.364
139636.364
132413.793
85333.333
116363.636
132413.793
150588.235
142222.222
132413.793
139636.364
137142.857
139636.364
139636.364
137142.857
139636.364
134736.842
142222.222
132413.793
137142.857
139636.364
142222.222
137142.857
142222.222
137142.857
137142.857
139636.364
144905.66
147692.308
139636.364
137142.857
121904.762
118153.846
118153.846
147692.308
142222.222
142222.222
92530.12
132413.793
142222.222
142222.222
137142.857
134736.842
139636.364
142222.222
144905.66
137142.857
134736.842
142222.222
144905.66
142222.222
142222.222
142222.222
142222.222
147692.308
142222.222
142222.222
142222.222
134736.842
139636.364
139636.364
150588.235
144905.66
139636.364
147692.308
139636.364
142222.222
142222.222
147692.308
137142.857
144905.66
142222.222
147692.308
142222.222
144905.66
139636.364
147692.308
142222.222
144905.66
132413.793
147692.308
144905.66
144905.66
142222.222
153600.0
137142.857
137142.857
147692.308
139636.364
150588.235
139636.364
142222.222
142222.222
147692.308
139636.364
150588.235
142222.222
142222.222
139636.364
144905.66
153600.0
144905.66
144905.66
142222.222
142222.222
144905.66
139636.364
137142.857
147692.308
142222.222
144905.66
144905.66
137142.857
142222.222
137142.857
147692.308
142222.222
142222.222
142222.222
137142.857
137142.857
137142.857
147692.308
142222.222
142222.222
139636.364
137142.857
147692.308
130169.492
150588.235
139636.364
144905.66
139636.364
144905.66
142222.222
134736.842
137142.857
144905.66
142222.222
144905.66
134736.842
139636.364
139636.364
139636.364
142222.222
142222.222
142222.222
139636.364
139636.364
142222.222
137142.857
150588.235
142222.222
132413.793
142222.222
139636.364
144905.66
139636.364
139636.364
142222.222
147692.308
147692.308
142222.222
132413.793
144905.66
142222.222
144905.66
147692.308
134736.842
139636.364
147692.308
144905.66
147692.308
139636.364
142222.222
132413.793
137142.857
142222.222
150588.235
139636.364
144905.66
132413.793
144905.66
144905.66
139636.364
137142.857
144905.66
142222.222
147692.308
142222.222
147692.308
128000.0
139636.364
144905.66
144905.66
150588.235
134736.842
137142.857
150588.235
142222.222
147692.308
144905.66
139636.364
144905.66
144905.66
144905.66
144905.66
139636.364
137142.857
150588.235
144905.66
139636.364
142222.222
150588.235
134736.842
137142.857
147692.308
142222.222
147692.308
137142.857
144905.66
147692.308
139636.364
137142.857
147692.308
142222.222
142222.222
150588.235
142222.222
142222.222
147692.308
137142.857
144905.66
144905.66
150588.235
139636.364
144905.66
147692.308
142222.222
147692.308
139636.364
144905.66
139636.364
147692.308
142222.222
144905.66
130169.492
96000.0
78367.347
142222.222
139636.364
150588.235
139636.364
147692.308
147692.308
150588.235
134736.842
142222.222
142222.222
147692.308
144905.66
142222.222
134736.842
139636.364
142222.222
144905.66
137142.857
147692.308
87272.727
123870.968
142222.222
83478.261
147692.308
147692.308
134736.842
142222.222
150588.235
116363.636
111304.348
102400.0
130169.492
83478.261
118153.846
142222.222
139636.364
142222.222
89302.326
108169.014
87272.727
108169.014
86292.135
106666.667
128000.0
94814.815
114626.866
111304.348
96000.0
118153.846
114626.866
87272.727
118153.846
120000.0
101052.632
101052.632
142222.222
142222.222
153600.0
139636.364
147692.308
142222.222
132413.793
153600.0
150588.235
144905.66
142222.222
147692.308
134736.842
144905.66
134736.842
147692.308
144905.66
153600.0
142222.222
147692.308
142222.222
147692.308
128000.0
150588.235
144905.66
144905.66
142222.222
144905.66
142222.222
144905.66
139636.364
147692.308
130169.492
139636.364
147692.308
150588.235
147692.308
144905.66
137142.857
134736.842
147692.308
139636.364
142222.222
139636.364
142222.222
153600.0
153600.0
142222.222
142222.222
130169.492
137142.857
142222.222
147692.308
137142.857
139636.364
132413.793
153600.0
147692.308
142222.222
142222.222
144905.66
144905.66
144905.66
142222.222
144905.66
142222.222
144905.66
144905.66
144905.66
144905.66
142222.222
142222.222
137142.857
150588.235
142222.222
150588.235
144905.66
144905.66
134736.842
150588.235
139636.364
144905.66
130169.492
125901.639
144905.66
153600.0
153600.0
144905.66
150588.235
147692.308
153600.0
147692.308
144905.66
144905.66
144905.66
144905.66
147692.308
147692.308
144905.66
142222.222
132413.793
160000.0
153600.0
150588.235
139636.364
142222.222
142222.222
139636.364
144905.66
144905.66
134736.842
139636.364
144905.66
144905.66
142222.222
142222.222
142222.222
137142.857
139636.364
147692.308
139636.364
142222.222
132413.793
144905.66
144905.66
142222.222
142222.222
142222.222
137142.857
139636.364
144905.66
132413.793
142222.222
142222.222
142222.222
150588.235
137142.857
142222.222
144905.66
142222.222
144905.66
153600.0
147692.308
137142.857
144905.66
142222.222
144905.66
147692.308
144905.66
147692.308
144905.66
144905.66
147692.308
144905.66
144905.66
137142.857
139636.364
144905.66
142222.222
144905.66
139636.364
137142.857
144905.66
144905.66
144905.66
144905.66
139636.364
139636.364
144905.66
147692.308
139636.364
137142.857
144905.66
147692.308
144905.66
150588.235
144905.66
147692.308
139636.364
144905.66
142222.222
144905.66
142222.222
86292.135
106666.667
128000.0
120000.0
87272.727
134736.842
147692.308
142222.222
139636.364
147692.308
132413.793
137142.857
142222.222
144905.66
137142.857
144905.66
142222.222
139636.364
121904.762
101052.632
98461.538
98461.538
123870.968
123870.968
139636.364
123870.968
101052.632
103783.784
128000.0
121904.762
78367.347
139636.364
144905.66
142222.222
111304.348
92530.12
139636.364
144905.66
144905.66
142222.222
150588.235
142222.222
147692.308
139636.364
147692.308
90352.941
71775.701
89302.326
116363.636
73846.154
123870.968
137142.857
80000.0
132413.793
137142.857
156734.694
87272.727
112941.176
153600.0
69818.182
137142.857
137142.857
153600.0
132413.793
96000.0
116363.636
118153.846
78367.347
132413.793
96000.0
111304.348
123870.968
112941.176
105205.479
106666.667
86292.135
114626.866
90352.941
106666.667
87272.727
111304.348
85333.333
114626.866
97215.19
147692.308
142222.222
142222.222
150588.235
121904.762
160000.0
153600.0
147692.308
142222.222
147692.308
142222.222
77575.758
130169.492
132413.793
86292.135
128000.0
137142.857
79175.258
134736.842
88275.862
73846.154
101052.632
86292.135
144905.66
91428.571
147692.308
144905.66
147692.308
150588.235
150588.235
142222.222
153600.0
147692.308
150588.235
142222.222
139636.364
142222.222
150588.235
150588.235
150588.235
147692.308
139636.364
147692.308
153600.0
142222.222
150588.235
134736.842
144905.66
150588.235
150588.235
150588.235
156734.694
142222.222
142222.222
144905.66
147692.308
142222.222
142222.222
139636.364
139636.364
150588.235
147692.308
150588.235
144905.66
139636.364
142222.222
147692.308
144905.66
144905.66
144905.66
144905.66
147692.308
144905.66
144905.66
139636.364
139636.364
144905.66
144905.66
147692.308
144905.66
139636.364
142222.222
147692.308
147692.308
144905.66
142222.222
144905.66
137142.857
150588.235
147692.308
142222.222
142222.222
144905.66
147692.308
147692.308
147692.308
142222.222
144905.66
142222.222
147692.308
142222.222
147692.308
142222.222
147692.308
139636.364
147692.308
142222.222
150588.235
142222.222
147692.308
80842.105
132413.793
139636.364
147692.308
139636.364
150588.235
142222.222
150588.235
144905.66
142222.222
144905.66
150588.235
142222.222
147692.308
142222.222
144905.66
144905.66
144905.66
150588.235
144905.66
139636.364
144905.66
142222.222
144905.66
139636.364
147692.308
144905.66
144905.66
144905.66
150588.235
142222.222
142222.222
144905.66
142222.222
144905.66
144905.66
142222.222
147692.308
144905.66
147692.308
147692.308
139636.364
144905.66
134736.842
84395.604
128000.0
137142.857
147692.308
142222.222
139636.364
144905.66
144905.66
144905.66
144905.66
144905.66
144905.66
144905.66
147692.308
137142.857
147692.308
144905.66
144905.66
142222.222
147692.308
142222.222
144905.66
153600.0
142222.222
139636.364
142222.222
139636.364
132413.793
153600.0
147692.308
144905.66
150588.235
137142.857
144905.66
144905.66
144905.66
142222.222
144905.66
137142.857
142222.222
142222.222
150588.235
139636.364
139636.364
139636.364
144905.66
134736.842
144905.66
139636.364
147692.308
144905.66
150588.235
144905.66
150588.235
144905.66
142222.222
142222.222
144905.66
142222.222
144905.66
142222.222
142222.222
144905.66
144905.66
142222.222
142222.222
142222.222
142222.222
137142.857
147692.308
142222.222
147692.308
142222.222
144905.66
147692.308
144905.66
137142.857
137142.857
142222.222
147692.308
147692.308
147692.308
142222.222
139636.364
144905.66
147692.308
147692.308
150588.235
142222.222
137142.857
147692.308
150588.235
147692.308
125901.639
142222.222
75294.118
144905.66
137142.857
142222.222
139636.364
147692.308
144905.66
144905.66
139636.364
139636.364
137142.857
144905.66
137142.857
132413.793
147692.308
132413.793
137142.857
144905.66
132413.793
144905.66
134736.842
137142.857
142222.222
142222.222
142222.222
134736.842
134736.842
132413.793
137142.857
139636.364
132413.793
139636.364
132413.793
142222.222
134736.842
137142.857
128000.0
137142.857
139636.364
139636.364
137142.857
137142.857
134736.842
137142.857
137142.857
134736.842
132413.793
137142.857
137142.857
142222.222
134736.842
139636.364
132413.793
134736.842
137142.857
139636.364
134736.842
137142.857
134736.842
139636.364
137142.857
137142.857
132413.793
132413.793
125901.639
130169.492
111304.348
134736.842
111304.348
99740.26
134736.842
137142.857
128000.0
139636.364
139636.364
137142.857
139636.364
142222.222
139636.364
134736.842
139636.364
137142.857
139636.364
134736.842
139636.364
134736.842
142222.222
139636.364
134736.842
134736.842
139636.364
137142.857
137142.857
134736.842
134736.842
134736.842
139636.364
139636.364
142222.222
130169.492
132413.793
137142.857
137142.857
139636.364
132413.793
134736.842
142222.222
134736.842
142222.222
61440.0
98461.538
81702.128
147692.308
79175.258
64537.815
106666.667
77575.758
77575.758
76800.0
59534.884
98461.538
94814.815
85333.333
93658.537
109714.286
150588.235
84395.604
78367.347
150588.235
153600.0
82580.645
88275.862
83478.261
61440.0
68571.429
57313.433
108169.014
91428.571
86292.135
59534.884
85333.333
92530.12
81702.128
58625.954
123870.968
174545.455
94814.815
142222.222
50860.927
67368.421
73846.154
75294.118
83478.261
71775.701
72452.83
88275.862
98461.538
132413.793
80842.105
81702.128
147692.308
74563.107
96000.0
76039.604
103783.784
71111.111
114626.866
153600.0
79175.258
86292.135
78367.347
139636.364
166956.522
153600.0
147692.308
87272.727
76800.0
84395.604
76039.604
84395.604
85333.333
123870.968
150588.235
153600.0
80842.105
77575.758
71775.701
81702.128
106666.667
105205.479
109714.286
150588.235
78367.347
76800.0
114626.866
132413.793
130169.492
50860.927
78367.347
76039.604
77575.758
78367.347
76800.0
77575.758
79175.258
76800.0
78367.347
80000.0
76800.0
75294.118
80000.0
77575.758
77575.758
76800.0
85333.333
51891.892
76039.604
73846.154
76039.604
76039.604
76039.604
78367.347
78367.347
76039.604
76800.0
77575.758
73846.154
76039.604
73142.857
69818.182
81702.128
64537.815
63471.074
66782.609
66782.609
71775.701
73846.154
71111.111
70458.716
73142.857
71775.701
72452.83
72452.83
69818.182
72452.83
73142.857
72452.83
72452.83
71111.111
71775.701
73142.857
72452.83
74563.107
73846.154
73846.154
74563.107
74563.107
72452.83
73142.857
71775.701
71111.111
72452.83
71111.111
71111.111
75294.118
73142.857
72452.83
73142.857
71775.701
71775.701
73846.154
71775.701
71111.111
72452.83
72452.83
74563.107
73846.154
71111.111
73846.154
74563.107
73142.857
74563.107
73142.857
71111.111
74563.107
74563.107
73142.857
73846.154
73846.154
73846.154
44393.064
71111.111
73142.857
74563.107
74563.107
75294.118
73142.857
73846.154
75294.118
73846.154
74563.107
73846.154
72452.83
74563.107
75294.118
73142.857
73846.154
71775.701
72452.83
74563.107
73142.857
71775.701
73846.154
71775.701
73846.154
73142.857
70458.716
72452.83
73846.154
71111.111
73846.154
73142.857
92530.12
81702.128
75294.118
73142.857
72452.83
69818.182
68571.429
69818.182
67964.602
43636.364
72452.83
73846.154
121904.762
64537.815
108169.014
53333.333
73846.154
73846.154
74563.107
75294.118
74563.107
74563.107
74563.107
72452.83
123870.968
66782.609
71111.111
123870.968
166956.522
67368.421
94814.815
69818.182
66782.609
70458.716
70458.716
111304.348
150588.235
82580.645
80000.0
74563.107
71111.111
108169.014
82580.645
111304.348
90352.941
81702.128
73846.154
98461.538
98461.538
81702.128
79175.258
67368.421
106666.667
128000.0
137142.857
82580.645
76800.0
123870.968
150588.235
105205.479
101052.632
91428.571
108169.014
62950.82
62439.024
109714.286
73142.857
102400.0
76039.604
125901.639
134736.842
65641.026
83478.261
134736.842
78367.347
96000.0
80842.105
65084.746
112941.176
101052.632
67964.602
84395.604
67368.421
90352.941
57744.361
64537.815
82580.645
114626.866
76800.0
80000.0
83478.261
78367.347
74563.107
91428.571
70458.716
68571.429
86292.135
73142.857
69818.182
114626.866
147692.308
80842.105
121904.762
53333.333
77575.758
78367.347
71775.701
92530.12
132413.793
134736.842
137142.857
130169.492
60472.441
92530.12
77575.758
77575.758
66782.609
81702.128
80842.105
130169.492
70458.716
90352.941
97215.19
67964.602
69189.189
90352.941
99740.26
137142.857
125901.639
76800.0
50196.078
69818.182
130169.492
86292.135
111304.348
81702.128
64537.815
75294.118
86292.135
84395.604
81702.128
72452.83
83478.261
70458.716
116363.636
106666.667
128000.0
79175.258
93658.537
65641.026
76800.0
128000.0
83478.261
70458.716
128000.0
139636.364
103783.784
70458.716
50196.078
66782.609
108169.014
92530.12
78367.347
82580.645
139636.364
153600.0
74563.107
78367.347
71775.701
76039.604
130169.492
142222.222
73846.154
123870.968
147692.308
139636.364
125901.639
142222.222
134736.842
137142.857
132413.793
139636.364
134736.842
125901.639
134736.842
71111.111
128000.0
139636.364
139636.364
130169.492
71111.111
125901.639
134736.842
137142.857
67964.602
128000.0
86292.135
101052.632
130169.492
87272.727
98461.538
123870.968
72452.83
125901.639
71775.701
82580.645
97215.19
139636.364
134736.842
137142.857
139636.364
123870.968
70458.716
128000.0
132413.793
147692.308
137142.857
139636.364
130169.492
67368.421
75294.118
118153.846
67368.421
125901.639
74563.107
128000.0
69818.182
125901.639
85333.333
103783.784
139636.364
137142.857
134736.842
137142.857
132413.793
76039.604
106666.667
147692.308
137142.857
130169.492
137142.857
137142.857
132413.793
139636.364
134736.842
139636.364
139636.364
132413.793
76039.604
108169.014
134736.842
137142.857
71111.111
121904.762
71775.701
75294.118
109714.286
71111.111
83478.261
101052.632
71111.111
121904.762
71775.701
121904.762
132413.793
150588.235
93658.537
94814.815
132413.793
71111.111
65641.026
69818.182
72452.83
67964.602
120000.0
73142.857
68571.429
128000.0
147692.308
134736.842
134736.842
130169.492
125901.639
134736.842
73142.857
68571.429
69189.189
120000.0
71775.701
70458.716
132413.793
82580.645
101052.632
130169.492
71111.111
120000.0
139636.364
142222.222
132413.793
134736.842
132413.793
132413.793
134736.842
134736.842
132413.793
134736.842
128000.0
134736.842
130169.492
134736.842
128000.0
130169.492
130169.492
137142.857
134736.842
134736.842
134736.842
132413.793
132413.793
130169.492
132413.793
76039.604
118153.846
73142.857
116363.636
87272.727
97215.19
132413.793
69818.182
125901.639
89302.326
97215.19
70458.716
69818.182
125901.639
137142.857
137142.857
130169.492
150588.235
139636.364
132413.793
134736.842
134736.842
139636.364
137142.857
120000.0
76039.604
132413.793
132413.793
134736.842
137142.857
132413.793
134736.842
142222.222
134736.842
137142.857
130169.492
128000.0
73142.857
132413.793
69189.189
121904.762
76800.0
72452.83
116363.636
75294.118
123870.968
69818.182
69189.189
132413.793
130169.492
132413.793
71775.701
73142.857
120000.0
123870.968
142222.222
137142.857
137142.857
134736.842
125901.639
134736.842
75294.118
125901.639
128000.0
137142.857
134736.842
125901.639
137142.857
132413.793
134736.842
134736.842
134736.842
130169.492
76039.604
108169.014
76800.0
109714.286
66782.609
130169.492
134736.842
123870.968
137142.857
125901.639
137142.857
130169.492
130169.492
80842.105
103783.784
80842.105
99740.26
130169.492
72452.83
121904.762
128000.0
76039.604
125901.639
76039.604
132413.793
63471.074
88275.862
88275.862
96000.0
71111.111
123870.968
147692.308
134736.842
71775.701
69189.189
69189.189
70458.716
68571.429
132413.793
137142.857
139636.364
134736.842
89302.326
99740.26
69818.182
67964.602
132413.793
139636.364
139636.364
137142.857
134736.842
137142.857
137142.857
128000.0
86292.135
99740.26
69818.182
125901.639
70458.716
128000.0
70458.716
125901.639
134736.842
128000.0
142222.222
134736.842
132413.793
79175.258
99740.26
103783.784
108169.014
92530.12
87272.727
92530.12
66782.609
86292.135
97215.19
67964.602
120000.0
71111.111
121904.762
69818.182
82580.645
101052.632
125901.639
69189.189
109714.286
156734.694
128000.0
72452.83
68571.429
66206.897
121904.762
72452.83
69189.189
67964.602
69189.189
68571.429
123870.968
75294.118
120000.0
147692.308
69189.189
125901.639
74563.107
123870.968
147692.308
69818.182
120000.0
73142.857
123870.968
79175.258
121904.762
132413.793
139636.364
125901.639
73846.154
70458.716
125901.639
71775.701
67368.421
70458.716
125901.639
139636.364
76800.0
96000.0
51891.892
90352.941
67964.602
82580.645
81702.128
86292.135
68571.429
76039.604
73846.154
63471.074
65641.026
82580.645
61440.0
68571.429
63471.074
68571.429
79175.258
59534.884
94814.815
98461.538
87272.727
128000.0
147692.308
123870.968
70458.716
120000.0
147692.308
139636.364
144905.66
132413.793
134736.842
132413.793
130169.492
137142.857
76800.0
116363.636
69189.189
118153.846
73142.857
118153.846
77575.758
123870.968
68571.429
114626.866
147692.308
137142.857
73142.857
123870.968
137142.857
144905.66
123870.968
69818.182
125901.639
72452.83
125901.639
72452.83
118153.846
147692.308
132413.793
142222.222
130169.492
130169.492
73142.857
121904.762
123870.968
74563.107
120000.0
73142.857
128000.0
139636.364
67964.602
69818.182
132413.793
77575.758
73142.857
