48076.923
46153.846
46296.296
44642.857
44510.386
43731.778
43478.261
43478.261
43478.261
43731.778
43604.651
43478.261
42979.943
56390.977
34802.784
42857.143
42735.043
42735.043
42857.143
43103.448
21676.301
44117.647
43731.778
50505.051
38461.538
44117.647
43604.651
48701.299
40214.477
44510.386
44247.788
52631.579
38461.538
44776.119
44247.788
44642.857
44117.647
44378.698
51020.408
38759.69
44378.698
44776.119
50335.57
40000.0
44510.386
45045.045
44510.386
45180.723
44910.18
54744.526
39062.5
46012.27
46153.846
45180.723
46728.972
45731.707
54945.055
40322.581
46012.27
46296.296
45871.56
50167.224
42134.831
46439.628
45045.045
45871.56
45317.221
49342.105
41899.441
45592.705
45454.545
51194.539
40760.87
45045.045
44642.857
51020.408
38860.104
43604.651
43478.261
52264.808
36674.817
42492.918
42253.521
52447.552
35460.993
42016.807
41666.667
52083.333
34246.575
41322.314
40650.407
40760.87
40871.935
54744.526
32051.282
40106.952
39267.016
54744.526
30864.198
38860.104
38265.306
38265.306
37974.684
50167.224
30487.805
37688.442
37220.844
36855.037
36585.366
50847.458
29182.879
35377.358
35377.358
34642.032
34642.032
51369.863
28355.388
33936.652
34090.909
45731.707
28195.489
34013.605
34482.759
34324.943
34642.032
48701.299
47318.612
70093.458
34090.909
34090.909
50505.051
27726.433
33259.424
33185.841
51020.408
27027.027
32051.282
32397.408
48701.299
28625.954
32327.586
34562.212
47619.048
26455.026
30364.372
29821.074
51369.863
34403.67
99337.748
32679.739
48387.097
29940.12
40322.581
48543.689
38363.171
32051.282
37783.375
39577.836
58365.759
42372.881
48231.511
45317.221
30181.087
49180.328
26178.01
38265.306
31982.942
51369.863
26041.667
35971.223
33482.143
48076.923
26881.72
35799.523
39062.5
50335.57
26737.968
35971.223
33783.784
52447.552
25684.932
35885.167
34013.605
50167.224
26455.026
35545.024
34324.943
48701.299
26978.417
35545.024
34562.212
52447.552
27173.913
34168.565
36674.817
52264.808
27372.263
60975.61
41436.464
65217.391
78947.368
17730.496
62500.0
55555.556
27726.433
53380.783
245901.639
20862.309
55762.082
27985.075
34324.943
47169.811
45592.705
72815.534
62500.0
47468.354
49668.874
50847.458
48387.097
53956.835
47619.048
52083.333
42016.807
48387.097
24630.542
56390.977
55350.554
51020.408
58593.75
53571.429
54545.455
55350.554
57251.908
55762.082
52264.808
54545.455
54545.455
53571.429
55555.556
52631.579
54151.625
53956.835
53571.429
54545.455
54347.826
56603.774
50847.458
53763.441
54347.826
54151.625
36057.692
52816.901
26408.451
53571.429
37406.484
55970.149
52816.901
53763.441
52631.579
53956.835
36144.578
60240.964
28409.091
72115.385
55147.059
52631.579
53380.783
46439.628
63025.21
45592.705
61224.49
49019.608
59288.538
46153.846
57692.308
49180.328
55762.082
49668.874
57692.308
45592.705
57692.308
49180.328
40214.477
