76800.0
112941.176
64000.0
73846.154
75294.118
74563.107
75294.118
76800.0
77575.758
77575.758
76800.0
112941.176
63471.074
73142.857
73142.857
75294.118
76800.0
76800.0
76800.0
76800.0
77575.758
77575.758
76800.0
74563.107
76039.604
77575.758
121904.762
64000.0
75294.118
76800.0
77575.758
76039.604
74563.107
75294.118
76800.0
77575.758
76800.0
77575.758
77575.758
77575.758
76800.0
74563.107
112941.176
64000.0
73846.154
77575.758
77575.758
77575.758
78367.347
76800.0
74563.107
76800.0
112941.176
63471.074
74563.107
76800.0
76800.0
77575.758
76039.604
74563.107
75294.118
76039.604
76800.0
76800.0
112941.176
63471.074
73846.154
75294.118
73846.154
76039.604
76800.0
77575.758
76800.0
78367.347
76800.0
78367.347
76800.0
73846.154
75294.118
77575.758
121904.762
64000.0
74563.107
77575.758
77575.758
76800.0
74563.107
75294.118
76039.604
77575.758
121904.762
62950.82
74563.107
76800.0
76800.0
75294.118
74563.107
77575.758
77575.758
76800.0
77575.758
123870.968
63471.074
74563.107
75294.118
74563.107
76039.604
77575.758
76800.0
77575.758
76800.0
76800.0
76800.0
73846.154
73846.154
74563.107
76039.604
76039.604
112941.176
62950.82
73142.857
75294.118
74563.107
73846.154
76039.604
76800.0
76800.0
77575.758
77575.758
123870.968
63471.074
73142.857
74563.107
76800.0
77575.758
77575.758
77575.758
76800.0
112941.176
62950.82
73142.857
73142.857
75294.118
76039.604
76039.604
76800.0
77575.758
76800.0
77575.758
75294.118
73846.154
75294.118
76039.604
123870.968
64000.0
74563.107
76800.0
77575.758
77575.758
75294.118
76800.0
78367.347
112941.176
64537.815
75294.118
76800.0
78367.347
76039.604
156734.694
51543.624
77575.758
78367.347
112941.176
65084.746
75294.118
76800.0
75294.118
73846.154
73846.154
76800.0
76039.604
77575.758
76800.0
78367.347
78367.347
76800.0
75294.118
77575.758
77575.758
78367.347
78367.347
78367.347
78367.347
121904.762
63471.074
71111.111
73846.154
76039.604
77575.758
76800.0
76800.0
76800.0
76800.0
76039.604
73142.857
75294.118
76039.604
76800.0
77575.758
76800.0
77575.758
77575.758
76039.604
74563.107
74563.107
112941.176
62950.82
74563.107
76039.604
77575.758
77575.758
76800.0
74563.107
75294.118
76039.604
76800.0
76800.0
121904.762
62950.82
72452.83
75294.118
73846.154
74563.107
76039.604
76039.604
76800.0
75294.118
76039.604
76039.604
75294.118
73142.857
75294.118
75294.118
76800.0
112941.176
63471.074
73846.154
77575.758
76039.604
75294.118
76039.604
76800.0
78367.347
121904.762
64537.815
73846.154
77575.758
76800.0
75294.118
76800.0
77575.758
77575.758
78367.347
78367.347
77575.758
121904.762
63471.074
71775.701
75294.118
76800.0
77575.758
77575.758
121904.762
64537.815
74563.107
76800.0
75294.118
75294.118
76039.604
77575.758
77575.758
76800.0
78367.347
78367.347
77575.758
76800.0
75294.118
76039.604
123870.968
63471.074
73846.154
76039.604
77575.758
77575.758
75294.118
74563.107
75294.118
76800.0
76800.0
121904.762
62439.024
73142.857
76039.604
75294.118
73846.154
75294.118
76800.0
76800.0
77575.758
76800.0
78367.347
77575.758
76800.0
73846.154
76800.0
121904.762
64000.0
73846.154
77575.758
77575.758
78367.347
76800.0
74563.107
76039.604
77575.758
112941.176
64000.0
73846.154
76800.0
77575.758
76039.604
74563.107
76800.0
76800.0
78367.347
77575.758
78367.347
78367.347
77575.758
76800.0
74563.107
76039.604
76800.0
112941.176
64000.0
74563.107
76039.604
77575.758
76039.604
74563.107
75294.118
76800.0
76800.0
121904.762
64000.0
74563.107
76800.0
77575.758
75294.118
76039.604
76800.0
77575.758
77575.758
123870.968
63471.074
74563.107
76039.604
74563.107
75294.118
76800.0
77575.758
77575.758
121904.762
64537.815
75294.118
76800.0
109714.286
63471.074
73846.154
77575.758
78367.347
79175.258
79175.258
79175.258
121904.762
65641.026
71775.701
76039.604
76800.0
77575.758
77575.758
123870.968
63471.074
75294.118
76039.604
73846.154
76039.604
76800.0
77575.758
76800.0
77575.758
76800.0
77575.758
76039.604
73142.857
73846.154
75294.118
76039.604
111304.348
62950.82
73846.154
76039.604
76800.0
73846.154
76039.604
76800.0
77575.758
76800.0
76800.0
76800.0
76039.604
75294.118
72452.83
73846.154
74563.107
116363.636
61440.0
73142.857
74563.107
76039.604
75294.118
73142.857
75294.118
76800.0
76800.0
77575.758
77575.758
77575.758
77575.758
75294.118
73846.154
75294.118
112941.176
62950.82
73142.857
75294.118
76039.604
76039.604
75294.118
72452.83
73846.154
75294.118
75294.118
75294.118
75294.118
75294.118
75294.118
73846.154
72452.83
73846.154
75294.118
76039.604
111304.348
61935.484
73142.857
75294.118
73846.154
73846.154
76039.604
76039.604
123870.968
62950.82
74563.107
76800.0
76800.0
75294.118
74563.107
76039.604
76039.604
76039.604
75294.118
76800.0
76039.604
76039.604
73846.154
73142.857
75294.118
75294.118
76039.604
76039.604
76800.0
76800.0
76039.604
74563.107
74563.107
75294.118
76800.0
76800.0
76800.0
76800.0
76800.0
76039.604
73846.154
74563.107
76800.0
76039.604
76800.0
111304.348
64000.0
73846.154
76039.604
74563.107
74563.107
76800.0
112941.176
63471.074
74563.107
76800.0
77575.758
78367.347
74563.107
75294.118
76800.0
76800.0
111304.348
64537.815
75294.118
76800.0
77575.758
76039.604
75294.118
76039.604
76800.0
76800.0
112941.176
62950.82
73142.857
76039.604
73846.154
73846.154
76039.604
76039.604
76039.604
76800.0
111304.348
62950.82
73142.857
73846.154
73846.154
75294.118
76039.604
76039.604
76800.0
75294.118
76039.604
76039.604
73142.857
74563.107
76039.604
76039.604
76800.0
76800.0
111304.348
62950.82
73846.154
73142.857
75294.118
76039.604
77575.758
77575.758
111304.348
64537.815
75294.118
76039.604
75294.118
75294.118
76039.604
77575.758
77575.758
76800.0
121904.762
63471.074
73846.154
74563.107
73846.154
76800.0
76800.0
77575.758
77575.758
78367.347
77575.758
76800.0
75294.118
74563.107
76039.604
76039.604
76800.0
77575.758
111304.348
63471.074
73846.154
74563.107
74563.107
76039.604
77575.758
76800.0
76800.0
121904.762
62950.82
73846.154
75294.118
73846.154
76800.0
76800.0
77575.758
76800.0
77575.758
112941.176
63471.074
73142.857
74563.107
76039.604
76800.0
76800.0
77575.758
76800.0
77575.758
76800.0
76039.604
74563.107
76039.604
77575.758
77575.758
78367.347
77575.758
78367.347
79175.258
76800.0
75294.118
76800.0
78367.347
78367.347
77575.758
78367.347
77575.758
76800.0
76039.604
73142.857
74563.107
75294.118
76039.604
76039.604
76039.604
76039.604
77575.758
75294.118
73846.154
76039.604
112941.176
63471.074
74563.107
75294.118
77575.758
118153.846
64537.815
72452.83
76039.604
77575.758
77575.758
78367.347
77575.758
78367.347
77575.758
76800.0
73846.154
76039.604
76800.0
76800.0
76800.0
77575.758
77575.758
78367.347
76039.604
73846.154
76039.604
76039.604
76800.0
76800.0
76800.0
77575.758
77575.758
76800.0
75294.118
112941.176
64537.815
75294.118
77575.758
121904.762
65084.746
74563.107
76800.0
75294.118
76039.604
76800.0
76800.0
78367.347
121904.762
64000.0
73846.154
76800.0
74563.107
75294.118
76800.0
76800.0
77575.758
78367.347
77575.758
79175.258
77575.758
76039.604
76800.0
77575.758
77575.758
78367.347
77575.758
77575.758
77575.758
76800.0
75294.118
74563.107
76039.604
76039.604
76800.0
76800.0
77575.758
77575.758
77575.758
76039.604
75294.118
77575.758
77575.758
78367.347
121904.762
65084.746
75294.118
78367.347
76800.0
75294.118
77575.758
121904.762
64537.815
75294.118
78367.347
77575.758
79175.258
77575.758
75294.118
76039.604
78367.347
77575.758
78367.347
77575.758
78367.347
78367.347
76800.0
74563.107
76039.604
77575.758
77575.758
78367.347
79175.258
78367.347
79175.258
76800.0
75294.118
76039.604
76800.0
114626.866
64537.815
75294.118
77575.758
78367.347
77575.758
75294.118
76039.604
76800.0
76800.0
77575.758
112941.176
63471.074
75294.118
76800.0
75294.118
75294.118
77575.758
112941.176
64000.0
75294.118
77575.758
78367.347
79175.258
77575.758
77575.758
78367.347
123870.968
65641.026
76039.604
78367.347
78367.347
79175.258
77575.758
75294.118
76800.0
77575.758
77575.758
77575.758
112941.176
63471.074
74563.107
75294.118
73846.154
75294.118
76800.0
78367.347
76800.0
121904.762
63471.074
74563.107
76800.0
74563.107
76800.0
77575.758
78367.347
77575.758
78367.347
78367.347
112941.176
64000.0
71775.701
74563.107
76800.0
77575.758
76800.0
77575.758
77575.758
76800.0
77575.758
74563.107
76039.604
76800.0
77575.758
78367.347
79175.258
78367.347
78367.347
77575.758
114626.866
61935.484
73142.857
75294.118
76800.0
76800.0
76800.0
77575.758
78367.347
76039.604
74563.107
76800.0
77575.758
78367.347
77575.758
77575.758
77575.758
213333.333
123870.968
76039.604
75294.118
114626.866
63471.074
74563.107
76800.0
77575.758
78367.347
77575.758
114626.866
62439.024
73142.857
76800.0
76800.0
77575.758
77575.758
76800.0
77575.758
76039.604
73846.154
75294.118
76800.0
76800.0
76800.0
76800.0
78367.347
78367.347
76800.0
74563.107
76800.0
76800.0
77575.758
112941.176
63471.074
73846.154
76039.604
76039.604
73846.154
74563.107
76800.0
112941.176
63471.074
74563.107
77575.758
78367.347
76800.0
74563.107
76800.0
77575.758
77575.758
77575.758
78367.347
121904.762
64537.815
75294.118
76039.604
76800.0
77575.758
78367.347
112941.176
64537.815
75294.118
77575.758
76800.0
75294.118
75294.118
76800.0
77575.758
77575.758
78367.347
77575.758
77575.758
78367.347
76039.604
76039.604
76800.0
78367.347
78367.347
78367.347
77575.758
78367.347
77575.758
114626.866
62950.82
73846.154
77575.758
77575.758
78367.347
77575.758
78367.347
78367.347
76800.0
74563.107
76800.0
123870.968
64537.815
74563.107
77575.758
78367.347
78367.347
123870.968
63471.074
73846.154
77575.758
77575.758
78367.347
78367.347
77575.758
78367.347
76800.0
74563.107
76039.604
76039.604
77575.758
77575.758
78367.347
77575.758
78367.347
76800.0
75294.118
76039.604
76800.0
77575.758
77575.758
77575.758
78367.347
112941.176
65641.026
73142.857
76039.604
77575.758
77575.758
77575.758
77575.758
77575.758
77575.758
78367.347
114626.866
64000.0
74563.107
78367.347
112941.176
65641.026
76039.604
77575.758
78367.347
76800.0
74563.107
76800.0
76800.0
77575.758
77575.758
77575.758
77575.758
77575.758
76800.0
73846.154
114626.866
63471.074
74563.107
77575.758
77575.758
78367.347
123870.968
64000.0
71111.111
76039.604
77575.758
77575.758
77575.758
78367.347
121904.762
64000.0
74563.107
73846.154
76800.0
78367.347
79175.258
123870.968
65641.026
76039.604
79175.258
78367.347
76800.0
76800.0
77575.758
78367.347
77575.758
123870.968
64000.0
74563.107
77575.758
76800.0
75294.118
77575.758
77575.758
78367.347
78367.347
77575.758
78367.347
77575.758
76800.0
75294.118
76039.604
112941.176
64000.0
75294.118
76800.0
77575.758
78367.347
76800.0
75294.118
76039.604
76800.0
77575.758
77575.758
77575.758
112941.176
62950.82
74563.107
75294.118
76800.0
77575.758
79175.258
78367.347
79175.258
78367.347
79175.258
112941.176
64000.0
73142.857
78367.347
78367.347
79175.258
79175.258
78367.347
78367.347
77575.758
76039.604
75294.118
123870.968
63471.074
73846.154
77575.758
77575.758
78367.347
77575.758
76039.604
74563.107
76800.0
77575.758
76800.0
78367.347
78367.347
78367.347
77575.758
77575.758
74563.107
76039.604
77575.758
76800.0
78367.347
77575.758
78367.347
79175.258
76800.0
75294.118
77575.758
77575.758
112941.176
65641.026
76039.604
78367.347
79175.258
77575.758
75294.118
77575.758
77575.758
78367.347
78367.347
78367.347
78367.347
78367.347
77575.758
74563.107
76039.604
76800.0
78367.347
77575.758
78367.347
77575.758
78367.347
78367.347
74563.107
76039.604
78367.347
112941.176
64000.0
76039.604
77575.758
78367.347
78367.347
76800.0
76800.0
78367.347
79175.258
80000.0
112941.176
65641.026
76800.0
79175.258
77575.758
76800.0
79175.258
121904.762
66206.897
76039.604
78367.347
78367.347
78367.347
76800.0
74563.107
76039.604
76800.0
76800.0
112941.176
64000.0
75294.118
77575.758
78367.347
75294.118
77575.758
77575.758
78367.347
79175.258
77575.758
123870.968
64000.0
74563.107
74563.107
75294.118
76039.604
77575.758
76800.0
112941.176
64000.0
75294.118
78367.347
77575.758
76800.0
78367.347
78367.347
111304.348
65641.026
75294.118
77575.758
77575.758
76800.0
74563.107
76800.0
78367.347
78367.347
78367.347
78367.347
79175.258
79175.258
76800.0
123870.968
62950.82
73846.154
76800.0
78367.347
78367.347
112941.176
64537.815
74563.107
74563.107
75294.118
76800.0
77575.758
76800.0
121904.762
64000.0
73846.154
76800.0
75294.118
75294.118
77575.758
78367.347
77575.758
78367.347
78367.347
78367.347
77575.758
75294.118
76039.604
77575.758
77575.758
79175.258
78367.347
78367.347
78367.347
78367.347
76800.0
76039.604
77575.758
78367.347
77575.758
78367.347
78367.347
111304.348
64537.815
74563.107
75294.118
76800.0
78367.347
78367.347
78367.347
114626.866
65641.026
76800.0
77575.758
75294.118
78367.347
78367.347
80000.0
79175.258
79175.258
79175.258
80000.0
78367.347
76039.604
76800.0
78367.347
78367.347
80000.0
80000.0
79175.258
112941.176
65641.026
74563.107
76800.0
77575.758
79175.258
79175.258
78367.347
79175.258
79175.258
78367.347
77575.758
74563.107
114626.866
64000.0
76039.604
77575.758
78367.347
78367.347
123870.968
65084.746
73142.857
77575.758
78367.347
79175.258
79175.258
79175.258
79175.258
112941.176
65641.026
74563.107
76800.0
78367.347
79175.258
80000.0
80000.0
78367.347
80000.0
78367.347
76800.0
76039.604
78367.347
78367.347
79175.258
78367.347
79175.258
78367.347
78367.347
76800.0
75294.118
76800.0
78367.347
78367.347
78367.347
112941.176
65084.746
75294.118
76800.0
75294.118
76039.604
78367.347
123870.968
64537.815
75294.118
77575.758
78367.347
78367.347
76039.604
77575.758
78367.347
78367.347
79175.258
78367.347
79175.258
79175.258
112941.176
64000.0
73142.857
77575.758
79175.258
79175.258
80000.0
80000.0
80000.0
79175.258
123870.968
64000.0
74563.107
77575.758
77575.758
78367.347
78367.347
112941.176
64000.0
74563.107
73846.154
76800.0
76800.0
77575.758
78367.347
78367.347
78367.347
78367.347
77575.758
75294.118
76800.0
77575.758
78367.347
78367.347
79175.258
78367.347
79175.258
78367.347
76039.604
114626.866
64537.815
76039.604
79175.258
79175.258
111304.348
66206.897
76800.0
76800.0
76800.0
78367.347
79175.258
112941.176
65641.026
76800.0
78367.347
79175.258
78367.347
76039.604
78367.347
80000.0
123870.968
66782.609
76800.0
80000.0
80842.105
80000.0
78367.347
79175.258
121904.762
66782.609
76800.0
79175.258
79175.258
80000.0
79175.258
78367.347
76039.604
77575.758
78367.347
77575.758
78367.347
78367.347
77575.758
78367.347
76800.0
75294.118
77575.758
77575.758
78367.347
79175.258
77575.758
79175.258
78367.347
76800.0
74563.107
76800.0
77575.758
77575.758
78367.347
77575.758
78367.347
78367.347
78367.347
75294.118
123870.968
64537.815
76039.604
78367.347
79175.258
79175.258
79175.258
79175.258
76039.604
76039.604
123870.968
64000.0
74563.107
77575.758
77575.758
77575.758
77575.758
76800.0
76039.604
77575.758
78367.347
80000.0
79175.258
80000.0
80842.105
80000.0
78367.347
76039.604
114626.866
64537.815
76800.0
77575.758
79175.258
79175.258
80000.0
78367.347
76039.604
76800.0
112941.176
64537.815
75294.118
78367.347
78367.347
79175.258
79175.258
76800.0
77575.758
78367.347
112941.176
66206.897
76800.0
79175.258
80000.0
79175.258
79175.258
76039.604
77575.758
77575.758
79175.258
78367.347
79175.258
79175.258
80000.0
79175.258
112941.176
64537.815
75294.118
79175.258
79175.258
79175.258
79175.258
79175.258
79175.258
76039.604
76800.0
77575.758
79175.258
78367.347
79175.258
78367.347
79175.258
80842.105
78367.347
78367.347
80000.0
80842.105
80842.105
81702.128
81702.128
82580.645
82580.645
82580.645
79175.258
114626.866
67964.602
78367.347
80842.105
112941.176
68571.429
79175.258
80842.105
80000.0
80000.0
80842.105
82580.645
82580.645
82580.645
82580.645
82580.645
84395.604
114626.866
68571.429
76800.0
80842.105
82580.645
82580.645
82580.645
81702.128
112941.176
68571.429
77575.758
76800.0
79175.258
79175.258
114626.866
66206.897
76800.0
80000.0
79175.258
79175.258
77575.758
77575.758
78367.347
79175.258
79175.258
80000.0
112941.176
65641.026
76039.604
76800.0
76039.604
78367.347
79175.258
78367.347
123870.968
66206.897
76039.604
79175.258
77575.758
76039.604
76039.604
76800.0
77575.758
76800.0
76039.604
76039.604
76800.0
76039.604
73846.154
76039.604
77575.758
123870.968
65084.746
75294.118
78367.347
79175.258
79175.258
76800.0
76039.604
79175.258
78367.347
80000.0
79175.258
80000.0
80000.0
79175.258
78367.347
76800.0
79175.258
79175.258
80000.0
80000.0
80000.0
79175.258
112941.176
66206.897
74563.107
78367.347
79175.258
79175.258
80000.0
79175.258
79175.258
80000.0
112941.176
64537.815
75294.118
78367.347
80000.0
80000.0
80842.105
80000.0
80842.105
80000.0
78367.347
77575.758
80000.0
80000.0
80000.0
112941.176
67368.421
77575.758
80000.0
79175.258
76800.0
77575.758
114626.866
65084.746
76800.0
78367.347
79175.258
79175.258
78367.347
76039.604
76800.0
78367.347
79175.258
80000.0
79175.258
114626.866
65641.026
76800.0
76800.0
76039.604
76800.0
78367.347
78367.347
78367.347
77575.758
112941.176
63471.074
75294.118
76039.604
78367.347
80000.0
80000.0
80000.0
80000.0
80000.0
80842.105
112941.176
65084.746
76800.0
79175.258
80842.105
81702.128
81702.128
81702.128
80842.105
80842.105
114626.866
65084.746
76800.0
79175.258
80000.0
80000.0
80842.105
80000.0
123870.968
65641.026
73846.154
77575.758
78367.347
79175.258
78367.347
78367.347
79175.258
79175.258
78367.347
76039.604
76800.0
79175.258
78367.347
80000.0
80000.0
80842.105
80000.0
80842.105
77575.758
77575.758
78367.347
78367.347
80000.0
79175.258
79175.258
80000.0
112941.176
65641.026
73142.857
77575.758
79175.258
79175.258
79175.258
80000.0
80842.105
80000.0
80000.0
77575.758
78367.347
80000.0
80000.0
80000.0
112941.176
66782.609
77575.758
79175.258
78367.347
76800.0
79175.258
80000.0
80000.0
80000.0
80000.0
80000.0
80000.0
80000.0
78367.347
114626.866
66782.609
78367.347
80842.105
80842.105
80842.105
80842.105
80842.105
114626.866
64537.815
76039.604
78367.347
80000.0
123870.968
65641.026
76039.604
79175.258
79175.258
76039.604
78367.347
80000.0
109714.286
66206.897
77575.758
79175.258
80000.0
80000.0
77575.758
78367.347
79175.258
80000.0
80000.0
80842.105
80000.0
80842.105
80842.105
80842.105
78367.347
80000.0
81702.128
80842.105
81702.128
112941.176
67964.602
78367.347
80000.0
79175.258
80842.105
112941.176
69818.182
80000.0
82580.645
82580.645
82580.645
82580.645
81702.128
79175.258
81702.128
81702.128
82580.645
82580.645
83478.261
83478.261
84395.604
112941.176
71111.111
196923.077
130169.492
81702.128
83478.261
112941.176
70458.716
80842.105
81702.128
123870.968
68571.429
77575.758
79175.258
80842.105
80842.105
81702.128
81702.128
81702.128
80842.105
81702.128
79175.258
76800.0
123870.968
65084.746
76800.0
79175.258
79175.258
112941.176
66782.609
77575.758
77575.758
78367.347
78367.347
80842.105
112941.176
66782.609
78367.347
80000.0
80000.0
80000.0
77575.758
79175.258
81702.128
80000.0
80842.105
79175.258
112941.176
65084.746
76039.604
74563.107
76800.0
76800.0
156734.694
52602.74
78367.347
80000.0
80842.105
80842.105
79175.258
79175.258
123870.968
66782.609
77575.758
80000.0
80842.105
80000.0
80842.105
112941.176
64537.815
75294.118
78367.347
79175.258
79175.258
79175.258
80000.0
79175.258
79175.258
77575.758
77575.758
80000.0
80000.0
81702.128
80842.105
80842.105
111304.348
67964.602
77575.758
76800.0
79175.258
111304.348
66206.897
77575.758
79175.258
79175.258
80000.0
79175.258
76800.0
111304.348
64537.815
76039.604
77575.758
78367.347
77575.758
78367.347
78367.347
76039.604
77575.758
78367.347
80842.105
80000.0
80842.105
80842.105
80842.105
80000.0
79175.258
76039.604
78367.347
78367.347
78367.347
78367.347
78367.347
79175.258
79175.258
78367.347
75294.118
77575.758
78367.347
79175.258
79175.258
112941.176
64000.0
76039.604
77575.758
75294.118
76800.0
78367.347
112941.176
65641.026
76800.0
80000.0
80000.0
80000.0
78367.347
77575.758
78367.347
79175.258
79175.258
79175.258
80000.0
80000.0
80000.0
123870.968
64000.0
75294.118
79175.258
79175.258
80842.105
80842.105
80000.0
80842.105
80000.0
114626.866
64537.815
76800.0
79175.258
80000.0
80000.0
80842.105
80842.105
123870.968
65641.026
74563.107
78367.347
80000.0
80842.105
80842.105
80842.105
81702.128
81702.128
80842.105
78367.347
78367.347
79175.258
80000.0
80842.105
80000.0
80842.105
80000.0
80842.105
78367.347
78367.347
80000.0
112941.176
67964.602
78367.347
80842.105
80000.0
80842.105
78367.347
77575.758
78367.347
80000.0
80000.0
80842.105
111304.348
68571.429
78367.347
81702.128
79175.258
77575.758
80000.0
80000.0
80000.0
80000.0
80000.0
80000.0
80000.0
77575.758
114626.866
64000.0
76800.0
79175.258
123870.968
66782.609
78367.347
80842.105
80000.0
79175.258
78367.347
80000.0
80842.105
80842.105
80842.105
80842.105
80000.0
80842.105
79175.258
76800.0
79175.258
80000.0
80842.105
80842.105
81702.128
118153.846
66782.609
77575.758
76800.0
78367.347
79175.258
79175.258
79175.258
80000.0
79175.258
79175.258
79175.258
78367.347
76800.0
78367.347
80000.0
114626.866
66206.897
77575.758
80000.0
80842.105
79175.258
123870.968
65641.026
77575.758
80000.0
80842.105
125901.639
66206.897
77575.758
79175.258
78367.347
76039.604
77575.758
78367.347
78367.347
78367.347
78367.347
121904.762
65084.746
75294.118
76039.604
76800.0
79175.258
80000.0
79175.258
123870.968
65641.026
77575.758
79175.258
77575.758
77575.758
79175.258
79175.258
125901.639
65641.026
77575.758
79175.258
80000.0
77575.758
76800.0
78367.347
79175.258
79175.258
80000.0
79175.258
114626.866
65641.026
76800.0
75294.118
77575.758
78367.347
78367.347
79175.258
79175.258
79175.258
112941.176
65641.026
74563.107
76800.0
79175.258
80000.0
80000.0
125901.639
66782.609
78367.347
80842.105
79175.258
78367.347
80000.0
125901.639
67964.602
112941.176
60472.441
81702.128
80842.105
80842.105
79175.258
78367.347
80000.0
80000.0
80000.0
80842.105
79175.258
80000.0
80000.0
78367.347
76039.604
114626.866
65641.026
77575.758
79175.258
80842.105
80842.105
80842.105
80842.105
77575.758
79175.258
80000.0
80842.105
80842.105
112941.176
67964.602
78367.347
79175.258
79175.258
77575.758
79175.258
80842.105
80000.0
114626.866
66782.609
78367.347
80000.0
79175.258
76800.0
78367.347
80000.0
80000.0
80842.105
80842.105
80842.105
114626.866
67368.421
76039.604
77575.758
79175.258
80000.0
80000.0
80842.105
112941.176
67368.421
78367.347
79175.258
76800.0
79175.258
80000.0
80842.105
80842.105
80000.0
80000.0
80000.0
80000.0
76039.604
77575.758
123870.968
66782.609
77575.758
80000.0
80842.105
80842.105
81702.128
80000.0
77575.758
116363.636
67964.602
78367.347
81702.128
81702.128
81702.128
81702.128
81702.128
79175.258
80000.0
80842.105
81702.128
81702.128
81702.128
81702.128
82580.645
112941.176
68571.429
75294.118
79175.258
80000.0
80842.105
80842.105
80842.105
80842.105
123870.968
66206.897
76039.604
76039.604
79175.258
79175.258
80842.105
80842.105
81702.128
178604.651
307200.0
69189.189
130169.492
213333.333
80842.105
80842.105
81702.128
80000.0
80000.0
80842.105
79175.258
80000.0
79175.258
81702.128
76800.0
79175.258
80000.0
82580.645
76800.0
