62950.82
62950.82
63471.074
63471.074
63471.074
63471.074
63471.074
62950.82
60000.0
60472.441
59534.884
60000.0
60472.441
59534.884
59076.923
59076.923
59534.884
60000.0
60952.381
61440.0
60000.0
59534.884
61440.0
60952.381
60000.0
60952.381
61935.484
62439.024
61935.484
61935.484
61935.484
60000.0
61935.484
62950.82
62439.024
63471.074
62950.82
62950.82
64000.0
65084.746
65084.746
64537.815
64000.0
64537.815
64537.815
65641.026
64537.815
64000.0
65084.746
65641.026
65084.746
64000.0
62950.82
62439.024
62950.82
63471.074
64537.815
63471.074
63471.074
64537.815
65641.026
65084.746
65084.746
64537.815
65084.746
66206.897
66782.609
65084.746
65084.746
63471.074
64000.0
64000.0
64537.815
62950.82
63471.074
64000.0
65641.026
65641.026
65084.746
65641.026
65084.746
65084.746
66206.897
66782.609
65641.026
65641.026
65084.746
64537.815
60952.381
63471.074
65084.746
64000.0
63471.074
63471.074
64000.0
64000.0
64000.0
63471.074
64537.815
64537.815
65641.026
65084.746
65084.746
66206.897
66782.609
66782.609
67368.421
68571.429
70458.716
71111.111
72452.83
71775.701
73142.857
72452.83
73142.857
74563.107
73846.154
73846.154
73142.857
73142.857
73142.857
72452.83
73142.857
71775.701
71111.111
71111.111
70458.716
71111.111
71775.701
71775.701
71111.111
72452.83
71775.701
71111.111
71775.701
71775.701
71775.701
69189.189
69189.189
70458.716
70458.716
71111.111
65084.746
63471.074
60472.441
60472.441
58625.954
57744.361
57744.361
60000.0
60000.0
58625.954
58625.954
59534.884
60472.441
61440.0
61440.0
61440.0
61935.484
61440.0
62439.024
61935.484
62439.024
63471.074
64000.0
64537.815
65084.746
63471.074
62950.82
63471.074
62950.82
64537.815
64000.0
62439.024
64000.0
64000.0
62439.024
61440.0
60952.381
61935.484
60472.441
60952.381
61440.0
60472.441
60472.441
60472.441
61935.484
61440.0
62439.024
61440.0
62439.024
62439.024
62439.024
60952.381
61935.484
62439.024
62439.024
62950.82
62950.82
62950.82
62950.82
63471.074
63471.074
62439.024
61935.484
62950.82
60000.0
61440.0
62439.024
64000.0
64537.815
64537.815
64537.815
65084.746
64537.815
64537.815
63471.074
62950.82
63471.074
64000.0
64000.0
63471.074
65641.026
67368.421
68571.429
70458.716
71111.111
72452.83
73142.857
73142.857
74563.107
74563.107
74563.107
75294.118
74563.107
75294.118
74563.107
75294.118
74563.107
75294.118
73846.154
74563.107
73846.154
73846.154
71775.701
71111.111
69189.189
69189.189
67368.421
65084.746
62950.82
61935.484
62439.024
62950.82
64000.0
62950.82
62439.024
62439.024
61935.484
63471.074
62439.024
62439.024
61935.484
61440.0
62439.024
61440.0
60472.441
60000.0
61935.484
61440.0
61935.484
60952.381
61440.0
62950.82
63471.074
64537.815
63471.074
63471.074
63471.074
63471.074
63471.074
63471.074
61440.0
63471.074
63471.074
64000.0
64537.815
63471.074
64000.0
64000.0
64537.815
61935.484
62950.82
64537.815
62439.024
61935.484
61440.0
60952.381
61935.484
60472.441
60952.381
60472.441
60952.381
60952.381
61935.484
61935.484
61935.484
63471.074
64000.0
65084.746
64537.815
64537.815
64000.0
63471.074
62950.82
61935.484
61935.484
61935.484
61440.0
61440.0
61440.0
62439.024
60952.381
61440.0
59534.884
59534.884
60000.0
59534.884
60952.381
60000.0
61440.0
62439.024
62950.82
64000.0
62950.82
64000.0
60952.381
62439.024
64537.815
64000.0
65084.746
65641.026
66206.897
66782.609
67964.602
68571.429
69818.182
68571.429
67964.602
67368.421
65641.026
64537.815
64000.0
61935.484
61935.484
61440.0
62439.024
63471.074
62950.82
62439.024
62950.82
64000.0
63471.074
61935.484
62439.024
60952.381
61935.484
62439.024
60952.381
60952.381
61935.484
61935.484
61440.0
61935.484
61935.484
60952.381
63471.074
61935.484
62950.82
62439.024
62950.82
64000.0
64000.0
64000.0
64537.815
64000.0
64537.815
64000.0
65084.746
65641.026
65084.746
65084.746
64537.815
62439.024
63471.074
62950.82
61935.484
63471.074
62439.024
62950.82
62950.82
60952.381
60952.381
60472.441
61935.484
60952.381
60952.381
60952.381
58625.954
60952.381
61935.484
62439.024
64000.0
64000.0
65084.746
64537.815
64537.815
65084.746
64000.0
61935.484
58625.954
61935.484
61935.484
62439.024
60952.381
61935.484
62439.024
61935.484
62950.82
60952.381
61440.0
60472.441
61440.0
61440.0
61440.0
61440.0
60472.441
60952.381
60472.441
60000.0
59534.884
59534.884
60472.441
60952.381
61440.0
60000.0
61935.484
60472.441
62950.82
63471.074
64000.0
64000.0
64000.0
64537.815
64537.815
65641.026
66206.897
67368.421
67368.421
69818.182
69818.182
69818.182
69818.182
68571.429
67368.421
66206.897
65084.746
62950.82
60952.381
60000.0
60000.0
56888.889
56888.889
57744.361
59534.884
60472.441
59534.884
60000.0
60952.381
60952.381
62439.024
62439.024
61440.0
61935.484
61935.484
62439.024
61935.484
61440.0
60000.0
59534.884
62439.024
61440.0
60000.0
62439.024
62439.024
62950.82
64000.0
64000.0
64000.0
64537.815
65084.746
65641.026
65084.746
65084.746
64000.0
63471.074
63471.074
62950.82
61935.484
61440.0
61440.0
61935.484
61935.484
61440.0
60000.0
60000.0
60952.381
61440.0
60472.441
60000.0
60952.381
61440.0
61440.0
73846.154
66782.609
72452.83
78367.347
43389.831
58181.818
60952.381
62950.82
62439.024
62950.82
63471.074
62950.82
60000.0
60000.0
59076.923
59076.923
54857.143
57313.433
58625.954
58181.818
59534.884
57744.361
59076.923
59534.884
61440.0
60952.381
60472.441
61440.0
61935.484
62950.82
60952.381
61440.0
60952.381
62439.024
61935.484
62439.024
62950.82
64000.0
66206.897
67368.421
69818.182
69818.182
71111.111
72452.83
73142.857
73846.154
73142.857
73846.154
72452.83
71775.701
71111.111
70458.716
68571.429
67964.602
65084.746
64000.0
64537.815
64537.815
64000.0
61935.484
61935.484
60952.381
60472.441
60000.0
57744.361
56888.889
57744.361
58625.954
59076.923
57313.433
57744.361
59534.884
59076.923
60472.441
60000.0
58625.954
60472.441
61440.0
60000.0
59534.884
58625.954
58181.818
58625.954
56888.889
56058.394
56888.889
56888.889
58181.818
56470.588
57744.361
58625.954
59076.923
59534.884
57744.361
57744.361
57744.361
59076.923
59534.884
59076.923
60472.441
60952.381
61935.484
60952.381
60952.381
62439.024
62439.024
62950.82
60472.441
60952.381
61935.484
60472.441
60472.441
58625.954
59076.923
59534.884
59076.923
59076.923
57313.433
57744.361
58181.818
59076.923
60000.0
59534.884
59534.884
60000.0
60472.441
60952.381
59534.884
60000.0
60952.381
60952.381
60952.381
61440.0
60952.381
61935.484
62950.82
61935.484
60000.0
60952.381
61935.484
61440.0
58625.954
59076.923
57744.361
60472.441
62439.024
62439.024
63471.074
64000.0
63471.074
64537.815
62950.82
64537.815
65084.746
64000.0
65641.026
67368.421
67368.421
67964.602
66782.609
69189.189
68571.429
68571.429
69189.189
69189.189
69818.182
69818.182
71111.111
70458.716
70458.716
69189.189
69818.182
67964.602
67368.421
67964.602
66206.897
66206.897
65084.746
65641.026
65084.746
62950.82
61440.0
60472.441
60472.441
60952.381
59076.923
58181.818
60000.0
58181.818
59534.884
60952.381
61935.484
62950.82
62950.82
64000.0
65084.746
64537.815
63471.074
63471.074
62950.82
61935.484
61935.484
60472.441
61440.0
60472.441
59534.884
60000.0
59534.884
60000.0
58625.954
58625.954
58625.954
60000.0
60000.0
58625.954
58625.954
57744.361
59534.884
60000.0
59076.923
57313.433
57744.361
57313.433
59534.884
59076.923
58181.818
58181.818
60000.0
60472.441
60472.441
58625.954
60000.0
60472.441
60472.441
60000.0
60000.0
60952.381
61935.484
62439.024
61935.484
61440.0
61935.484
62950.82
61935.484
61440.0
59534.884
60472.441
61440.0
58625.954
59076.923
58625.954
59534.884
60472.441
59534.884
60000.0
61440.0
61935.484
61440.0
60472.441
61935.484
61935.484
61935.484
60952.381
60472.441
60472.441
60952.381
61440.0
60000.0
60000.0
60952.381
60952.381
61440.0
60952.381
61935.484
61935.484
62439.024
63471.074
59076.923
61935.484
63471.074
62439.024
63471.074
63471.074
61440.0
64000.0
64000.0
64537.815
64537.815
62439.024
65084.746
65641.026
66782.609
68571.429
69189.189
69818.182
71111.111
71111.111
71111.111
69818.182
69189.189
69189.189
69189.189
68571.429
68571.429
67964.602
68571.429
67964.602
67368.421
67964.602
66206.897
66206.897
65084.746
64000.0
61440.0
60000.0
59534.884
60000.0
58181.818
58181.818
57313.433
58625.954
58181.818
59076.923
60472.441
59534.884
61935.484
62439.024
64000.0
64000.0
64537.815
65641.026
65084.746
64537.815
64000.0
64000.0
64537.815
64000.0
63471.074
62950.82
61440.0
62439.024
60000.0
60000.0
60952.381
61440.0
61935.484
59076.923
59534.884
59534.884
58625.954
59076.923
59534.884
57744.361
58181.818
59076.923
58625.954
59076.923
59076.923
60000.0
59076.923
59534.884
60000.0
60472.441
59534.884
60472.441
61440.0
61440.0
61440.0
60472.441
61440.0
61935.484
60472.441
59534.884
59534.884
59534.884
60472.441
58625.954
60000.0
60472.441
60952.381
59076.923
59534.884
59534.884
60952.381
60952.381
59076.923
60472.441
60472.441
61440.0
61440.0
60952.381
61440.0
61440.0
63471.074
62950.82
62439.024
61935.484
61440.0
62439.024
61935.484
61935.484
60952.381
61935.484
62439.024
61440.0
61440.0
61935.484
63471.074
62950.82
63471.074
62439.024
62439.024
61935.484
61440.0
60952.381
60952.381
60472.441
60472.441
59534.884
59076.923
60472.441
60952.381
61440.0
60952.381
61440.0
62439.024
62950.82
62950.82
62950.82
61935.484
62950.82
61935.484
61440.0
61440.0
61935.484
62950.82
64000.0
63471.074
61440.0
60472.441
60952.381
61935.484
60000.0
59076.923
59076.923
59534.884
61440.0
59534.884
58625.954
60952.381
59076.923
58181.818
61440.0
61440.0
61440.0
61935.484
62439.024
62439.024
63471.074
62950.82
62950.82
60000.0
61440.0
60000.0
60000.0
59534.884
59534.884
59534.884
60000.0
59534.884
60000.0
60000.0
60472.441
60472.441
61440.0
60472.441
62439.024
62439.024
62950.82
62439.024
62950.82
62950.82
62439.024
62439.024
61935.484
61935.484
63471.074
61440.0
61935.484
61935.484
60000.0
64000.0
62950.82
61440.0
63471.074
62439.024
61935.484
61935.484
60000.0
60000.0
60000.0
60952.381
58625.954
58181.818
58181.818
58181.818
60000.0
57313.433
58181.818
58625.954
59534.884
59534.884
60000.0
60000.0
60952.381
61935.484
61935.484
61440.0
62950.82
63471.074
62950.82
62950.82
61935.484
63471.074
64000.0
62439.024
64000.0
63471.074
64000.0
64000.0
62439.024
63471.074
62439.024
63471.074
62439.024
61935.484
60472.441
60952.381
61440.0
60472.441
59534.884
60000.0
60952.381
61935.484
61440.0
58625.954
61440.0
62439.024
63471.074
62950.82
62439.024
63471.074
62950.82
64537.815
64000.0
62439.024
62439.024
61935.484
62950.82
62950.82
61935.484
61935.484
60952.381
61935.484
61935.484
60000.0
60472.441
59534.884
59076.923
59076.923
58181.818
58181.818
59076.923
58625.954
58625.954
58625.954
59534.884
59076.923
59076.923
56888.889
58625.954
60952.381
60952.381
60952.381
61440.0
60472.441
60952.381
60000.0
60472.441
60472.441
59076.923
60472.441
59534.884
60472.441
60952.381
61440.0
61440.0
61935.484
61935.484
61440.0
60952.381
62439.024
62950.82
62439.024
61935.484
61935.484
61935.484
62950.82
61440.0
60000.0
61440.0
61935.484
61440.0
61935.484
61440.0
61935.484
63471.074
59534.884
61440.0
61935.484
68571.429
57313.433
60952.381
60952.381
61440.0
62439.024
62439.024
62439.024
61935.484
61935.484
62950.82
62950.82
60952.381
60472.441
61440.0
61440.0
61440.0
59076.923
60472.441
60952.381
61440.0
62439.024
61935.484
62439.024
62950.82
61935.484
61440.0
60952.381
61440.0
61935.484
62439.024
62439.024
61935.484
60472.441
62950.82
63471.074
62439.024
62950.82
62439.024
63471.074
63471.074
64000.0
64537.815
66206.897
68571.429
69818.182
71111.111
71111.111
73142.857
73846.154
73142.857
74563.107
74563.107
73846.154
73846.154
73846.154
73846.154
73142.857
72452.83
72452.83
71775.701
71775.701
71111.111
71775.701
70458.716
69189.189
67964.602
65641.026
60472.441
61935.484
60472.441
61440.0
61440.0
59534.884
59076.923
59076.923
59534.884
59534.884
59534.884
57744.361
56058.394
60472.441
60952.381
61935.484
60952.381
60000.0
59076.923
59076.923
59534.884
59534.884
57744.361
58181.818
58625.954
59534.884
59076.923
58625.954
58181.818
57313.433
59534.884
59076.923
60952.381
60000.0
61935.484
60952.381
61935.484
61935.484
61440.0
60472.441
60952.381
61440.0
61935.484
61440.0
60472.441
61440.0
61440.0
61440.0
61440.0
61440.0
61935.484
63471.074
64000.0
63471.074
60952.381
61440.0
60000.0
60952.381
59076.923
59534.884
60000.0
61440.0
60952.381
60472.441
60000.0
59534.884
60000.0
60472.441
60472.441
60000.0
59534.884
60472.441
60000.0
60000.0
61440.0
60952.381
62950.82
61935.484
63471.074
62950.82
65084.746
65084.746
66206.897
66782.609
68571.429
68571.429
67964.602
66782.609
66782.609
67964.602
66206.897
67964.602
67368.421
67964.602
67964.602
67368.421
67368.421
67368.421
67964.602
67368.421
66782.609
66206.897
65641.026
65084.746
64000.0
62439.024
60952.381
60472.441
59076.923
60952.381
60952.381
59534.884
60472.441
61935.484
61935.484
61935.484
62439.024
64537.815
64537.815
63471.074
64537.815
62950.82
60952.381
59534.884
59076.923
58625.954
60472.441
58625.954
58625.954
58625.954
59534.884
60472.441
59076.923
59534.884
60472.441
59534.884
60472.441
59534.884
59076.923
61440.0
61935.484
59534.884
60472.441
57744.361
61935.484
62439.024
62950.82
61935.484
62439.024
62950.82
62439.024
62950.82
61935.484
61440.0
60472.441
60000.0
61440.0
60952.381
60000.0
60472.441
60472.441
60000.0
59076.923
57744.361
60472.441
60472.441
60952.381
61440.0
60952.381
60000.0
61935.484
61935.484
61440.0
61440.0
61935.484
61935.484
60952.381
60952.381
60000.0
61440.0
62439.024
59076.923
61440.0
61935.484
60472.441
60952.381
61440.0
60472.441
61935.484
62950.82
60952.381
60952.381
60952.381
60472.441
61440.0
60472.441
60000.0
59076.923
59076.923
60472.441
59534.884
58181.818
60000.0
59534.884
60000.0
60000.0
60000.0
60472.441
61440.0
61935.484
61440.0
60952.381
61935.484
60952.381
60952.381
60000.0
60472.441
60952.381
60952.381
61440.0
61440.0
60952.381
61440.0
61935.484
61935.484
60472.441
61440.0
60472.441
60472.441
60472.441
60472.441
59534.884
59534.884
60472.441
59076.923
59534.884
60952.381
59534.884
60952.381
61440.0
61440.0
61935.484
62439.024
62950.82
61440.0
61440.0
61935.484
62439.024
62950.82
61440.0
60472.441
62439.024
62439.024
62439.024
62950.82
62950.82
63471.074
62439.024
62950.82
61935.484
62439.024
61935.484
62439.024
60472.441
61440.0
60952.381
61440.0
61440.0
59534.884
60000.0
60952.381
60472.441
60472.441
61440.0
60000.0
61935.484
60952.381
60000.0
59534.884
59076.923
59076.923
60472.441
60472.441
59534.884
60472.441
61440.0
60000.0
60952.381
60952.381
61935.484
61935.484
61440.0
61440.0
62439.024
61935.484
60952.381
62439.024
61440.0
60952.381
61935.484
60952.381
60472.441
61935.484
60952.381
60472.441
60952.381
58181.818
61440.0
62439.024
61935.484
61935.484
60952.381
61440.0
61935.484
60472.441
60472.441
59534.884
59076.923
59534.884
59534.884
58625.954
59534.884
60472.441
60472.441
60472.441
59534.884
60472.441
61440.0
61440.0
61440.0
60472.441
61440.0
61935.484
62439.024
61935.484
62439.024
62439.024
62439.024
61935.484
61440.0
61440.0
61440.0
61440.0
60472.441
61440.0
58625.954
60952.381
62439.024
62439.024
62439.024
61935.484
61935.484
61935.484
60952.381
60952.381
61440.0
61935.484
61440.0
60952.381
60472.441
60472.441
58625.954
60472.441
60472.441
60472.441
60000.0
59534.884
59534.884
59534.884
61935.484
62439.024
62439.024
62439.024
62950.82
63471.074
64000.0
62439.024
62950.82
61935.484
62950.82
63471.074
62950.82
61935.484
61935.484
60472.441
58625.954
59534.884
59534.884
60000.0
58625.954
58181.818
57744.361
58181.818
56058.394
60472.441
60952.381
62439.024
62439.024
63471.074
64537.815
65084.746
66206.897
66206.897
67368.421
66782.609
66206.897
62950.82
59076.923
54857.143
56888.889
61440.0
61440.0
64000.0
65641.026
66206.897
67964.602
67368.421
67368.421
65641.026
65641.026
61935.484
58181.818
51543.624
53333.333
51891.892
47701.863
44137.931
39384.615
34751.131
30476.19
30476.19
4776.119
41069.519
50526.316
54468.085
59076.923
60472.441
64000.0
65084.746
66782.609
67964.602
68571.429
69189.189
67368.421
66782.609
66206.897
65084.746
64000.0
62950.82
61935.484
60000.0
58625.954
57744.361
59076.923
60000.0
60000.0
61440.0
59534.884
60000.0
57744.361
56888.889
56058.394
55251.799
54857.143
57313.433
56470.588
56470.588
55652.174
54857.143
54857.143
53706.294
53706.294
52244.898
51891.892
51543.624
51543.624
51543.624
51200.0
52244.898
51891.892
55251.799
56058.394
55251.799
55251.799
54857.143
53333.333
58181.818
59534.884
62950.82
66206.897
274285.714
137142.857
92530.12
111304.348
58181.818
70458.716
102400.0
307200.0
71775.701
73142.857
71111.111
71111.111
69818.182
69189.189
67964.602
66782.609
63471.074
64000.0
61935.484
59534.884
55251.799
56058.394
56888.889
58181.818
57313.433
56470.588
56058.394
54084.507
52602.74
50860.927
49548.387
50526.316
51200.0
54084.507
55251.799
55652.174
56058.394
55251.799
51200.0
52244.898
48917.197
51543.624
51543.624
52244.898
54857.143
56058.394
55652.174
55251.799
54857.143
55251.799
55652.174
54468.085
54857.143
56888.889
56058.394
55251.799
54084.507
55652.174
55251.799
53333.333
54084.507
53706.294
54857.143
54857.143
55251.799
55652.174
56888.889
54857.143
54468.085
56058.394
56058.394
56058.394
56058.394
55652.174
56888.889
56888.889
56470.588
55251.799
54084.507
55251.799
53706.294
54468.085
54084.507
55652.174
53333.333
52965.517
54084.507
55251.799
56470.588
56888.889
58181.818
58625.954
59534.884
59534.884
59076.923
58625.954
59076.923
58181.818
57313.433
58181.818
57313.433
58181.818
59076.923
59534.884
61935.484
60952.381
59076.923
58625.954
58181.818
57313.433
58181.818
56470.588
56888.889
57744.361
60000.0
62439.024
61935.484
61440.0
61440.0
58181.818
58181.818
57313.433
55251.799
55251.799
54084.507
52602.74
52965.517
53333.333
53706.294
54084.507
52244.898
52602.74
53706.294
53333.333
55652.174
55652.174
61935.484
83478.261
