170454.545
154639.175
130434.783
113636.364
106382.979
157894.737
114503.817
157894.737
115384.615
166666.667
109489.051
164835.165
111111.111
170454.545
111940.299
164835.165
107913.669
164835.165
111111.111
163043.478
111940.299
166666.667
122950.82
142857.143
178571.429
117187.5
136363.636
133928.571
153061.224
147058.824
234375.0
168539.326
110294.118
164835.165
111111.111
164835.165
111111.111
164835.165
115384.615
163043.478
133928.571
156250.0
96774.194
163043.478
111940.299
168539.326
108695.652
164835.165
111111.111
163043.478
111940.299
157894.737
129310.345
153061.224
161290.323
110294.118
154639.175
123966.942
150000.0
92592.593
166666.667
110294.118
163043.478
111940.299
166666.667
110294.118
163043.478
111940.299
161290.323
130434.783
147058.824
163043.478
230769.231
202702.703
109489.051
166666.667
110294.118
164835.165
110294.118
164835.165
111111.111
164835.165
111111.111
163043.478
125000.0
144230.769
178571.429
62240.664
135135.135
145631.068
92592.593
166666.667
109489.051
163043.478
112781.955
166666.667
110294.118
164835.165
111111.111
163043.478
111940.299
168539.326
107913.669
161290.323
123966.942
69767.442
70422.535
131578.947
172413.793
154639.175
78534.031
157894.737
113636.364
170454.545
108695.652
161290.323
168539.326
94936.709
164835.165
110294.118
161290.323
128205.128
116279.07
131578.947
148514.851
118110.236
161290.323
110294.118
151515.152
113636.364
159574.468
109489.051
157894.737
110294.118
159574.468
109489.051
161290.323
107913.669
161290.323
138888.889
120000.0
128205.128
156250.0
98684.211
163043.478
138888.889
120967.742
129310.345
147058.824
102739.726
163043.478
140186.916
120000.0
131578.947
153061.224
101351.351
153061.224
140186.916
153061.224
148514.851
150000.0
140186.916
79787.234
159574.468
111940.299
170454.545
107142.857
168539.326
108695.652
164835.165
109489.051
164835.165
128205.128
147058.824
157894.737
92592.593
161290.323
132743.363
131578.947
132743.363
151515.152
111940.299
140186.916
120967.742
172413.793
138888.889
97402.597
168539.326
109489.051
163043.478
127118.644
141509.434
178571.429
108695.652
151515.152
131578.947
148514.851
91463.415
163043.478
132743.363
132743.363
130434.783
151515.152
104166.667
163043.478
135135.135
128205.128
130434.783
153061.224
104166.667
164835.165
127118.644
136363.636
127118.644
153061.224
105633.803
163043.478
140186.916
123966.942
130434.783
306122.449
306122.449
104166.667
161290.323
141509.434
122950.82
132743.363
154639.175
153061.224
129310.345
118110.236
103448.276
163043.478
112781.955
164835.165
126050.42
151515.152
163043.478
92024.54
163043.478
141509.434
122950.82
132743.363
157894.737
148514.851
148514.851
109489.051
150000.0
93750.0
161290.323
141509.434
125000.0
133928.571
153061.224
144230.769
150000.0
88757.396
159574.468
138888.889
128205.128
130434.783
153061.224
103448.276
163043.478
138888.889
125000.0
140186.916
144230.769
159574.468
116279.07
100671.141
161290.323
111940.299
170454.545
109489.051
164835.165
126050.42
153061.224
161290.323
109489.051
153061.224
122950.82
154639.175
128205.128
96774.194
163043.478
113636.364
164835.165
109489.051
163043.478
111940.299
168539.326
109489.051
164835.165
126050.42
141509.434
178571.429
91463.415
163043.478
133928.571
129310.345
132743.363
150000.0
122950.82
172413.793
92024.54
159574.468
133928.571
132743.363
258620.69
258620.69
156250.0
147058.824
94936.709
166666.667
111111.111
168539.326
108695.652
164835.165
126050.42
151515.152
161290.323
109489.051
148514.851
127118.644
151515.152
129310.345
95541.401
163043.478
111940.299
168539.326
109489.051
164835.165
128205.128
151515.152
159574.468
113636.364
103448.276
159574.468
113636.364
164835.165
126050.42
153061.224
161290.323
108695.652
153061.224
131578.947
157894.737
88757.396
161290.323
144230.769
122950.82
130434.783
151515.152
111940.299
174418.605
100000.0
163043.478
133928.571
136363.636
147058.824
142857.143
96153.846
159574.468
140186.916
136363.636
135135.135
142857.143
123966.942
154639.175
93750.0
161290.323
141509.434
123966.942
130434.783
151515.152
111111.111
178571.429
144230.769
138888.889
92592.593
141509.434
340909.091
333333.333
113636.364
156250.0
102739.726
161290.323
113636.364
168539.326
109489.051
168539.326
122950.82
157894.737
125000.0
107913.669
164835.165
135135.135
130434.783
154639.175
140186.916
96153.846
159574.468
141509.434
125000.0
129310.345
156250.0
151515.152
150000.0
86206.897
157894.737
113636.364
170454.545
108695.652
164835.165
111111.111
164835.165
111111.111
163043.478
111940.299
333333.333
326086.957
110294.118
163043.478
156250.0
136363.636
117187.5
176470.588
130434.783
90361.446
161290.323
113636.364
166666.667
109489.051
166666.667
123966.942
156250.0
159574.468
117187.5
140186.916
96774.194
164835.165
138888.889
126050.42
142857.143
148514.851
121951.22
156250.0
93167.702
157894.737
141509.434
131578.947
141509.434
142857.143
123966.942
156250.0
92592.593
161290.323
141509.434
127118.644
138888.889
161290.323
130434.783
164835.165
83333.333
163043.478
111940.299
166666.667
111111.111
163043.478
111940.299
164835.165
123966.942
151515.152
166666.667
92024.54
159574.468
144230.769
122950.82
132743.363
151515.152
123966.942
166666.667
130434.783
94339.623
163043.478
111940.299
170454.545
109489.051
164835.165
125000.0
154639.175
159574.468
129310.345
92592.593
161290.323
112781.955
159574.468
113636.364
161290.323
129310.345
150000.0
164835.165
109489.051
106382.979
161290.323
112781.955
166666.667
110294.118
166666.667
110294.118
163043.478
111111.111
161290.323
112781.955
166666.667
108695.652
164835.165
123966.942
144230.769
176470.588
91463.415
161290.323
141509.434
122950.82
130434.783
116279.07
85227.273
90909.091
154639.175
555555.556
1045.733
42857.143
71770.335
61475.41
127118.644
142857.143
69767.442
85714.286
140186.916
153061.224
53956.835
66964.286
67567.568
107142.857
53956.835
59760.956
67264.574
147058.824
122950.82
88235.294
135135.135
90909.091
67264.574
66964.286
83798.883
56603.774
63291.139
65502.183
69124.424
61224.49
170454.545
100000.0
86705.202
59523.81
98684.211
104895.105
107913.669
122950.82
82417.582
53763.441
60483.871
62500.0
56818.182
86206.897
170454.545
57692.308
60240.964
61983.471
65502.183
178571.429
107913.669
62240.664
62240.664
150000.0
100671.141
64102.564
93750.0
197368.421
54744.526
61728.395
61475.41
58823.529
61983.471
58139.535
55555.556
60240.964
223880.597
69444.444
54945.055
64655.172
70093.458
48387.097
57915.058
75376.884
102739.726
65217.391
81081.081
81081.081
81967.213
86206.897
78125.0
83798.883
82417.582
82872.928
86206.897
82417.582
84269.663
84745.763
85714.286
119047.619
81967.213
66964.286
82872.928
80645.161
81521.739
80213.904
78947.368
78125.0
79365.079
78534.031
79365.079
78947.368
79787.234
81081.081
82872.928
79787.234
80645.161
99337.748
72463.768
81521.739
84745.763
84269.663
84745.763
137614.679
62500.0
86206.897
86206.897
86206.897
87209.302
87719.298
101351.351
80213.904
87719.298
47619.048
127118.644
64935.065
131578.947
69767.442
118110.236
81521.739
103448.276
77319.588
118110.236
137614.679
62240.664
121951.22
77319.588
150000.0
70093.458
115384.615
80645.161
153061.224
69124.424
154639.175
129310.345
205479.452
144230.769
89285.714
132743.363
133928.571
189873.418
89285.714
263157.895
151515.152
150000.0
137614.679
72115.385
129310.345
72463.768
161290.323
74257.426
153061.224
187500.0
104166.667
163043.478
88235.294
153061.224
85714.286
154639.175
88235.294
159574.468
97402.597
142857.143
85714.286
159574.468
94936.709
60728.745
154639.175
99337.748
154639.175
102040.816
156250.0
98684.211
159574.468
101351.351
157894.737
105633.803
159574.468
106382.979
159574.468
106382.979
151515.152
110294.118
153061.224
111111.111
157894.737
108695.652
161290.323
108695.652
154639.175
111111.111
131578.947
144230.769
84269.663
68807.339
86705.202
166666.667
133928.571
153061.224
180722.892
141509.434
145631.068
142857.143
145631.068
142857.143
154639.175
154639.175
131578.947
148514.851
126050.42
159574.468
136363.636
136363.636
166666.667
125000.0
137614.679
159574.468
141509.434
140186.916
151515.152
164835.165
147058.824
144230.769
135135.135
140186.916
159574.468
150000.0
145631.068
140186.916
145631.068
150000.0
147058.824
153061.224
151515.152
142857.143
154639.175
156250.0
147058.824
170454.545
145631.068
145631.068
163043.478
140186.916
168539.326
157894.737
136363.636
163043.478
159574.468
145631.068
164835.165
150000.0
142857.143
163043.478
150000.0
145631.068
156250.0
164835.165
151515.152
161290.323
156250.0
144230.769
147058.824
151515.152
145631.068
148514.851
154639.175
172413.793
144230.769
148514.851
140186.916
144230.769
145631.068
333333.333
333333.333
137614.679
151515.152
145631.068
145631.068
145631.068
148514.851
147058.824
211267.606
208333.333
39164.491
180722.892
178571.429
192307.692
150000.0
178571.429
170454.545
178571.429
182926.829
156250.0
180722.892
170454.545
147058.824
172413.793
185185.185
156250.0
161290.323
192307.692
172413.793
157894.737
166666.667
142857.143
166666.667
208333.333
138888.889
172413.793
174418.605
157894.737
168539.326
166666.667
166666.667
153061.224
187500.0
172413.793
145631.068
161290.323
189873.418
164835.165
132743.363
154639.175
211267.606
166666.667
154639.175
180722.892
170454.545
156250.0
180722.892
156250.0
141509.434
187500.0
161290.323
168539.326
174418.605
161290.323
151515.152
172413.793
135135.135
159574.468
170454.545
156250.0
161290.323
197368.421
157894.737
168539.326
128205.128
176470.588
174418.605
142857.143
176470.588
151515.152
174418.605
163043.478
136363.636
144230.769
208333.333
127118.644
150000.0
140186.916
172413.793
161290.323
132743.363
192307.692
140186.916
136363.636
192307.692
136363.636
151515.152
180722.892
140186.916
135135.135
166666.667
157894.737
168539.326
148514.851
159574.468
126050.42
187500.0
123966.942
202702.703
127118.644
