93658.537
97215.19
160000.0
88275.862
147692.308
65084.746
80842.105
153600.0
64000.0
84395.604
153600.0
62439.024
125901.639
66206.897
101052.632
98461.538
92530.12
92530.12
92530.12
93658.537
96000.0
97215.19
97215.19
156734.694
63471.074
86292.135
156734.694
84395.604
88275.862
153600.0
61935.484
84395.604
156734.694
64537.815
93658.537
93658.537
90352.941
91428.571
93658.537
94814.815
96000.0
94814.815
93658.537
91428.571
94814.815
96000.0
97215.19
96000.0
94814.815
92530.12
93658.537
94814.815
97215.19
97215.19
94814.815
93658.537
93658.537
96000.0
98461.538
96000.0
96000.0
93658.537
92530.12
93658.537
96000.0
98461.538
96000.0
94814.815
92530.12
93658.537
94814.815
98461.538
97215.19
94814.815
94814.815
153600.0
63471.074
83478.261
160000.0
63471.074
86292.135
90352.941
92530.12
94814.815
97215.19
96000.0
93658.537
91428.571
92530.12
97215.19
97215.19
96000.0
93658.537
92530.12
93658.537
94814.815
96000.0
96000.0
96000.0
91428.571
93658.537
94814.815
97215.19
97215.19
96000.0
93658.537
92530.12
93658.537
97215.19
97215.19
97215.19
93658.537
92530.12
93658.537
94814.815
94814.815
97215.19
94814.815
93658.537
92530.12
94814.815
96000.0
97215.19
97215.19
93658.537
92530.12
93658.537
96000.0
98461.538
97215.19
94814.815
92530.12
93658.537
94814.815
96000.0
97215.19
97215.19
93658.537
92530.12
94814.815
96000.0
97215.19
97215.19
92530.12
91428.571
93658.537
163404.255
114626.866
163404.255
92530.12
88275.862
89302.326
91428.571
94814.815
97215.19
98461.538
96000.0
91428.571
92530.12
92530.12
96000.0
97215.19
96000.0
94814.815
92530.12
93658.537
96000.0
96000.0
96000.0
94814.815
92530.12
93658.537
94814.815
96000.0
98461.538
97215.19
94814.815
91428.571
92530.12
96000.0
97215.19
96000.0
93658.537
93658.537
92530.12
94814.815
96000.0
97215.19
96000.0
92530.12
92530.12
94814.815
96000.0
97215.19
97215.19
94814.815
92530.12
92530.12
93658.537
96000.0
97215.19
96000.0
92530.12
91428.571
93658.537
96000.0
97215.19
96000.0
92530.12
93658.537
93658.537
94814.815
97215.19
97215.19
96000.0
93658.537
91428.571
93658.537
97215.19
98461.538
96000.0
94814.815
91428.571
91428.571
97215.19
98461.538
97215.19
94814.815
93658.537
94814.815
134736.842
73846.154
97215.19
96000.0
92530.12
93658.537
92530.12
97215.19
98461.538
94814.815
92530.12
92530.12
91428.571
93658.537
96000.0
97215.19
94814.815
92530.12
90352.941
93658.537
96000.0
96000.0
94814.815
92530.12
92530.12
93658.537
97215.19
96000.0
96000.0
94814.815
91428.571
93658.537
96000.0
98461.538
96000.0
96000.0
92530.12
92530.12
91428.571
96000.0
97215.19
96000.0
92530.12
92530.12
93658.537
97215.19
97215.19
96000.0
94814.815
93658.537
94814.815
94814.815
97215.19
97215.19
97215.19
93658.537
92530.12
93658.537
96000.0
98461.538
96000.0
93658.537
93658.537
93658.537
97215.19
96000.0
97215.19
94814.815
93658.537
92530.12
94814.815
97215.19
98461.538
96000.0
92530.12
92530.12
93658.537
96000.0
97215.19
96000.0
94814.815
93658.537
92530.12
96000.0
96000.0
97215.19
96000.0
92530.12
92530.12
94814.815
97215.19
97215.19
96000.0
92530.12
93658.537
94814.815
96000.0
97215.19
97215.19
94814.815
93658.537
93658.537
94814.815
97215.19
97215.19
97215.19
92530.12
92530.12
93658.537
94814.815
96000.0
94814.815
93658.537
92530.12
91428.571
93658.537
98461.538
96000.0
94814.815
91428.571
93658.537
93658.537
97215.19
97215.19
97215.19
92530.12
93658.537
92530.12
93658.537
96000.0
97215.19
96000.0
92530.12
93658.537
94814.815
96000.0
99740.26
98461.538
97215.19
94814.815
97215.19
99740.26
99740.26
98461.538
93658.537
93658.537
94814.815
94814.815
98461.538
98461.538
97215.19
96000.0
94814.815
97215.19
99740.26
99740.26
99740.26
96000.0
94814.815
93658.537
92530.12
99740.26
99740.26
97215.19
94814.815
93658.537
93658.537
98461.538
98461.538
98461.538
98461.538
94814.815
94814.815
94814.815
97215.19
99740.26
98461.538
93658.537
93658.537
94814.815
98461.538
99740.26
99740.26
96000.0
93658.537
94814.815
96000.0
98461.538
101052.632
99740.26
97215.19
94814.815
93658.537
96000.0
98461.538
97215.19
97215.19
94814.815
94814.815
96000.0
97215.19
99740.26
97215.19
96000.0
92530.12
96000.0
97215.19
99740.26
98461.538
96000.0
94814.815
93658.537
94814.815
97215.19
98461.538
97215.19
96000.0
92530.12
94814.815
97215.19
98461.538
97215.19
94814.815
93658.537
92530.12
96000.0
97215.19
98461.538
96000.0
93658.537
92530.12
93658.537
96000.0
99740.26
97215.19
96000.0
94814.815
94814.815
96000.0
97215.19
97215.19
96000.0
94814.815
93658.537
94814.815
99740.26
98461.538
97215.19
97215.19
93658.537
94814.815
97215.19
98461.538
98461.538
97215.19
94814.815
94814.815
94814.815
97215.19
98461.538
98461.538
96000.0
93658.537
94814.815
97215.19
97215.19
98461.538
98461.538
93658.537
92530.12
96000.0
99740.26
98461.538
97215.19
94814.815
96000.0
94814.815
96000.0
97215.19
99740.26
97215.19
94814.815
93658.537
96000.0
160000.0
89302.326
153600.0
69189.189
84395.604
85333.333
96000.0
98461.538
98461.538
98461.538
97215.19
94814.815
96000.0
99740.26
99740.26
99740.26
98461.538
94814.815
94814.815
94814.815
96000.0
98461.538
97215.19
94814.815
93658.537
96000.0
97215.19
99740.26
97215.19
93658.537
93658.537
94814.815
96000.0
97215.19
101052.632
97215.19
96000.0
92530.12
92530.12
97215.19
97215.19
97215.19
97215.19
93658.537
96000.0
97215.19
98461.538
99740.26
98461.538
98461.538
93658.537
97215.19
92530.12
99740.26
98461.538
96000.0
93658.537
99740.26
90352.941
98461.538
98461.538
98461.538
96000.0
92530.12
96000.0
98461.538
99740.26
96000.0
96000.0
94814.815
94814.815
96000.0
99740.26
98461.538
97215.19
94814.815
94814.815
99740.26
92530.12
99740.26
98461.538
98461.538
91428.571
94814.815
94814.815
97215.19
97215.19
97215.19
94814.815
93658.537
92530.12
102400.0
93658.537
97215.19
94814.815
93658.537
92530.12
98461.538
94814.815
97215.19
96000.0
93658.537
92530.12
93658.537
94814.815
99740.26
96000.0
94814.815
92530.12
93658.537
96000.0
96000.0
98461.538
94814.815
93658.537
93658.537
93658.537
98461.538
101052.632
96000.0
93658.537
93658.537
93658.537
98461.538
96000.0
98461.538
96000.0
93658.537
93658.537
94814.815
97215.19
98461.538
96000.0
93658.537
97215.19
144905.66
125901.639
144905.66
121904.762
108169.014
112941.176
116363.636
166956.522
153600.0
89302.326
88275.862
78367.347
120000.0
156734.694
105205.479
81702.128
121904.762
111304.348
97215.19
109714.286
80000.0
123870.968
105205.479
84395.604
125901.639
99740.26
102400.0
128000.0
109714.286
109714.286
128000.0
102400.0
106666.667
147692.308
105205.479
94814.815
99740.26
128000.0
108169.014
102400.0
128000.0
142222.222
89302.326
96000.0
99740.26
112941.176
123870.968
106666.667
108169.014
108169.014
125901.639
111304.348
120000.0
76039.604
118153.846
142222.222
82580.645
93658.537
103783.784
99740.26
150588.235
150588.235
105205.479
111304.348
137142.857
76800.0
144905.66
92530.12
103783.784
118153.846
96000.0
109714.286
105205.479
130169.492
99740.26
109714.286
116363.636
111304.348
111304.348
118153.846
105205.479
97215.19
118153.846
116363.636
106666.667
99740.26
112941.176
93658.537
103783.784
103783.784
84395.604
90352.941
87272.727
114626.866
86292.135
75294.118
109714.286
108169.014
93658.537
102400.0
101052.632
65084.746
103783.784
98461.538
118153.846
81702.128
86292.135
73142.857
109714.286
101052.632
116363.636
103783.784
101052.632
102400.0
99740.26
90352.941
102400.0
118153.846
116363.636
114626.866
153600.0
87272.727
97215.19
106666.667
108169.014
108169.014
99740.26
150588.235
62950.82
106666.667
123870.968
123870.968
120000.0
125901.639
105205.479
105205.479
97215.19
139636.364
144905.66
90352.941
75294.118
99740.26
103783.784
76039.604
153600.0
142222.222
112941.176
78367.347
94814.815
102400.0
118153.846
103783.784
111304.348
111304.348
123870.968
112941.176
93658.537
93658.537
80000.0
109714.286
106666.667
139636.364
103783.784
80842.105
76800.0
150588.235
97215.19
121904.762
112941.176
111304.348
108169.014
89302.326
96000.0
114626.866
106666.667
112941.176
102400.0
72452.83
109714.286
120000.0
123870.968
111304.348
99740.26
106666.667
108169.014
109714.286
134736.842
118153.846
101052.632
116363.636
116363.636
101052.632
114626.866
76039.604
106666.667
76039.604
102400.0
80842.105
118153.846
106666.667
121904.762
109714.286
108169.014
120000.0
123870.968
97215.19
147692.308
144905.66
174545.455
109714.286
108169.014
102400.0
105205.479
79175.258
99740.26
94814.815
97215.19
99740.26
109714.286
118153.846
147692.308
112941.176
116363.636
121904.762
93658.537
92530.12
121904.762
77575.758
121904.762
112941.176
118153.846
102400.0
101052.632
102400.0
105205.479
114626.866
101052.632
75294.118
134736.842
118153.846
106666.667
109714.286
112941.176
86292.135
106666.667
112941.176
101052.632
103783.784
103783.784
101052.632
103783.784
144905.66
91428.571
112941.176
150588.235
84395.604
102400.0
68571.429
137142.857
102400.0
160000.0
147692.308
156734.694
156734.694
144905.66
80000.0
109714.286
132413.793
108169.014
84395.604
73142.857
150588.235
139636.364
150588.235
163404.255
116363.636
111304.348
105205.479
101052.632
75294.118
102400.0
130169.492
90352.941
98461.538
97215.19
106666.667
94814.815
90352.941
105205.479
106666.667
101052.632
142222.222
80842.105
142222.222
101052.632
109714.286
109714.286
105205.479
147692.308
99740.26
123870.968
92530.12
128000.0
114626.866
109714.286
109714.286
103783.784
87272.727
114626.866
112941.176
88275.862
91428.571
84395.604
120000.0
116363.636
112941.176
114626.866
87272.727
111304.348
142222.222
80842.105
75294.118
98461.538
106666.667
125901.639
142222.222
150588.235
163404.255
153600.0
128000.0
125901.639
101052.632
105205.479
139636.364
123870.968
144905.66
80000.0
139636.364
82580.645
103783.784
73142.857
118153.846
82580.645
97215.19
83478.261
102400.0
103783.784
85333.333
101052.632
108169.014
112941.176
114626.866
87272.727
106666.667
105205.479
101052.632
105205.479
98461.538
109714.286
132413.793
86292.135
106666.667
73142.857
77575.758
103783.784
109714.286
118153.846
106666.667
120000.0
86292.135
108169.014
97215.19
108169.014
106666.667
77575.758
98461.538
83478.261
102400.0
111304.348
105205.479
105205.479
101052.632
101052.632
103783.784
99740.26
109714.286
108169.014
118153.846
75294.118
102400.0
103783.784
103783.784
109714.286
101052.632
112941.176
109714.286
96000.0
103783.784
108169.014
97215.19
128000.0
89302.326
109714.286
105205.479
97215.19
80000.0
106666.667
106666.667
112941.176
112941.176
102400.0
94814.815
101052.632
123870.968
128000.0
93658.537
92530.12
142222.222
83478.261
144905.66
79175.258
120000.0
94814.815
112941.176
108169.014
112941.176
118153.846
112941.176
118153.846
77575.758
128000.0
88275.862
120000.0
142222.222
139636.364
123870.968
112941.176
85333.333
98461.538
99740.26
85333.333
75294.118
111304.348
109714.286
112941.176
92530.12
111304.348
139636.364
108169.014
101052.632
116363.636
111304.348
79175.258
128000.0
87272.727
76039.604
120000.0
118153.846
93658.537
125901.639
91428.571
108169.014
99740.26
111304.348
116363.636
109714.286
101052.632
85333.333
101052.632
99740.26
109714.286
105205.479
120000.0
128000.0
116363.636
96000.0
98461.538
123870.968
92530.12
105205.479
65084.746
86292.135
106666.667
114626.866
128000.0
101052.632
120000.0
99740.26
93658.537
108169.014
114626.866
97215.19
111304.348
82580.645
102400.0
105205.479
99740.26
120000.0
108169.014
105205.479
106666.667
106666.667
108169.014
130169.492
121904.762
128000.0
128000.0
83478.261
105205.479
99740.26
106666.667
125901.639
111304.348
120000.0
116363.636
72452.83
125901.639
85333.333
80000.0
108169.014
84395.604
109714.286
116363.636
116363.636
108169.014
112941.176
103783.784
114626.866
132413.793
123870.968
99740.26
118153.846
83478.261
108169.014
109714.286
125901.639
118153.846
112941.176
106666.667
116363.636
125901.639
118153.846
80000.0
116363.636
99740.26
105205.479
106666.667
147692.308
73846.154
132413.793
105205.479
98461.538
62950.82
121904.762
166956.522
91428.571
61935.484
82580.645
86292.135
98461.538
101052.632
96000.0
106666.667
128000.0
80842.105
84395.604
121904.762
88275.862
116363.636
109714.286
128000.0
111304.348
114626.866
118153.846
130169.492
105205.479
94814.815
132413.793
101052.632
109714.286
116363.636
93658.537
111304.348
125901.639
128000.0
114626.866
121904.762
74563.107
130169.492
101052.632
108169.014
132413.793
120000.0
103783.784
109714.286
105205.479
98461.538
114626.866
73846.154
97215.19
106666.667
106666.667
97215.19
89302.326
111304.348
134736.842
90352.941
101052.632
97215.19
99740.26
98461.538
108169.014
111304.348
80000.0
99740.26
88275.862
99740.26
114626.866
90352.941
112941.176
91428.571
87272.727
80000.0
90352.941
106666.667
120000.0
114626.866
116363.636
90352.941
132413.793
90352.941
116363.636
85333.333
91428.571
83478.261
137142.857
82580.645
116363.636
116363.636
78367.347
111304.348
108169.014
103783.784
116363.636
81702.128
82580.645
82580.645
99740.26
108169.014
109714.286
128000.0
121904.762
125901.639
116363.636
106666.667
120000.0
90352.941
109714.286
106666.667
144905.66
109714.286
114626.866
99740.26
105205.479
81702.128
123870.968
112941.176
112941.176
101052.632
106666.667
80000.0
78367.347
63471.074
112941.176
147692.308
96000.0
121904.762
98461.538
98461.538
121904.762
105205.479
83478.261
106666.667
102400.0
108169.014
112941.176
83478.261
101052.632
116363.636
120000.0
105205.479
92530.12
118153.846
60472.441
108169.014
116363.636
98461.538
80000.0
77575.758
88275.862
89302.326
120000.0
66782.609
130169.492
121904.762
88275.862
82580.645
106666.667
142222.222
61440.0
88275.862
88275.862
90352.941
90352.941
88275.862
87272.727
89302.326
91428.571
90352.941
90352.941
87272.727
87272.727
88275.862
89302.326
91428.571
90352.941
87272.727
87272.727
89302.326
91428.571
91428.571
90352.941
88275.862
88275.862
88275.862
92530.12
91428.571
91428.571
87272.727
88275.862
89302.326
92530.12
91428.571
90352.941
89302.326
88275.862
90352.941
92530.12
92530.12
91428.571
89302.326
88275.862
90352.941
91428.571
93658.537
91428.571
90352.941
88275.862
90352.941
91428.571
94814.815
91428.571
90352.941
89302.326
90352.941
92530.12
91428.571
92530.12
90352.941
88275.862
89302.326
91428.571
93658.537
92530.12
90352.941
88275.862
89302.326
91428.571
93658.537
92530.12
91428.571
89302.326
89302.326
90352.941
93658.537
92530.12
91428.571
88275.862
88275.862
92530.12
93658.537
93658.537
91428.571
90352.941
89302.326
91428.571
93658.537
94814.815
92530.12
91428.571
89302.326
90352.941
92530.12
93658.537
92530.12
90352.941
89302.326
91428.571
92530.12
94814.815
93658.537
91428.571
89302.326
89302.326
92530.12
94814.815
92530.12
90352.941
90352.941
89302.326
91428.571
91428.571
92530.12
91428.571
89302.326
90352.941
91428.571
93658.537
93658.537
92530.12
88275.862
90352.941
91428.571
93658.537
93658.537
92530.12
90352.941
89302.326
90352.941
93658.537
93658.537
93658.537
91428.571
89302.326
90352.941
93658.537
94814.815
92530.12
90352.941
89302.326
90352.941
92530.12
94814.815
94814.815
91428.571
90352.941
89302.326
92530.12
94814.815
93658.537
91428.571
90352.941
90352.941
91428.571
93658.537
94814.815
92530.12
90352.941
89302.326
91428.571
93658.537
94814.815
93658.537
91428.571
90352.941
90352.941
93658.537
94814.815
93658.537
92530.12
90352.941
89302.326
91428.571
94814.815
94814.815
91428.571
89302.326
90352.941
91428.571
93658.537
94814.815
91428.571
91428.571
89302.326
91428.571
93658.537
96000.0
92530.12
90352.941
89302.326
91428.571
93658.537
93658.537
93658.537
91428.571
89302.326
90352.941
91428.571
96000.0
93658.537
91428.571
89302.326
90352.941
93658.537
93658.537
94814.815
92530.12
89302.326
89302.326
91428.571
94814.815
94814.815
92530.12
90352.941
89302.326
90352.941
92530.12
94814.815
92530.12
92530.12
90352.941
90352.941
93658.537
93658.537
93658.537
90352.941
88275.862
90352.941
92530.12
92530.12
94814.815
90352.941
88275.862
89302.326
91428.571
93658.537
94814.815
91428.571
90352.941
89302.326
91428.571
92530.12
94814.815
91428.571
89302.326
89302.326
91428.571
94814.815
94814.815
93658.537
90352.941
90352.941
89302.326
93658.537
93658.537
92530.12
91428.571
88275.862
89302.326
91428.571
93658.537
92530.12
90352.941
88275.862
89302.326
93658.537
96000.0
93658.537
90352.941
90352.941
89302.326
92530.12
96000.0
94814.815
91428.571
89302.326
89302.326
91428.571
93658.537
94814.815
92530.12
89302.326
89302.326
92530.12
94814.815
96000.0
94814.815
92530.12
90352.941
91428.571
93658.537
96000.0
94814.815
92530.12
90352.941
90352.941
93658.537
96000.0
96000.0
93658.537
92530.12
92530.12
94814.815
96000.0
97215.19
96000.0
93658.537
91428.571
93658.537
96000.0
98461.538
96000.0
94814.815
92530.12
92530.12
94814.815
97215.19
98461.538
96000.0
92530.12
94814.815
94814.815
94814.815
98461.538
96000.0
93658.537
91428.571
93658.537
96000.0
96000.0
97215.19
93658.537
92530.12
91428.571
93658.537
97215.19
96000.0
94814.815
91428.571
92530.12
91428.571
96000.0
96000.0
94814.815
92530.12
91428.571
93658.537
96000.0
96000.0
96000.0
94814.815
92530.12
92530.12
94814.815
96000.0
97215.19
94814.815
93658.537
91428.571
92530.12
94814.815
96000.0
94814.815
94814.815
91428.571
91428.571
94814.815
97215.19
97215.19
93658.537
92530.12
91428.571
94814.815
96000.0
98461.538
94814.815
93658.537
91428.571
92530.12
96000.0
96000.0
94814.815
93658.537
92530.12
91428.571
93658.537
96000.0
96000.0
93658.537
92530.12
91428.571
93658.537
96000.0
97215.19
94814.815
91428.571
91428.571
92530.12
94814.815
96000.0
94814.815
93658.537
92530.12
91428.571
93658.537
96000.0
94814.815
92530.12
90352.941
92530.12
93658.537
96000.0
94814.815
94814.815
91428.571
90352.941
91428.571
94814.815
97215.19
94814.815
91428.571
90352.941
92530.12
93658.537
94814.815
94814.815
92530.12
91428.571
91428.571
93658.537
96000.0
94814.815
92530.12
91428.571
91428.571
92530.12
94814.815
97215.19
93658.537
92530.12
90352.941
92530.12
93658.537
94814.815
94814.815
92530.12
91428.571
90352.941
94814.815
96000.0
94814.815
92530.12
91428.571
91428.571
92530.12
96000.0
94814.815
94814.815
90352.941
89302.326
92530.12
94814.815
96000.0
93658.537
92530.12
90352.941
91428.571
93658.537
94814.815
96000.0
91428.571
90352.941
91428.571
93658.537
96000.0
94814.815
92530.12
90352.941
91428.571
92530.12
94814.815
96000.0
93658.537
90352.941
90352.941
91428.571
94814.815
94814.815
94814.815
92530.12
91428.571
91428.571
93658.537
97215.19
94814.815
92530.12
89302.326
91428.571
93658.537
96000.0
96000.0
93658.537
90352.941
91428.571
91428.571
94814.815
96000.0
94814.815
92530.12
90352.941
91428.571
94814.815
94814.815
93658.537
92530.12
90352.941
91428.571
93658.537
96000.0
94814.815
93658.537
90352.941
90352.941
91428.571
96000.0
94814.815
93658.537
91428.571
90352.941
91428.571
92530.12
96000.0
93658.537
90352.941
89302.326
91428.571
94814.815
94814.815
94814.815
91428.571
91428.571
90352.941
93658.537
94814.815
94814.815
94814.815
90352.941
90352.941
91428.571
93658.537
96000.0
91428.571
90352.941
90352.941
92530.12
93658.537
96000.0
94814.815
91428.571
90352.941
90352.941
94814.815
96000.0
96000.0
92530.12
90352.941
90352.941
92530.12
94814.815
94814.815
92530.12
91428.571
90352.941
93658.537
94814.815
96000.0
92530.12
91428.571
91428.571
92530.12
94814.815
96000.0
94814.815
92530.12
90352.941
90352.941
93658.537
96000.0
94814.815
92530.12
90352.941
91428.571
93658.537
93658.537
94814.815
93658.537
90352.941
90352.941
93658.537
96000.0
94814.815
93658.537
91428.571
91428.571
91428.571
94814.815
96000.0
93658.537
92530.12
90352.941
91428.571
92530.12
96000.0
94814.815
91428.571
89302.326
91428.571
93658.537
96000.0
94814.815
92530.12
90352.941
91428.571
92530.12
94814.815
94814.815
94814.815
91428.571
89302.326
92530.12
94814.815
94814.815
92530.12
91428.571
91428.571
91428.571
93658.537
96000.0
94814.815
93658.537
90352.941
91428.571
93658.537
96000.0
96000.0
93658.537
91428.571
91428.571
92530.12
94814.815
96000.0
94814.815
92530.12
91428.571
93658.537
96000.0
96000.0
94814.815
92530.12
91428.571
91428.571
94814.815
96000.0
96000.0
93658.537
91428.571
91428.571
92530.12
94814.815
97215.19
94814.815
92530.12
90352.941
93658.537
94814.815
96000.0
93658.537
91428.571
91428.571
92530.12
94814.815
96000.0
96000.0
93658.537
91428.571
90352.941
92530.12
96000.0
96000.0
94814.815
92530.12
90352.941
93658.537
96000.0
96000.0
94814.815
92530.12
92530.12
92530.12
94814.815
96000.0
96000.0
93658.537
91428.571
91428.571
92530.12
96000.0
96000.0
94814.815
91428.571
91428.571
92530.12
94814.815
96000.0
94814.815
91428.571
91428.571
92530.12
94814.815
94814.815
94814.815
93658.537
90352.941
91428.571
93658.537
96000.0
96000.0
93658.537
91428.571
90352.941
92530.12
94814.815
96000.0
94814.815
93658.537
89302.326
92530.12
94814.815
94814.815
93658.537
92530.12
91428.571
91428.571
94814.815
96000.0
94814.815
93658.537
90352.941
90352.941
92530.12
97215.19
96000.0
94814.815
90352.941
91428.571
91428.571
94814.815
96000.0
93658.537
92530.12
91428.571
91428.571
93658.537
97215.19
96000.0
92530.12
90352.941
90352.941
93658.537
96000.0
96000.0
93658.537
91428.571
91428.571
91428.571
94814.815
94814.815
94814.815
91428.571
91428.571
93658.537
93658.537
96000.0
94814.815
93658.537
89302.326
91428.571
93658.537
96000.0
96000.0
93658.537
91428.571
90352.941
93658.537
96000.0
94814.815
94814.815
92530.12
92530.12
92530.12
94814.815
96000.0
94814.815
92530.12
90352.941
92530.12
93658.537
97215.19
97215.19
94814.815
91428.571
90352.941
93658.537
97215.19
96000.0
94814.815
92530.12
91428.571
93658.537
93658.537
94814.815
94814.815
91428.571
92530.12
91428.571
94814.815
94814.815
96000.0
93658.537
90352.941
91428.571
93658.537
96000.0
96000.0
94814.815
90352.941
91428.571
92530.12
94814.815
94814.815
93658.537
91428.571
92530.12
92530.12
94814.815
97215.19
94814.815
92530.12
90352.941
92530.12
94814.815
94814.815
96000.0
93658.537
91428.571
90352.941
92530.12
94814.815
96000.0
94814.815
91428.571
90352.941
92530.12
96000.0
96000.0
93658.537
92530.12
90352.941
92530.12
94814.815
96000.0
96000.0
93658.537
91428.571
92530.12
93658.537
94814.815
96000.0
96000.0
92530.12
90352.941
92530.12
96000.0
96000.0
94814.815
91428.571
90352.941
92530.12
94814.815
97215.19
93658.537
92530.12
91428.571
92530.12
93658.537
94814.815
94814.815
94814.815
91428.571
91428.571
92530.12
94814.815
94814.815
94814.815
92530.12
91428.571
92530.12
93658.537
96000.0
96000.0
92530.12
91428.571
92530.12
94814.815
96000.0
96000.0
93658.537
91428.571
91428.571
92530.12
94814.815
97215.19
94814.815
92530.12
90352.941
92530.12
96000.0
94814.815
96000.0
91428.571
91428.571
93658.537
93658.537
96000.0
96000.0
93658.537
91428.571
91428.571
93658.537
96000.0
96000.0
94814.815
91428.571
90352.941
92530.12
96000.0
96000.0
93658.537
92530.12
91428.571
92530.12
93658.537
96000.0
94814.815
93658.537
91428.571
91428.571
92530.12
96000.0
96000.0
94814.815
91428.571
91428.571
93658.537
96000.0
96000.0
93658.537
93658.537
91428.571
92530.12
94814.815
96000.0
94814.815
93658.537
91428.571
91428.571
93658.537
97215.19
96000.0
94814.815
91428.571
91428.571
93658.537
96000.0
96000.0
94814.815
91428.571
90352.941
93658.537
94814.815
94814.815
93658.537
93658.537
90352.941
91428.571
93658.537
96000.0
96000.0
92530.12
91428.571
91428.571
92530.12
96000.0
97215.19
93658.537
91428.571
90352.941
93658.537
96000.0
96000.0
94814.815
91428.571
91428.571
92530.12
93658.537
96000.0
96000.0
93658.537
90352.941
90352.941
93658.537
96000.0
96000.0
92530.12
90352.941
91428.571
92530.12
96000.0
96000.0
93658.537
90352.941
90352.941
92530.12
94814.815
96000.0
93658.537
91428.571
90352.941
91428.571
94814.815
94814.815
93658.537
93658.537
91428.571
91428.571
92530.12
93658.537
96000.0
93658.537
91428.571
89302.326
93658.537
94814.815
96000.0
93658.537
91428.571
90352.941
92530.12
96000.0
96000.0
96000.0
92530.12
91428.571
91428.571
94814.815
96000.0
94814.815
93658.537
92530.12
90352.941
92530.12
94814.815
96000.0
93658.537
91428.571
90352.941
91428.571
93658.537
97215.19
94814.815
91428.571
89302.326
91428.571
93658.537
96000.0
93658.537
93658.537
90352.941
90352.941
92530.12
94814.815
94814.815
93658.537
91428.571
90352.941
91428.571
96000.0
97215.19
94814.815
91428.571
91428.571
92530.12
94814.815
97215.19
94814.815
93658.537
91428.571
90352.941
94814.815
96000.0
96000.0
93658.537
91428.571
90352.941
93658.537
96000.0
96000.0
94814.815
92530.12
91428.571
92530.12
94814.815
97215.19
96000.0
92530.12
91428.571
91428.571
93658.537
96000.0
97215.19
93658.537
91428.571
90352.941
94814.815
96000.0
97215.19
93658.537
91428.571
91428.571
93658.537
93658.537
96000.0
94814.815
93658.537
90352.941
91428.571
93658.537
96000.0
97215.19
93658.537
91428.571
91428.571
94814.815
96000.0
97215.19
94814.815
92530.12
90352.941
94814.815
96000.0
97215.19
94814.815
92530.12
91428.571
92530.12
94814.815
96000.0
97215.19
94814.815
92530.12
92530.12
93658.537
96000.0
97215.19
96000.0
92530.12
90352.941
93658.537
96000.0
98461.538
96000.0
93658.537
92530.12
92530.12
94814.815
98461.538
97215.19
94814.815
91428.571
92530.12
93658.537
96000.0
96000.0
94814.815
91428.571
92530.12
92530.12
96000.0
96000.0
96000.0
94814.815
92530.12
91428.571
94814.815
97215.19
97215.19
94814.815
91428.571
91428.571
93658.537
96000.0
97215.19
94814.815
92530.12
91428.571
93658.537
94814.815
97215.19
96000.0
94814.815
91428.571
91428.571
93658.537
97215.19
97215.19
93658.537
91428.571
90352.941
93658.537
97215.19
96000.0
94814.815
92530.12
92530.12
92530.12
94814.815
96000.0
97215.19
93658.537
91428.571
92530.12
93658.537
97215.19
96000.0
94814.815
91428.571
91428.571
93658.537
97215.19
96000.0
96000.0
92530.12
92530.12
92530.12
96000.0
96000.0
96000.0
93658.537
92530.12
92530.12
94814.815
96000.0
97215.19
96000.0
92530.12
91428.571
93658.537
96000.0
98461.538
94814.815
93658.537
92530.12
93658.537
94814.815
97215.19
96000.0
94814.815
93658.537
92530.12
94814.815
96000.0
97215.19
96000.0
93658.537
92530.12
92530.12
96000.0
97215.19
97215.19
94814.815
91428.571
92530.12
96000.0
97215.19
96000.0
94814.815
92530.12
92530.12
94814.815
96000.0
96000.0
96000.0
93658.537
92530.12
92530.12
96000.0
97215.19
96000.0
92530.12
92530.12
93658.537
94814.815
96000.0
97215.19
96000.0
92530.12
92530.12
93658.537
97215.19
97215.19
94814.815
92530.12
92530.12
93658.537
96000.0
96000.0
96000.0
93658.537
92530.12
92530.12
94814.815
96000.0
98461.538
94814.815
92530.12
91428.571
92530.12
96000.0
98461.538
94814.815
92530.12
91428.571
92530.12
96000.0
97215.19
96000.0
92530.12
91428.571
92530.12
94814.815
97215.19
96000.0
94814.815
93658.537
92530.12
93658.537
96000.0
97215.19
96000.0
94814.815
91428.571
92530.12
96000.0
97215.19
97215.19
93658.537
92530.12
92530.12
93658.537
96000.0
97215.19
96000.0
93658.537
92530.12
92530.12
96000.0
97215.19
97215.19
93658.537
91428.571
92530.12
94814.815
97215.19
97215.19
94814.815
92530.12
90352.941
94814.815
96000.0
97215.19
96000.0
92530.12
91428.571
93658.537
96000.0
96000.0
97215.19
94814.815
92530.12
92530.12
93658.537
97215.19
98461.538
96000.0
92530.12
91428.571
96000.0
96000.0
97215.19
96000.0
94814.815
93658.537
92530.12
94814.815
97215.19
98461.538
94814.815
93658.537
92530.12
93658.537
97215.19
97215.19
96000.0
93658.537
92530.12
93658.537
96000.0
97215.19
97215.19
94814.815
92530.12
91428.571
94814.815
96000.0
98461.538
96000.0
92530.12
91428.571
93658.537
96000.0
98461.538
96000.0
93658.537
91428.571
93658.537
94814.815
96000.0
96000.0
93658.537
91428.571
91428.571
92530.12
96000.0
97215.19
94814.815
92530.12
90352.941
92530.12
96000.0
96000.0
96000.0
93658.537
92530.12
92530.12
93658.537
97215.19
96000.0
96000.0
92530.12
91428.571
93658.537
96000.0
97215.19
96000.0
92530.12
91428.571
92530.12
94814.815
96000.0
97215.19
93658.537
91428.571
92530.12
93658.537
94814.815
97215.19
94814.815
91428.571
91428.571
92530.12
96000.0
97215.19
96000.0
92530.12
92530.12
92530.12
96000.0
97215.19
96000.0
92530.12
92530.12
91428.571
94814.815
94814.815
97215.19
93658.537
92530.12
90352.941
92530.12
96000.0
96000.0
94814.815
91428.571
91428.571
92530.12
94814.815
97215.19
94814.815
92530.12
91428.571
92530.12
94814.815
96000.0
97215.19
94814.815
91428.571
92530.12
