65084.746
76039.604
62439.024
65641.026
65084.746
65084.746
67368.421
68571.429
67368.421
65641.026
66206.897
67368.421
69189.189
67368.421
65641.026
66782.609
75294.118
65641.026
64537.815
65641.026
85333.333
64537.815
65084.746
67368.421
112941.176
54857.143
60000.0
65641.026
66782.609
69189.189
69189.189
66782.609
79175.258
63471.074
66782.609
69818.182
116363.636
52965.517
58181.818
67964.602
67368.421
66206.897
65641.026
66206.897
67964.602
66782.609
69189.189
65641.026
69818.182
69189.189
66206.897
68571.429
72452.83
67964.602
68571.429
64000.0
75294.118
98461.538
61440.0
125901.639
60952.381
61440.0
64537.815
67964.602
67368.421
67368.421
68571.429
69818.182
94814.815
59534.884
61935.484
69189.189
69189.189
67964.602
67368.421
68571.429
139636.364
54468.085
57744.361
67368.421
67964.602
73142.857
103783.784
60472.441
61440.0
67964.602
70458.716
68571.429
67368.421
79175.258
65084.746
75294.118
67368.421
67964.602
69818.182
69818.182
69189.189
66782.609
67964.602
69189.189
72452.83
84395.604
63471.074
65641.026
69818.182
69818.182
67964.602
67368.421
67964.602
73846.154
99740.26
60952.381
128000.0
61935.484
64000.0
63471.074
65084.746
73142.857
96000.0
62950.82
128000.0
62950.82
62950.82
65641.026
70458.716
69818.182
69818.182
66782.609
69818.182
69189.189
80000.0
61935.484
63471.074
68571.429
68571.429
66206.897
66206.897
68571.429
69189.189
67964.602
66782.609
81702.128
65084.746
67964.602
67368.421
67964.602
69818.182
128000.0
56058.394
59534.884
66782.609
71111.111
70458.716
68571.429
80000.0
67368.421
66206.897
67368.421
67368.421
65084.746
69189.189
68571.429
69189.189
67368.421
66782.609
69818.182
69189.189
67368.421
71775.701
66206.897
71111.111
78367.347
64537.815
70458.716
68571.429
69189.189
76039.604
106666.667
60472.441
125901.639
62950.82
62950.82
61440.0
64537.815
67964.602
70458.716
69189.189
67964.602
67368.421
69189.189
69189.189
67368.421
65084.746
67964.602
69189.189
66782.609
67368.421
64000.0
67368.421
70458.716
65084.746
64537.815
67368.421
72452.83
66782.609
63471.074
66206.897
67964.602
65641.026
66206.897
80000.0
62439.024
65641.026
65084.746
64537.815
65641.026
69818.182
68571.429
64537.815
64000.0
69189.189
67964.602
66206.897
65084.746
67368.421
69818.182
69818.182
130169.492
62950.82
62439.024
65641.026
132413.793
64537.815
61440.0
125901.639
62950.82
64537.815
62439.024
130169.492
61935.484
63471.074
137142.857
62950.82
60952.381
130169.492
64000.0
63471.074
62950.82
62950.82
65641.026
68571.429
71775.701
132413.793
62439.024
62439.024
64000.0
65084.746
65084.746
79175.258
134736.842
64537.815
64000.0
61935.484
62950.82
66206.897
137142.857
64537.815
60952.381
61935.484
65641.026
139636.364
64000.0
61935.484
64000.0
67368.421
137142.857
64537.815
61935.484
64537.815
68571.429
69189.189
67964.602
67964.602
134736.842
67368.421
64537.815
62950.82
65641.026
80842.105
137142.857
65084.746
62950.82
62439.024
66782.609
69189.189
67964.602
65084.746
76800.0
134736.842
63471.074
60952.381
59076.923
62439.024
66206.897
66782.609
64537.815
66782.609
70458.716
65641.026
66206.897
62950.82
67368.421
137142.857
62439.024
58625.954
58625.954
61935.484
64000.0
63471.074
64537.815
66782.609
67964.602
67368.421
65084.746
65641.026
84395.604
134736.842
62439.024
60000.0
60472.441
64537.815
137142.857
62950.82
60952.381
63471.074
69189.189
68571.429
132413.793
62950.82
62950.82
63471.074
64000.0
63471.074
130169.492
63471.074
63471.074
62439.024
64000.0
66206.897
68571.429
67964.602
66206.897
74563.107
125901.639
65084.746
61935.484
60000.0
62439.024
66206.897
68571.429
66782.609
65641.026
67368.421
69189.189
67964.602
66782.609
130169.492
63471.074
64000.0
64000.0
66782.609
67964.602
70458.716
71775.701
67964.602
134736.842
62950.82
62439.024
62439.024
63471.074
64000.0
66206.897
67368.421
66782.609
78367.347
134736.842
64000.0
65641.026
64537.815
66206.897
66782.609
69189.189
68571.429
134736.842
61935.484
60952.381
63471.074
71775.701
62439.024
65084.746
66782.609
71775.701
64537.815
65084.746
69189.189
65084.746
68571.429
132413.793
60952.381
60952.381
64000.0
65641.026
65641.026
66206.897
67964.602
139636.364
65084.746
61935.484
61440.0
63471.074
64537.815
61935.484
79175.258
137142.857
62950.82
63471.074
61935.484
62950.82
65084.746
67964.602
66782.609
65641.026
66206.897
73846.154
69189.189
130169.492
61935.484
64000.0
64537.815
134736.842
64000.0
60952.381
132413.793
64537.815
62439.024
132413.793
60952.381
61935.484
134736.842
64537.815
62950.82
128000.0
64000.0
64000.0
134736.842
64000.0
61440.0
63471.074
132413.793
64537.815
60952.381
128000.0
61935.484
64000.0
64537.815
132413.793
61935.484
61935.484
134736.842
64537.815
61935.484
61440.0
66206.897
132413.793
65641.026
63471.074
63471.074
132413.793
65084.746
65084.746
134736.842
61935.484
62439.024
130169.492
63471.074
62439.024
61440.0
128000.0
64000.0
64000.0
62439.024
130169.492
63471.074
64537.815
65084.746
130169.492
63471.074
63471.074
134736.842
66206.897
64000.0
62439.024
132413.793
65641.026
64537.815
130169.492
61935.484
62439.024
64537.815
132413.793
62950.82
61935.484
62950.82
137142.857
64537.815
62439.024
61935.484
130169.492
64000.0
62950.82
130169.492
60472.441
61935.484
132413.793
64000.0
62439.024
61440.0
130169.492
65641.026
63471.074
61935.484
130169.492
62950.82
64537.815
132413.793
61935.484
61440.0
62950.82
134736.842
65084.746
62439.024
61935.484
132413.793
65084.746
64000.0
61935.484
61935.484
66782.609
67368.421
66206.897
65641.026
67368.421
70458.716
67368.421
66206.897
65084.746
70458.716
62950.82
64000.0
73142.857
62439.024
67368.421
64537.815
62439.024
64537.815
66782.609
65641.026
66206.897
65084.746
66782.609
68571.429
77575.758
61935.484
62439.024
66206.897
65641.026
64000.0
63471.074
73846.154
64000.0
64000.0
65084.746
66782.609
67964.602
69818.182
66206.897
66206.897
66782.609
80000.0
63471.074
61935.484
66206.897
66782.609
65641.026
69189.189
66782.609
67368.421
70458.716
67964.602
67368.421
67368.421
68571.429
67964.602
67368.421
81702.128
64537.815
66206.897
71111.111
66782.609
65641.026
67964.602
86292.135
65084.746
62950.82
64537.815
68571.429
67368.421
72452.83
61935.484
63471.074
64537.815
68571.429
65084.746
65641.026
67964.602
68571.429
67368.421
65084.746
66782.609
67964.602
78367.347
62439.024
61935.484
65641.026
67368.421
65084.746
66206.897
67368.421
74563.107
106666.667
61935.484
61935.484
65084.746
81702.128
64537.815
62439.024
64537.815
67964.602
67964.602
66782.609
77575.758
64000.0
66782.609
82580.645
62950.82
62950.82
68571.429
67368.421
76800.0
62950.82
73846.154
65084.746
63471.074
64000.0
64000.0
64537.815
66782.609
64000.0
64537.815
73142.857
72452.83
65084.746
64537.815
65641.026
67964.602
66206.897
64537.815
71775.701
112941.176
64000.0
62950.82
61440.0
62439.024
70458.716
64537.815
64000.0
64000.0
80842.105
65084.746
61935.484
62950.82
68571.429
62439.024
75294.118
61935.484
60472.441
62950.82
83478.261
64000.0
60952.381
61440.0
64537.815
66782.609
64537.815
64000.0
65641.026
67368.421
64537.815
65084.746
65641.026
69818.182
67368.421
65084.746
65641.026
67368.421
71111.111
64000.0
71111.111
60952.381
66782.609
65641.026
67368.421
65084.746
72452.83
75294.118
65641.026
63471.074
65641.026
87272.727
67368.421
65641.026
64000.0
67368.421
69818.182
68571.429
76039.604
62950.82
63471.074
66206.897
64537.815
65084.746
66206.897
67964.602
67964.602
66206.897
67368.421
69818.182
71111.111
69818.182
66782.609
81702.128
67964.602
67964.602
69189.189
67964.602
82580.645
67964.602
68571.429
69189.189
72452.83
68571.429
85333.333
66782.609
63471.074
65084.746
85333.333
66206.897
62439.024
60952.381
83478.261
64000.0
62950.82
60952.381
60472.441
65641.026
66206.897
65084.746
63471.074
65084.746
68571.429
66782.609
65084.746
66206.897
69189.189
69818.182
67368.421
66206.897
67964.602
69818.182
80000.0
65084.746
69189.189
86292.135
139636.364
66206.897
62439.024
61935.484
64000.0
68571.429
68571.429
66206.897
67368.421
78367.347
67368.421
73846.154
62950.82
64000.0
73142.857
80000.0
64537.815
65641.026
68571.429
69189.189
66782.609
66206.897
67368.421
83478.261
142222.222
64000.0
125901.639
62950.82
61935.484
64000.0
67964.602
66206.897
72452.83
68571.429
69818.182
69818.182
66206.897
66206.897
68571.429
83478.261
62439.024
71111.111
61440.0
67964.602
63471.074
76039.604
61935.484
64537.815
66206.897
66782.609
65084.746
67964.602
70458.716
83478.261
62439.024
61935.484
66782.609
64537.815
64000.0
69189.189
62950.82
88275.862
62439.024
59534.884
63471.074
66782.609
65641.026
65641.026
64537.815
67368.421
67368.421
67368.421
65641.026
67964.602
71111.111
68571.429
78367.347
62950.82
67368.421
67964.602
69818.182
78367.347
134736.842
61935.484
130169.492
65084.746
128000.0
60952.381
123870.968
65084.746
132413.793
64537.815
121904.762
62950.82
128000.0
64000.0
132413.793
63471.074
125901.639
61935.484
125901.639
64000.0
132413.793
62439.024
125901.639
60472.441
128000.0
64537.815
130169.492
62439.024
61440.0
63471.074
66782.609
67368.421
65641.026
70458.716
69818.182
67964.602
77575.758
61935.484
66206.897
69818.182
68571.429
94814.815
59534.884
63471.074
71111.111
68571.429
67368.421
67368.421
69818.182
85333.333
137142.857
62439.024
121904.762
66206.897
130169.492
65641.026
62950.82
62439.024
68571.429
70458.716
81702.128
65641.026
64537.815
67368.421
121904.762
59534.884
60000.0
62950.82
68571.429
69189.189
67964.602
67964.602
69189.189
69818.182
69818.182
81702.128
62439.024
70458.716
67964.602
79175.258
61440.0
66206.897
67964.602
80842.105
63471.074
84395.604
62950.82
65641.026
68571.429
66782.609
105205.479
150588.235
64000.0
130169.492
62439.024
125901.639
61935.484
62950.82
65084.746
64000.0
66782.609
65641.026
68571.429
67368.421
80842.105
61935.484
62950.82
66206.897
89302.326
60952.381
58625.954
67368.421
76800.0
60000.0
62950.82
64000.0
68571.429
69189.189
106666.667
60000.0
64000.0
63471.074
62950.82
64000.0
66782.609
65641.026
65084.746
64000.0
65084.746
80000.0
65084.746
63471.074
66206.897
67368.421
69189.189
80842.105
62439.024
64537.815
66206.897
64537.815
64000.0
62439.024
66206.897
82580.645
63471.074
61935.484
65084.746
67964.602
67964.602
66782.609
76039.604
62439.024
75294.118
61440.0
61440.0
64000.0
64000.0
64537.815
62950.82
64000.0
85333.333
64000.0
62439.024
63471.074
64537.815
103783.784
60472.441
60000.0
59534.884
62439.024
64000.0
62950.82
63471.074
65084.746
75294.118
62950.82
62439.024
66206.897
69189.189
66782.609
66206.897
71775.701
66206.897
78367.347
64537.815
68571.429
64537.815
66206.897
68571.429
62950.82
63471.074
64537.815
66782.609
66206.897
64000.0
73142.857
73846.154
65641.026
65084.746
65641.026
66206.897
85333.333
65084.746
60472.441
61935.484
64000.0
65641.026
63471.074
64000.0
64000.0
73142.857
65641.026
65641.026
67964.602
69818.182
69189.189
66782.609
64000.0
71111.111
64000.0
64537.815
66206.897
63471.074
68571.429
66782.609
67368.421
75294.118
65084.746
69189.189
69189.189
68571.429
67964.602
82580.645
66206.897
66206.897
65641.026
67368.421
67964.602
67964.602
66782.609
62439.024
67368.421
72452.83
65641.026
67368.421
66206.897
78367.347
66782.609
65641.026
69189.189
68571.429
70458.716
71775.701
79175.258
61935.484
69189.189
64000.0
86292.135
61935.484
60472.441
66782.609
63471.074
70458.716
61935.484
68571.429
67964.602
66782.609
66206.897
67964.602
69189.189
70458.716
67964.602
66206.897
67368.421
87272.727
64000.0
60952.381
64537.815
65641.026
66206.897
64537.815
83478.261
62950.82
62439.024
62950.82
73142.857
89302.326
59534.884
60952.381
60000.0
78367.347
60952.381
62439.024
62950.82
62439.024
64537.815
67964.602
65084.746
64537.815
65084.746
71111.111
66206.897
66782.609
65084.746
69189.189
66782.609
67368.421
65641.026
67964.602
66206.897
67964.602
66206.897
66206.897
81702.128
65641.026
67368.421
67964.602
67368.421
69818.182
70458.716
68571.429
67964.602
66782.609
69818.182
73142.857
70458.716
68571.429
105205.479
65641.026
66782.609
68571.429
69189.189
72452.83
75294.118
69189.189
69818.182
66782.609
68571.429
36571.429
70458.716
69189.189
70458.716
73846.154
71111.111
97215.19
137142.857
67964.602
121904.762
64537.815
60000.0
59534.884
65084.746
64537.815
70458.716
60952.381
73846.154
63471.074
62439.024
61440.0
73846.154
61440.0
61440.0
61935.484
59076.923
62950.82
63471.074
60952.381
62439.024
59076.923
65084.746
58625.954
61440.0
61935.484
60952.381
71111.111
67368.421
59534.884
60472.441
70458.716
61440.0
64537.815
69189.189
68571.429
63471.074
65084.746
66206.897
68571.429
67368.421
71775.701
63471.074
63471.074
67368.421
62950.82
64000.0
62950.82
69189.189
60000.0
63471.074
61935.484
82580.645
61935.484
59534.884
62950.82
70458.716
65084.746
67368.421
65641.026
64000.0
66782.609
67964.602
62439.024
63471.074
62950.82
65084.746
62439.024
60472.441
62950.82
64000.0
65084.746
60000.0
61935.484
64537.815
65084.746
59534.884
61935.484
64000.0
64537.815
62950.82
65641.026
59534.884
87272.727
62439.024
61935.484
58625.954
64000.0
64000.0
63471.074
61440.0
64537.815
69189.189
60952.381
63471.074
78367.347
64537.815
60952.381
60000.0
62950.82
69818.182
61440.0
65084.746
62950.82
65641.026
71111.111
59076.923
62439.024
62439.024
71111.111
66782.609
59534.884
66206.897
61935.484
74563.107
59534.884
61935.484
65084.746
69818.182
62439.024
69189.189
62950.82
66782.609
67368.421
67964.602
63471.074
63471.074
65641.026
63471.074
62950.82
62950.82
64537.815
64000.0
66206.897
60472.441
65641.026
69189.189
57313.433
62950.82
63471.074
69818.182
60952.381
59076.923
63471.074
66782.609
61935.484
62950.82
68571.429
62439.024
66782.609
65084.746
64000.0
66206.897
69189.189
60472.441
64000.0
59534.884
65641.026
64537.815
65641.026
61935.484
65641.026
62950.82
66206.897
60952.381
76039.604
61935.484
60472.441
61440.0
61935.484
67368.421
60952.381
61935.484
71775.701
61440.0
63471.074
62439.024
61935.484
63471.074
66206.897
61935.484
61935.484
64000.0
67368.421
65084.746
66206.897
62439.024
69818.182
66782.609
62950.82
65641.026
64537.815
64537.815
64000.0
61935.484
73846.154
62950.82
61935.484
67964.602
64537.815
68571.429
68571.429
63471.074
66206.897
75294.118
64000.0
65084.746
62439.024
61935.484
60952.381
60952.381
59534.884
61440.0
64000.0
60952.381
58625.954
60952.381
60472.441
62439.024
62439.024
58181.818
63471.074
64537.815
59534.884
60952.381
61440.0
61440.0
62439.024
59534.884
64537.815
64000.0
61935.484
61935.484
63471.074
69189.189
60952.381
65084.746
64000.0
65641.026
66206.897
69818.182
105205.479
60472.441
63471.074
66206.897
67368.421
66206.897
67964.602
69189.189
68571.429
134736.842
65084.746
64000.0
67368.421
65641.026
68571.429
70458.716
74563.107
71111.111
69189.189
64537.815
71111.111
63471.074
64000.0
61440.0
72452.83
102400.0
60000.0
60000.0
58625.954
66206.897
62950.82
64000.0
64537.815
61935.484
80842.105
62439.024
59534.884
61935.484
63471.074
66782.609
63471.074
60952.381
66782.609
66782.609
64000.0
66206.897
65641.026
66206.897
69189.189
76039.604
125901.639
62950.82
125901.639
62950.82
61440.0
61440.0
61935.484
66206.897
67964.602
66782.609
66782.609
67964.602
69189.189
67964.602
106666.667
60472.441
61935.484
65641.026
67964.602
65641.026
106666.667
65084.746
62950.82
64000.0
69818.182
66782.609
71775.701
69189.189
67368.421
69818.182
70458.716
70458.716
68571.429
66782.609
67964.602
68571.429
69189.189
66206.897
65641.026
69189.189
68571.429
72452.83
79175.258
63471.074
68571.429
69189.189
67368.421
80842.105
64000.0
134736.842
64537.815
123870.968
62950.82
125901.639
139636.364
64537.815
62950.82
61440.0
64000.0
67964.602
67368.421
73142.857
69189.189
62950.82
81702.128
65641.026
67964.602
67368.421
69818.182
68571.429
71775.701
64537.815
66782.609
65641.026
98461.538
59534.884
58181.818
59534.884
67368.421
62950.82
60472.441
64537.815
80842.105
59534.884
60000.0
66206.897
62439.024
62439.024
65641.026
60952.381
63471.074
67368.421
63471.074
65084.746
57744.361
68571.429
68571.429
64537.815
62439.024
69818.182
67368.421
67964.602
64000.0
64000.0
73142.857
66782.609
84395.604
142222.222
58625.954
123870.968
63471.074
60000.0
59534.884
63471.074
65641.026
64537.815
76800.0
60000.0
61440.0
80000.0
60472.441
59534.884
62950.82
65084.746
62439.024
61440.0
73846.154
62439.024
60000.0
60472.441
60952.381
60000.0
64000.0
67368.421
57313.433
61935.484
61935.484
60472.441
60000.0
61935.484
62950.82
60952.381
60000.0
76800.0
63471.074
59534.884
58625.954
61935.484
61935.484
61935.484
61440.0
61440.0
64537.815
64000.0
62439.024
65641.026
67368.421
67368.421
63471.074
65084.746
64537.815
64000.0
64000.0
61935.484
60952.381
69189.189
65084.746
62439.024
63471.074
65084.746
66782.609
65641.026
64000.0
65641.026
65641.026
67368.421
66206.897
64537.815
64000.0
64537.815
82580.645
60472.441
61935.484
64537.815
65084.746
71111.111
60472.441
65641.026
65641.026
64000.0
62439.024
67964.602
69189.189
65641.026
66206.897
64000.0
67368.421
71775.701
62950.82
65084.746
65641.026
68571.429
65641.026
66206.897
66782.609
69189.189
71111.111
66782.609
61935.484
76800.0
66206.897
70458.716
64000.0
80842.105
66206.897
64537.815
69818.182
66206.897
67964.602
71111.111
68571.429
76800.0
62950.82
80842.105
64000.0
66206.897
65641.026
67368.421
69818.182
101052.632
62439.024
60472.441
68571.429
70458.716
69189.189
99740.26
59534.884
62439.024
67964.602
65641.026
69189.189
93658.537
60952.381
64537.815
69189.189
70458.716
65084.746
68571.429
85333.333
62439.024
62439.024
67368.421
76039.604
64537.815
75294.118
63471.074
69189.189
69189.189
70458.716
63471.074
79175.258
67964.602
67964.602
67964.602
66206.897
67368.421
67964.602
73846.154
60472.441
65641.026
59534.884
61935.484
60000.0
57744.361
64537.815
62439.024
60472.441
60000.0
62439.024
61935.484
60472.441
60472.441
64537.815
62439.024
60472.441
62950.82
64000.0
63471.074
62950.82
60952.381
62439.024
78367.347
60952.381
58625.954
63471.074
64537.815
65641.026
64537.815
64537.815
65641.026
66782.609
64537.815
73142.857
60952.381
69189.189
64537.815
78367.347
60000.0
60952.381
62950.82
71111.111
59534.884
62950.82
67368.421
66206.897
63471.074
65084.746
66206.897
66206.897
62950.82
62950.82
62950.82
64000.0
62950.82
61935.484
62439.024
62950.82
61935.484
61440.0
62950.82
64000.0
66782.609
60952.381
65084.746
64537.815
64000.0
61935.484
64000.0
60472.441
60952.381
60472.441
57744.361
61440.0
60472.441
59076.923
79175.258
58625.954
58625.954
58625.954
58181.818
59534.884
62439.024
61935.484
60000.0
61440.0
63471.074
61935.484
60000.0
60952.381
64537.815
63471.074
62439.024
60952.381
64000.0
63471.074
63471.074
60952.381
62439.024
80000.0
61440.0
58181.818
60952.381
65641.026
64537.815
62950.82
62439.024
65084.746
64537.815
62439.024
62439.024
64000.0
64000.0
63471.074
71775.701
60952.381
63471.074
64537.815
64000.0
64000.0
66782.609
66782.609
67368.421
106666.667
62439.024
62439.024
64000.0
66782.609
65641.026
66206.897
67964.602
66206.897
65084.746
65641.026
67964.602
69818.182
65084.746
66206.897
103783.784
61440.0
61935.484
65084.746
66782.609
71111.111
69818.182
68571.429
67368.421
106666.667
62439.024
65084.746
65641.026
67368.421
73846.154
66782.609
73142.857
67368.421
63471.074
80000.0
156734.694
58625.954
121904.762
60952.381
123870.968
60952.381
130169.492
60472.441
123870.968
59534.884
128000.0
61935.484
123870.968
60472.441
121904.762
59534.884
125901.639
62950.82
121904.762
59076.923
120000.0
60952.381
128000.0
61440.0
120000.0
58625.954
121904.762
60000.0
130169.492
58625.954
118153.846
56888.889
125901.639
60000.0
125901.639
57313.433
56470.588
59534.884
60472.441
60952.381
61440.0
64537.815
64537.815
61935.484
61440.0
65084.746
64537.815
66206.897
63471.074
65084.746
66206.897
67368.421
63471.074
67964.602
67964.602
67964.602
67368.421
66782.609
66206.897
67368.421
67964.602
76039.604
58625.954
65084.746
65641.026
62950.82
61440.0
63471.074
64000.0
84395.604
57313.433
59534.884
61935.484
72452.83
55652.174
60472.441
64000.0
64000.0
61440.0
59076.923
64537.815
64000.0
61935.484
60472.441
63471.074
62950.82
62439.024
61440.0
61935.484
64000.0
64537.815
62439.024
62950.82
66782.609
66782.609
64537.815
64000.0
