25862.069
26086.957
26132.404
26178.01
26132.404
26833.631
26315.789
25773.196
26362.039
25996.534
26269.702
26178.01
26455.026
25773.196
26041.667
25641.026
26315.789
26501.767
25510.204
26408.451
26362.039
25862.069
25728.988
26833.631
26408.451
25862.069
26690.391
26315.789
25951.557
25817.556
26833.631
26269.702
26548.673
26041.667
26041.667
25951.557
26086.957
25996.534
25951.557
25862.069
25817.556
25862.069
25906.736
45871.56
26362.039
66079.295
40871.935
66666.667
43103.448
71428.571
38659.794
69767.442
38560.411
73529.412
115384.615
27075.812
75757.576
319148.936
4696.306
39164.491
77720.207
123966.942
42016.807
48076.923
48701.299
24958.403
25684.932
26315.789
26978.417
26833.631
27372.263
28409.091
27027.027
28517.11
28037.383
27624.309
27422.303
27777.778
28142.589
26881.72
28735.632
28409.091
27223.23
27472.527
28195.489
28517.11
27522.936
28089.888
28248.588
26978.417
28142.589
27624.309
28301.887
27027.027
27829.314
28409.091
27624.309
27124.774
27675.277
27472.527
27322.404
27726.433
26642.984
27726.433
27624.309
27223.23
26978.417
27422.303
27829.314
27223.23
27932.961
27322.404
24793.388
71090.047
54945.055
27777.778
27472.527
27124.774
27624.309
26833.631
27472.527
27124.774
26408.451
27777.778
26362.039
28355.388
26881.72
27675.277
26881.72
27573.529
26690.391
27675.277
26690.391
85227.273
40540.541
27372.263
27522.936
27675.277
26315.789
27624.309
27272.727
27173.913
27829.314
27173.913
27985.075
27322.404
27124.774
27777.778
27472.527
26501.767
27624.309
26690.391
27472.527
27027.027
27322.404
28301.887
26642.984
27322.404
26642.984
27472.527
26978.417
27223.23
26929.982
27124.774
27027.027
27372.263
27932.961
26690.391
27726.433
27223.23
27422.303
28248.588
27624.309
76530.612
46728.972
69767.442
39164.491
73170.732
118110.236
64377.682
27472.527
81521.739
120967.742
59055.118
71090.047
42134.831
75757.576
113636.364
28790.787
83798.883
267857.143
1418.172
1000000.0
10387.812
258620.69
45871.56
48076.923
26929.982
30364.372
31055.901
32751.092
35799.523
34965.035
35799.523
41095.89
41666.667
41666.667
42016.807
42613.636
41436.464
41899.441
41322.314
114503.817
40871.935
112781.955
85714.286
75757.576
85714.286
47468.354
90361.446
47318.612
89285.714
47923.323
89285.714
49019.608
89285.714
48543.689
92024.54
47619.048
90909.091
47468.354
92592.593
46583.851
92024.54
45731.707
87719.298
46439.628
88757.396
44910.18
88757.396
44510.386
44117.647
44776.119
43604.651
43731.778
43859.649
43227.666
44117.647
43478.261
43352.601
43352.601
43103.448
42613.636
42735.043
