61440.0
60952.381
61440.0
61440.0
60472.441
60472.441
60472.441
56470.588
57744.361
59076.923
61440.0
60952.381
61935.484
62950.82
61440.0
61935.484
61935.484
60472.441
60000.0
60472.441
59076.923
61935.484
62950.82
62950.82
64537.815
64000.0
63471.074
65084.746
65084.746
64000.0
64537.815
63471.074
63471.074
64000.0
62439.024
62950.82
61935.484
61440.0
61440.0
60472.441
61440.0
62439.024
61440.0
62439.024
62439.024
61935.484
63471.074
60472.441
60472.441
60952.381
60000.0
59534.884
60000.0
61440.0
63471.074
62439.024
65084.746
65641.026
65084.746
66206.897
64537.815
65084.746
64537.815
64000.0
64000.0
61935.484
62950.82
62950.82
61935.484
62439.024
61440.0
63471.074
64000.0
64000.0
65084.746
64537.815
64537.815
65641.026
63471.074
64000.0
62439.024
62439.024
62950.82
61440.0
61935.484
61440.0
62439.024
62950.82
60952.381
62439.024
61440.0
61440.0
61935.484
60952.381
61440.0
61935.484
62439.024
62439.024
65641.026
65084.746
66206.897
67368.421
68571.429
69189.189
68571.429
65641.026
65641.026
65084.746
64537.815
64000.0
63471.074
62439.024
62950.82
62439.024
62950.82
63471.074
62439.024
62439.024
62439.024
61440.0
61440.0
60952.381
59534.884
61440.0
60472.441
60952.381
60952.381
60000.0
60952.381
60000.0
61440.0
61440.0
60472.441
61935.484
60952.381
60472.441
60472.441
60472.441
60472.441
60952.381
60472.441
61440.0
60952.381
60952.381
61440.0
64000.0
64537.815
65641.026
66206.897
67368.421
66782.609
67368.421
66782.609
64537.815
65084.746
65084.746
63471.074
62950.82
61935.484
60952.381
60952.381
61935.484
60472.441
60000.0
60472.441
60472.441
60472.441
60472.441
60472.441
62950.82
63471.074
63471.074
64000.0
63471.074
64000.0
65084.746
66206.897
66782.609
65084.746
64537.815
66782.609
65641.026
66206.897
64537.815
65084.746
64000.0
62950.82
62950.82
62950.82
61935.484
62439.024
61935.484
61440.0
61440.0
63471.074
60952.381
60000.0
61935.484
60952.381
64000.0
62439.024
63471.074
63471.074
61935.484
62950.82
63471.074
61935.484
61935.484
61935.484
60952.381
61440.0
60472.441
60000.0
61440.0
59534.884
60472.441
59534.884
58625.954
59534.884
58625.954
59076.923
57744.361
57744.361
58625.954
58625.954
59534.884
61935.484
62950.82
64537.815
66206.897
64000.0
64537.815
65084.746
62950.82
63471.074
61440.0
61935.484
61440.0
61935.484
61440.0
61440.0
60952.381
60000.0
60472.441
59534.884
60000.0
60472.441
60000.0
60952.381
60000.0
60472.441
60000.0
60000.0
60472.441
59534.884
60952.381
59534.884
60472.441
60000.0
59076.923
60952.381
59534.884
60000.0
60000.0
60000.0
60000.0
59076.923
59076.923
59534.884
58181.818
56470.588
57744.361
58625.954
59534.884
59534.884
60472.441
60000.0
60952.381
61935.484
60952.381
61440.0
62439.024
60000.0
61440.0
62439.024
60952.381
60000.0
61440.0
59534.884
60472.441
57744.361
60000.0
60472.441
59534.884
60952.381
60472.441
61440.0
59076.923
59534.884
60472.441
60000.0
60472.441
60000.0
60000.0
60952.381
58625.954
58625.954
60472.441
59534.884
60472.441
59534.884
60000.0
60472.441
60472.441
60952.381
61440.0
60952.381
60952.381
60952.381
60000.0
61440.0
59534.884
60952.381
60952.381
59534.884
60952.381
59534.884
60952.381
61440.0
60472.441
60472.441
61440.0
60472.441
60000.0
59076.923
60000.0
59534.884
59534.884
59534.884
60000.0
59076.923
59534.884
59076.923
60000.0
60000.0
59534.884
59534.884
60472.441
60952.381
60952.381
60000.0
59534.884
59534.884
59534.884
59534.884
59076.923
59076.923
58625.954
59534.884
58181.818
58181.818
59534.884
58625.954
59534.884
58625.954
59534.884
59534.884
60000.0
59534.884
58625.954
58625.954
59076.923
59534.884
57744.361
58625.954
58625.954
59076.923
58625.954
57313.433
59534.884
58181.818
59076.923
60472.441
58625.954
59076.923
59076.923
59076.923
60472.441
58625.954
59076.923
59534.884
57313.433
58625.954
59076.923
59076.923
59534.884
58625.954
59076.923
60472.441
59534.884
59076.923
57744.361
58181.818
58625.954
58625.954
58181.818
58181.818
59534.884
59076.923
58181.818
59534.884
58181.818
58181.818
59534.884
58181.818
58181.818
58181.818
58625.954
59076.923
58625.954
59076.923
57744.361
59534.884
61935.484
61935.484
61440.0
59534.884
60472.441
59076.923
58625.954
58181.818
58625.954
57744.361
57744.361
56470.588
57744.361
57313.433
56888.889
58181.818
57744.361
58181.818
59076.923
57744.361
58625.954
59534.884
58625.954
58181.818
58625.954
58625.954
58625.954
58181.818
58181.818
59534.884
57744.361
58181.818
58625.954
59534.884
59076.923
58625.954
59076.923
59076.923
58625.954
59534.884
58625.954
58625.954
58181.818
59534.884
58625.954
59534.884
59534.884
60472.441
58625.954
59534.884
60000.0
59534.884
59534.884
60472.441
59534.884
60000.0
60000.0
59076.923
58625.954
59534.884
57744.361
57313.433
58625.954
57744.361
58181.818
58625.954
57744.361
57744.361
57744.361
57744.361
58181.818
57744.361
57744.361
57313.433
56888.889
56888.889
57313.433
57313.433
56888.889
57744.361
56470.588
56888.889
57744.361
58625.954
58625.954
59076.923
59076.923
59534.884
60472.441
60952.381
60952.381
61440.0
61935.484
60952.381
60472.441
59534.884
59534.884
60000.0
59076.923
58181.818
59076.923
59076.923
57313.433
58625.954
57313.433
57744.361
57313.433
58181.818
57313.433
57744.361
59076.923
59534.884
59076.923
59534.884
59534.884
58181.818
59534.884
59534.884
58625.954
58181.818
58181.818
56888.889
57744.361
57313.433
56888.889
56888.889
56888.889
56058.394
56470.588
58625.954
58625.954
59076.923
60472.441
60952.381
60472.441
61935.484
60472.441
60952.381
61440.0
60952.381
59534.884
60000.0
60000.0
58181.818
58181.818
57313.433
56888.889
57313.433
57313.433
57313.433
57313.433
58181.818
56888.889
57744.361
56470.588
57313.433
56888.889
55652.174
56470.588
56470.588
56888.889
56888.889
57313.433
57313.433
57313.433
57744.361
56888.889
58181.818
57744.361
56888.889
57744.361
58181.818
58181.818
58625.954
58625.954
58625.954
58625.954
57744.361
59534.884
59076.923
58625.954
60000.0
60000.0
59534.884
61440.0
60952.381
60952.381
62439.024
61935.484
60952.381
60472.441
60000.0
59076.923
58625.954
57744.361
56470.588
56470.588
56470.588
56470.588
56888.889
57744.361
57313.433
57744.361
57313.433
56888.889
56058.394
56470.588
56888.889
55251.799
55652.174
55652.174
56058.394
55652.174
56058.394
57313.433
56888.889
55652.174
56888.889
56888.889
56888.889
55652.174
57744.361
56470.588
56470.588
56058.394
57313.433
57313.433
60000.0
58625.954
57744.361
60000.0
59534.884
58625.954
60952.381
59076.923
59076.923
60472.441
59076.923
59076.923
59076.923
58181.818
58181.818
57744.361
56888.889
57313.433
56470.588
54468.085
55251.799
54468.085
55251.799
55251.799
55652.174
56470.588
56888.889
56470.588
55652.174
56058.394
53333.333
55251.799
54468.085
55652.174
56470.588
57313.433
57744.361
57313.433
58625.954
58625.954
58181.818
60000.0
59076.923
58625.954
60000.0
60000.0
59076.923
60952.381
60472.441
59534.884
60952.381
59534.884
59076.923
59534.884
58625.954
58181.818
57744.361
57313.433
56888.889
56470.588
55251.799
54468.085
54857.143
54468.085
55251.799
55251.799
54857.143
54468.085
56058.394
55652.174
56058.394
55652.174
54857.143
55652.174
56058.394
55652.174
56470.588
54857.143
56058.394
56058.394
55251.799
52965.517
55652.174
55251.799
57313.433
56058.394
56470.588
56058.394
55251.799
56058.394
56888.889
56058.394
55652.174
56888.889
55251.799
56470.588
56888.889
56058.394
56058.394
56888.889
56470.588
56058.394
57313.433
56058.394
56058.394
56058.394
56888.889
55652.174
55652.174
54857.143
55652.174
55652.174
54857.143
54084.507
54857.143
55652.174
56058.394
55652.174
56058.394
56888.889
55251.799
54857.143
56888.889
56058.394
56888.889
60472.441
61440.0
64537.815
66206.897
68571.429
69818.182
70458.716
71111.111
72452.83
71111.111
71111.111
71111.111
70458.716
68571.429
69189.189
67964.602
68571.429
67368.421
68571.429
69189.189
65084.746
68571.429
66782.609
65084.746
66206.897
65641.026
64537.815
64000.0
65641.026
64537.815
64537.815
65084.746
63471.074
64537.815
62439.024
60952.381
60952.381
59534.884
61440.0
60472.441
59534.884
60952.381
58625.954
59534.884
60472.441
59534.884
60952.381
61935.484
62950.82
64537.815
66206.897
65641.026
65641.026
65641.026
64537.815
64000.0
91428.571
51543.624
65641.026
67368.421
66782.609
68571.429
66782.609
66782.609
68571.429
68571.429
66782.609
69818.182
69818.182
69189.189
71775.701
68571.429
68571.429
66782.609
64537.815
62439.024
61935.484
59534.884
60472.441
59534.884
58181.818
58181.818
58181.818
59076.923
60472.441
60472.441
61440.0
61440.0
62439.024
64000.0
62439.024
64000.0
64000.0
66206.897
91428.571
51543.624
192000.0
102400.0
66206.897
65084.746
67368.421
67964.602
65084.746
63471.074
62950.82
62439.024
61440.0
61440.0
60952.381
60472.441
61935.484
62439.024
106666.667
44393.064
62950.82
64000.0
64537.815
63471.074
64000.0
61440.0
61440.0
60952.381
60000.0
60000.0
60472.441
59076.923
94814.815
50526.316
58181.818
58181.818
58181.818
58181.818
58181.818
58181.818
58181.818
57313.433
56470.588
58181.818
59076.923
60000.0
60952.381
60952.381
64000.0
64537.815
64000.0
63471.074
63471.074
63471.074
61935.484
61935.484
98461.538
45443.787
62439.024
63471.074
63471.074
60952.381
61440.0
91428.571
45988.024
60952.381
62950.82
61935.484
62439.024
61935.484
61440.0
62950.82
60952.381
64537.815
63471.074
64537.815
65641.026
192000.0
103783.784
67368.421
67368.421
67368.421
66206.897
65084.746
64000.0
64537.815
62439.024
61935.484
62439.024
61935.484
62439.024
60952.381
61935.484
60472.441
60472.441
61440.0
60000.0
59076.923
58625.954
57744.361
59076.923
58181.818
58181.818
59076.923
58625.954
59076.923
57744.361
58625.954
58181.818
58181.818
58181.818
58181.818
58625.954
57744.361
58625.954
58181.818
56888.889
58181.818
57313.433
56058.394
58625.954
59076.923
60472.441
60000.0
60472.441
60952.381
59534.884
59534.884
59076.923
58625.954
59534.884
60000.0
60472.441
61440.0
59534.884
59534.884
58625.954
58625.954
58181.818
58181.818
57744.361
57313.433
57744.361
58181.818
58625.954
58625.954
59534.884
57313.433
58625.954
59076.923
59076.923
59534.884
62950.82
78367.347
101052.632
109714.286
80842.105
76800.0
83478.261
102400.0
86292.135
86292.135
96000.0
97215.19
88275.862
103783.784
109714.286
105205.479
105205.479
103783.784
106666.667
49870.13
52602.74
54468.085
56888.889
56888.889
57744.361
58181.818
58625.954
60000.0
59076.923
59534.884
60472.441
58625.954
60000.0
59076.923
58625.954
59534.884
59534.884
59076.923
60000.0
59534.884
58625.954
58625.954
57744.361
59076.923
58625.954
60952.381
61440.0
61440.0
60952.381
61935.484
60000.0
99740.26
44137.931
60472.441
61935.484
61935.484
61935.484
60952.381
60472.441
60472.441
59076.923
57313.433
58625.954
58181.818
58625.954
58181.818
58625.954
59076.923
59076.923
58625.954
58181.818
58625.954
59076.923
58625.954
58181.818
58625.954
58181.818
58181.818
58625.954
58625.954
58181.818
59076.923
57744.361
58625.954
59076.923
59076.923
58625.954
58625.954
59076.923
59534.884
59076.923
59534.884
58181.818
58625.954
59534.884
58625.954
59534.884
60000.0
59534.884
59534.884
59076.923
58625.954
59076.923
57744.361
58181.818
56888.889
58181.818
58181.818
57744.361
58625.954
56058.394
57313.433
57313.433
57313.433
57313.433
56888.889
57313.433
57313.433
56888.889
57744.361
57744.361
57744.361
58625.954
57744.361
57313.433
57313.433
57744.361
57744.361
57744.361
60000.0
59076.923
60000.0
60472.441
59534.884
59076.923
60472.441
58625.954
60000.0
60472.441
60472.441
61440.0
61935.484
62950.82
64537.815
64537.815
65641.026
66782.609
66206.897
67368.421
64537.815
64537.815
65084.746
62950.82
61440.0
60472.441
60472.441
60000.0
60000.0
59534.884
59534.884
59076.923
58181.818
59076.923
58625.954
59534.884
57744.361
58181.818
59076.923
57744.361
57744.361
58181.818
57313.433
57744.361
57313.433
57744.361
57313.433
57313.433
58625.954
57313.433
57313.433
57313.433
57744.361
58181.818
57313.433
58181.818
58181.818
58181.818
58181.818
58181.818
57744.361
58181.818
58181.818
57744.361
57744.361
57313.433
59076.923
57313.433
57313.433
58625.954
56470.588
56470.588
57744.361
56470.588
57313.433
57744.361
57313.433
57313.433
57744.361
56888.889
57744.361
58181.818
57313.433
56888.889
58181.818
56888.889
57313.433
56888.889
57744.361
58181.818
57744.361
56888.889
59076.923
57313.433
59076.923
58181.818
58625.954
58625.954
56470.588
56470.588
59076.923
57313.433
57313.433
58181.818
58181.818
57744.361
57313.433
57744.361
58181.818
58181.818
57744.361
58625.954
59076.923
59076.923
58625.954
60000.0
58181.818
56888.889
58181.818
56888.889
56470.588
57313.433
55251.799
56888.889
56470.588
56888.889
57313.433
57744.361
56888.889
58181.818
56470.588
56888.889
56888.889
57313.433
56470.588
56888.889
57313.433
56058.394
56888.889
56470.588
56888.889
57313.433
58181.818
56470.588
57313.433
57744.361
56470.588
57744.361
57313.433
54857.143
55652.174
55251.799
55652.174
56470.588
57313.433
55251.799
56888.889
54857.143
56470.588
56888.889
56888.889
56888.889
57744.361
56888.889
57313.433
58625.954
57744.361
57313.433
58181.818
56888.889
55652.174
56058.394
56470.588
56888.889
56888.889
56470.588
56888.889
57313.433
56058.394
57313.433
55652.174
56058.394
56470.588
56058.394
56058.394
56888.889
55652.174
56470.588
58181.818
57744.361
57313.433
59076.923
57744.361
56470.588
57744.361
57313.433
56470.588
58625.954
57313.433
57744.361
57744.361
57744.361
57313.433
58625.954
57744.361
57313.433
57313.433
56888.889
56888.889
56888.889
56470.588
56888.889
55652.174
56888.889
55652.174
57744.361
57744.361
56888.889
56888.889
57744.361
56470.588
55652.174
56470.588
56470.588
56058.394
55652.174
56058.394
56470.588
58181.818
57744.361
57744.361
57744.361
58625.954
57744.361
58181.818
59534.884
57744.361
57744.361
59534.884
58625.954
58625.954
59076.923
58181.818
57313.433
59076.923
56888.889
56888.889
58181.818
57313.433
57744.361
58181.818
58181.818
57313.433
56888.889
58181.818
56470.588
56888.889
57313.433
57313.433
57313.433
56470.588
57313.433
55652.174
56470.588
56058.394
55652.174
56888.889
56470.588
57313.433
56470.588
56888.889
56888.889
57313.433
56888.889
56470.588
56888.889
57744.361
56470.588
57744.361
56888.889
56058.394
57744.361
56888.889
56058.394
56470.588
54468.085
54084.507
55251.799
56058.394
55251.799
56058.394
56058.394
56470.588
56470.588
55652.174
57313.433
56888.889
57744.361
56888.889
56470.588
57313.433
56470.588
56470.588
56470.588
56470.588
55251.799
56058.394
55652.174
56058.394
56058.394
55652.174
54468.085
54468.085
54857.143
52965.517
55251.799
54084.507
54084.507
54857.143
54857.143
54468.085
55652.174
54857.143
53706.294
53706.294
54857.143
54084.507
56058.394
166956.522
89302.326
60952.381
61935.484
63471.074
64000.0
65641.026
66206.897
66782.609
66782.609
63471.074
64537.815
63471.074
61440.0
61935.484
60000.0
57744.361
57744.361
56888.889
56888.889
56888.889
55652.174
55652.174
56058.394
55652.174
55251.799
55251.799
56470.588
54857.143
55652.174
54857.143
54857.143
54468.085
54084.507
53333.333
54857.143
54468.085
55251.799
56470.588
56058.394
57313.433
56470.588
56888.889
56888.889
56470.588
57313.433
56888.889
57313.433
57744.361
56888.889
58625.954
56470.588
56470.588
56888.889
56888.889
59534.884
109714.286
42430.939
60952.381
62950.82
61935.484
61440.0
58181.818
57313.433
56888.889
54857.143
56888.889
55251.799
55251.799
55251.799
55251.799
54468.085
54857.143
55251.799
55251.799
55251.799
55251.799
54084.507
54468.085
54468.085
53706.294
54084.507
54084.507
53706.294
54857.143
53706.294
54857.143
55251.799
55652.174
55652.174
56888.889
56470.588
56470.588
59534.884
58181.818
57313.433
58181.818
57313.433
57744.361
56470.588
55652.174
56888.889
55652.174
55652.174
56058.394
56470.588
58181.818
57313.433
56888.889
56888.889
56058.394
56888.889
56058.394
56058.394
56470.588
55251.799
53706.294
54468.085
53706.294
54857.143
53706.294
54084.507
53706.294
54084.507
53706.294
55251.799
54857.143
55652.174
57313.433
57744.361
59076.923
60952.381
61440.0
63471.074
62950.82
60952.381
61440.0
60952.381
60000.0
88275.862
46265.06
59534.884
61935.484
60000.0
60472.441
60000.0
58625.954
60472.441
57313.433
57313.433
57313.433
57313.433
57313.433
56470.588
56888.889
56888.889
56058.394
56470.588
55251.799
55652.174
56058.394
54084.507
55652.174
54468.085
54857.143
55652.174
57313.433
59076.923
59534.884
62439.024
61440.0
60952.381
60952.381
59534.884
58625.954
58181.818
56058.394
57313.433
56058.394
56058.394
55652.174
56058.394
55652.174
57313.433
56470.588
57744.361
57744.361
56470.588
58181.818
56888.889
56470.588
56888.889
56470.588
55251.799
56470.588
56058.394
56470.588
56470.588
56058.394
57744.361
57313.433
56470.588
57744.361
56470.588
56470.588
56888.889
56470.588
55652.174
56888.889
56888.889
57313.433
56470.588
55652.174
56470.588
56058.394
56470.588
56470.588
56058.394
54857.143
55652.174
56058.394
56058.394
56470.588
56888.889
56470.588
56058.394
55652.174
55251.799
55251.799
55652.174
56058.394
57313.433
56470.588
57744.361
56470.588
56058.394
56470.588
54857.143
54857.143
54084.507
52965.517
54468.085
53333.333
53333.333
54468.085
54084.507
53333.333
52965.517
53706.294
52965.517
53706.294
53333.333
54468.085
54084.507
54084.507
55652.174
54468.085
54084.507
53706.294
54084.507
54084.507
53333.333
52965.517
53706.294
52244.898
52244.898
52965.517
51891.892
51891.892
51891.892
52602.74
54084.507
53706.294
53706.294
56058.394
53706.294
53706.294
53706.294
53333.333
53333.333
55251.799
55251.799
54857.143
54468.085
55251.799
57744.361
56888.889
59534.884
60472.441
59534.884
58625.954
57313.433
56470.588
55251.799
54857.143
52965.517
53706.294
54468.085
