86292.135
89302.326
101052.632
99740.26
111304.348
114626.866
120000.0
74563.107
82580.645
123870.968
66206.897
111304.348
74563.107
130169.492
67964.602
80000.0
128000.0
74563.107
83478.261
87272.727
139636.364
78367.347
73846.154
137142.857
76039.604
130169.492
78367.347
139636.364
75294.118
137142.857
79175.258
142222.222
112941.176
66206.897
85333.333
88275.862
114626.866
77575.758
134736.842
76800.0
82580.645
103783.784
75294.118
114626.866
74563.107
142222.222
77575.758
82580.645
85333.333
86292.135
99740.26
120000.0
82580.645
71111.111
134736.842
75294.118
134736.842
74563.107
80842.105
111304.348
67964.602
98461.538
76039.604
134736.842
73846.154
132413.793
76800.0
132413.793
76800.0
139636.364
80000.0
82580.645
132413.793
65084.746
91428.571
105205.479
92530.12
77575.758
142222.222
76039.604
139636.364
79175.258
82580.645
128000.0
66782.609
114626.866
71111.111
144905.66
75294.118
139636.364
101052.632
118153.846
72452.83
79175.258
87272.727
80842.105
137142.857
71775.701
78367.347
132413.793
61935.484
116363.636
72452.83
80000.0
84395.604
85333.333
106666.667
74563.107
139636.364
75294.118
77575.758
121904.762
64000.0
114626.866
67964.602
105205.479
76039.604
125901.639
74563.107
130169.492
75294.118
139636.364
120000.0
91428.571
70458.716
114626.866
66206.897
85333.333
128000.0
66206.897
86292.135
89302.326
132413.793
139636.364
56058.394
79175.258
132413.793
67368.421
111304.348
73846.154
120000.0
72452.83
134736.842
72452.83
134736.842
72452.83
137142.857
120000.0
93658.537
71111.111
125901.639
62950.82
86292.135
105205.479
79175.258
137142.857
75294.118
139636.364
80842.105
84395.604
111304.348
71111.111
97215.19
81702.128
123870.968
75294.118
139636.364
75294.118
137142.857
78367.347
137142.857
79175.258
81702.128
84395.604
112941.176
85333.333
75294.118
142222.222
74563.107
83478.261
86292.135
87272.727
112941.176
73846.154
150588.235
74563.107
81702.128
128000.0
63471.074
109714.286
76039.604
139636.364
128000.0
94814.815
69818.182
116363.636
75294.118
72452.83
102400.0
72452.83
86292.135
98461.538
80842.105
128000.0
75294.118
142222.222
79175.258
80842.105
94814.815
78367.347
139636.364
73142.857
80842.105
83478.261
83478.261
120000.0
70458.716
137142.857
76039.604
130169.492
60000.0
82580.645
102400.0
74563.107
109714.286
74563.107
132413.793
73142.857
78367.347
83478.261
85333.333
132413.793
64537.815
85333.333
88275.862
90352.941
84395.604
98461.538
76800.0
118153.846
72452.83
284444.444
264827.586
73846.154
139636.364
73846.154
76800.0
128000.0
61440.0
99740.26
103783.784
80000.0
70458.716
128000.0
73142.857
128000.0
75294.118
137142.857
73846.154
134736.842
73142.857
132413.793
123870.968
82580.645
71111.111
137142.857
77575.758
134736.842
76039.604
144905.66
114626.866
82580.645
70458.716
142222.222
77575.758
139636.364
77575.758
139636.364
116363.636
93658.537
71111.111
114626.866
65084.746
85333.333
125901.639
68571.429
139636.364
77575.758
83478.261
86292.135
128000.0
67964.602
84395.604
103783.784
80000.0
116363.636
73846.154
134736.842
75294.118
80842.105
84395.604
109714.286
81702.128
74563.107
137142.857
73142.857
137142.857
77575.758
80000.0
108169.014
69189.189
98461.538
79175.258
134736.842
72452.83
81702.128
87272.727
86292.135
130169.492
105205.479
66782.609
79175.258
109714.286
78367.347
123870.968
75294.118
137142.857
73846.154
139636.364
118153.846
88275.862
70458.716
139636.364
73142.857
134736.842
75294.118
80842.105
130169.492
66782.609
112941.176
71775.701
142222.222
76039.604
85333.333
88275.862
106666.667
84395.604
85333.333
128000.0
79175.258
139636.364
80842.105
139636.364
82580.645
84395.604
86292.135
123870.968
83478.261
74563.107
101052.632
75294.118
87272.727
123870.968
71775.701
137142.857
79175.258
82580.645
86292.135
105205.479
90352.941
75294.118
137142.857
118153.846
96000.0
72452.83
109714.286
67964.602
84395.604
128000.0
68571.429
120000.0
76800.0
121904.762
75294.118
137142.857
76800.0
82580.645
112941.176
70458.716
98461.538
80000.0
147692.308
73142.857
81702.128
85333.333
85333.333
139636.364
72452.83
88275.862
81702.128
130169.492
74563.107
75294.118
125901.639
109714.286
91428.571
70458.716
102400.0
85333.333
71775.701
99740.26
73142.857
83478.261
128000.0
65084.746
99740.26
76800.0
102400.0
79175.258
111304.348
76800.0
116363.636
76039.604
85333.333
128000.0
94814.815
77575.758
116363.636
79175.258
111304.348
81702.128
123870.968
79175.258
89302.326
105205.479
80842.105
91428.571
91428.571
96000.0
89302.326
106666.667
1536000.0
86292.135
102400.0
160000.0
178604.651
92530.12
92530.12
116363.636
82580.645
114626.866
85333.333
139636.364
84395.604
132413.793
264827.586
118153.846
142222.222
85333.333
147692.308
83478.261
139636.364
128000.0
109714.286
80842.105
90352.941
96000.0
130169.492
134736.842
69189.189
88275.862
98461.538
98461.538
144905.66
130169.492
170666.667
225882.353
256000.0
123870.968
94814.815
98461.538
147692.308
94814.815
132413.793
73142.857
101052.632
105205.479
142222.222
87272.727
99740.26
114626.866
94814.815
102400.0
103783.784
137142.857
103783.784
89302.326
101052.632
125901.639
93658.537
103783.784
156734.694
77575.758
153600.0
92530.12
99740.26
137142.857
92530.12
102400.0
112941.176
94814.815
128000.0
89302.326
101052.632
156734.694
90352.941
101052.632
123870.968
90352.941
101052.632
103783.784
106666.667
160000.0
90352.941
121904.762
105205.479
88275.862
106666.667
112941.176
93658.537
132413.793
82580.645
102400.0
139636.364
88275.862
132413.793
88275.862
96000.0
153600.0
88275.862
132413.793
85333.333
91428.571
142222.222
87272.727
94814.815
98461.538
96000.0
123870.968
88275.862
111304.348
91428.571
101052.632
109714.286
90352.941
144905.66
147692.308
98461.538
82580.645
91428.571
139636.364
87272.727
94814.815
125901.639
83478.261
150588.235
90352.941
92530.12
132413.793
87272.727
93658.537
137142.857
79175.258
147692.308
85333.333
94814.815
123870.968
88275.862
132413.793
76039.604
99740.26
128000.0
85333.333
150588.235
91428.571
96000.0
93658.537
97215.19
132413.793
87272.727
147692.308
147692.308
93658.537
80842.105
147692.308
84395.604
150588.235
86292.135
147692.308
89302.326
150588.235
86292.135
147692.308
89302.326
147692.308
130169.492
98461.538
80842.105
147692.308
89302.326
147692.308
85333.333
150588.235
123870.968
106666.667
82580.645
101052.632
91428.571
96000.0
120000.0
89302.326
128000.0
85333.333
150588.235
84395.604
147692.308
84395.604
94814.815
134736.842
75294.118
139636.364
83478.261
144905.66
85333.333
91428.571
112941.176
88275.862
132413.793
114626.866
105205.479
105205.479
79175.258
123870.968
86292.135
114626.866
83478.261
99740.26
128000.0
85333.333
134736.842
77575.758
97215.19
132413.793
80842.105
121904.762
88275.862
150588.235
90352.941
139636.364
85333.333
98461.538
116363.636
142222.222
93658.537
85333.333
101052.632
101052.632
90352.941
150588.235
88275.862
153600.0
88275.862
97215.19
103783.784
94814.815
128000.0
89302.326
153600.0
87272.727
96000.0
101052.632
99740.26
139636.364
83478.261
99740.26
102400.0
116363.636
142222.222
71775.701
96000.0
101052.632
99740.26
112941.176
91428.571
142222.222
84395.604
116363.636
93658.537
90352.941
142222.222
86292.135
120000.0
84395.604
98461.538
121904.762
91428.571
150588.235
94814.815
98461.538
120000.0
92530.12
101052.632
101052.632
112941.176
121904.762
90352.941
99740.26
98461.538
103783.784
144905.66
85333.333
125901.639
94814.815
89302.326
103783.784
97215.19
99740.26
156734.694
88275.862
98461.538
118153.846
89302.326
128000.0
80000.0
98461.538
156734.694
84395.604
94814.815
118153.846
89302.326
150588.235
85333.333
92530.12
125901.639
88275.862
153600.0
87272.727
97215.19
134736.842
84395.604
109714.286
102400.0
92530.12
139636.364
86292.135
101052.632
108169.014
92530.12
134736.842
88275.862
109714.286
90352.941
99740.26
125901.639
90352.941
147692.308
89302.326
98461.538
99740.26
101052.632
123870.968
91428.571
134736.842
114626.866
114626.866
89302.326
114626.866
87272.727
99740.26
125901.639
90352.941
144905.66
89302.326
150588.235
91428.571
97215.19
109714.286
94814.815
147692.308
90352.941
99740.26
105205.479
150588.235
99740.26
89302.326
111304.348
91428.571
105205.479
142222.222
147692.308
120000.0
73142.857
89302.326
153600.0
123870.968
76800.0
121904.762
108169.014
87272.727
118153.846
97215.19
150588.235
90352.941
101052.632
139636.364
90352.941
102400.0
118153.846
99740.26
156734.694
93658.537
103783.784
137142.857
84395.604
147692.308
90352.941
105205.479
103783.784
108169.014
134736.842
87272.727
147692.308
125901.639
80000.0
120000.0
93658.537
134736.842
120000.0
83478.261
105205.479
118153.846
116363.636
91428.571
105205.479
103783.784
106666.667
125901.639
93658.537
105205.479
105205.479
103783.784
137142.857
93658.537
160000.0
91428.571
97215.19
123870.968
96000.0
153600.0
87272.727
99740.26
103783.784
101052.632
132413.793
90352.941
150588.235
147692.308
69189.189
101052.632
103783.784
105205.479
102400.0
118153.846
97215.19
134736.842
91428.571
137142.857
92530.12
137142.857
125901.639
125901.639
512000.0
207567.568
207567.568
83478.261
108169.014
106666.667
105205.479
103783.784
120000.0
98461.538
139636.364
109714.286
89302.326
106666.667
108169.014
120000.0
264827.586
150588.235
153600.0
97215.19
101052.632
111304.348
109714.286
121904.762
96000.0
153600.0
94814.815
101052.632
105205.479
153600.0
213333.333
196923.077
97215.19
99740.26
112941.176
264827.586
284444.444
590769.231
125901.639
93658.537
153600.0
108169.014
698181.818
106666.667
105205.479
108169.014
121904.762
101052.632
160000.0
121904.762
82580.645
125901.639
109714.286
125901.639
97215.19
153600.0
96000.0
102400.0
108169.014
106666.667
130169.492
121904.762
123870.968
84395.604
160000.0
96000.0
102400.0
108169.014
106666.667
128000.0
97215.19
142222.222
139636.364
134736.842
77575.758
103783.784
106666.667
109714.286
109714.286
109714.286
137142.857
134736.842
111304.348
94814.815
103783.784
109714.286
125901.639
120000.0
93658.537
106666.667
112941.176
103783.784
134736.842
93658.537
106666.667
112941.176
99740.26
139636.364
94814.815
102400.0
105205.479
103783.784
147692.308
92530.12
102400.0
105205.479
114626.866
132413.793
90352.941
101052.632
109714.286
99740.26
132413.793
89302.326
106666.667
101052.632
102400.0
123870.968
91428.571
139636.364
88275.862
160000.0
89302.326
94814.815
101052.632
97215.19
121904.762
89302.326
150588.235
86292.135
96000.0
114626.866
85333.333
108169.014
93658.537
134736.842
84395.604
156734.694
118153.846
112941.176
87272.727
97215.19
130169.492
87272.727
144905.66
84395.604
99740.26
90352.941
99740.26
128000.0
99740.26
118153.846
87272.727
156734.694
87272.727
93658.537
101052.632
108169.014
109714.286
91428.571
142222.222
87272.727
139636.364
88275.862
139636.364
88275.862
150588.235
89302.326
137142.857
89302.326
144905.66
90352.941
98461.538
103783.784
106666.667
114626.866
97215.19
153600.0
90352.941
101052.632
108169.014
108169.014
174545.455
76039.604
134736.842
94814.815
150588.235
91428.571
101052.632
108169.014
114626.866
139636.364
90352.941
106666.667
108169.014
174545.455
86292.135
92530.12
153600.0
118153.846
83478.261
123870.968
112941.176
170666.667
76039.604
99740.26
120000.0
102400.0
142222.222
91428.571
130169.492
93658.537
97215.19
160000.0
92530.12
128000.0
94814.815
109714.286
130169.492
91428.571
105205.479
105205.479
106666.667
116363.636
99740.26
160000.0
93658.537
98461.538
112941.176
99740.26
153600.0
147692.308
94814.815
85333.333
101052.632
101052.632
103783.784
118153.846
98461.538
139636.364
89302.326
102400.0
108169.014
106666.667
106666.667
102400.0
130169.492
96000.0
142222.222
150588.235
112941.176
71111.111
93658.537
120000.0
111304.348
120000.0
91428.571
111304.348
109714.286
89302.326
111304.348
97215.19
147692.308
134736.842
69818.182
99740.26
108169.014
99740.26
97215.19
128000.0
109714.286
160000.0
166956.522
88275.862
79175.258
130169.492
80842.105
98461.538
116363.636
87272.727
144905.66
125901.639
71111.111
101052.632
96000.0
130169.492
82580.645
116363.636
80000.0
97215.19
112941.176
91428.571
147692.308
114626.866
120000.0
77575.758
120000.0
93658.537
79175.258
92530.12
98461.538
97215.19
147692.308
82580.645
98461.538
98461.538
132413.793
80842.105
108169.014
166956.522
69818.182
147692.308
84395.604
98461.538
99740.26
111304.348
97215.19
94814.815
123870.968
90352.941
99740.26
98461.538
147692.308
89302.326
87272.727
153600.0
86292.135
94814.815
101052.632
99740.26
121904.762
88275.862
139636.364
83478.261
156734.694
88275.862
93658.537
98461.538
114626.866
147692.308
71775.701
150588.235
86292.135
153600.0
89302.326
94814.815
112941.176
92530.12
134736.842
82580.645
96000.0
108169.014
91428.571
130169.492
87272.727
156734.694
82580.645
86292.135
116363.636
83478.261
93658.537
103783.784
86292.135
153600.0
81702.128
92530.12
116363.636
130169.492
64000.0
97215.19
94814.815
106666.667
147692.308
87272.727
74563.107
97215.19
101052.632
82580.645
153600.0
78367.347
89302.326
105205.479
81702.128
153600.0
114626.866
65641.026
89302.326
91428.571
118153.846
109714.286
106666.667
75294.118
102400.0
88275.862
85333.333
134736.842
76039.604
144905.66
76039.604
147692.308
78367.347
84395.604
120000.0
76039.604
147692.308
118153.846
102400.0
71775.701
82580.645
111304.348
74563.107
150588.235
74563.107
82580.645
105205.479
77575.758
132413.793
69189.189
93658.537
83478.261
73846.154
130169.492
70458.716
125901.639
70458.716
144905.66
69189.189
77575.758
106666.667
73142.857
86292.135
102400.0
76800.0
92530.12
98461.538
82580.645
90352.941
96000.0
84395.604
88275.862
94814.815
83478.261
90352.941
89302.326
84395.604
91428.571
88275.862
88275.862
85333.333
114626.866
71775.701
87272.727
86292.135
91428.571
88275.862
142222.222
64537.815
86292.135
92530.12
89302.326
92530.12
91428.571
92530.12
88275.862
130169.492
70458.716
89302.326
89302.326
94814.815
91428.571
91428.571
90352.941
91428.571
93658.537
142222.222
67964.602
89302.326
102400.0
86292.135
92530.12
90352.941
137142.857
71111.111
90352.941
91428.571
89302.326
144905.66
68571.429
89302.326
91428.571
98461.538
76800.0
118153.846
70458.716
147692.308
69818.182
147692.308
75294.118
147692.308
72452.83
147692.308
71775.701
150588.235
99740.26
109714.286
66782.609
112941.176
63471.074
88275.862
130169.492
72452.83
139636.364
71111.111
147692.308
75294.118
132413.793
69818.182
150588.235
71775.701
144905.66
73142.857
144905.66
67368.421
76039.604
108169.014
71775.701
90352.941
99740.26
84395.604
85333.333
102400.0
81702.128
102400.0
81702.128
94814.815
82580.645
106666.667
72452.83
87272.727
103783.784
70458.716
87272.727
106666.667
73142.857
87272.727
102400.0
80000.0
89302.326
97215.19
80000.0
90352.941
97215.19
80842.105
86292.135
98461.538
80000.0
86292.135
96000.0
76800.0
86292.135
99740.26
72452.83
89302.326
101052.632
80000.0
87272.727
102400.0
74563.107
89302.326
98461.538
82580.645
88275.862
84395.604
90352.941
86292.135
86292.135
85333.333
86292.135
114626.866
71775.701
87272.727
86292.135
89302.326
130169.492
69189.189
88275.862
92530.12
86292.135
91428.571
85333.333
98461.538
79175.258
105205.479
81702.128
99740.26
137142.857
66782.609
76800.0
108169.014
75294.118
116363.636
75294.118
120000.0
72452.83
121904.762
67964.602
109714.286
66206.897
86292.135
121904.762
70458.716
87272.727
98461.538
81702.128
91428.571
92530.12
82580.645
88275.862
93658.537
84395.604
82580.645
96000.0
75294.118
85333.333
102400.0
73142.857
85333.333
96000.0
81702.128
89302.326
89302.326
83478.261
86292.135
92530.12
83478.261
87272.727
85333.333
89302.326
89302.326
106666.667
77575.758
92530.12
90352.941
92530.12
91428.571
93658.537
91428.571
134736.842
66206.897
90352.941
101052.632
80842.105
88275.862
88275.862
93658.537
90352.941
91428.571
89302.326
88275.862
111304.348
79175.258
105205.479
79175.258
114626.866
78367.347
114626.866
74563.107
137142.857
67964.602
76039.604
102400.0
71111.111
89302.326
99740.26
70458.716
87272.727
102400.0
73846.154
86292.135
93658.537
80000.0
87272.727
91428.571
80842.105
84395.604
90352.941
80000.0
86292.135
87272.727
87272.727
85333.333
109714.286
73142.857
87272.727
86292.135
88275.862
91428.571
89302.326
142222.222
65084.746
88275.862
87272.727
92530.12
101052.632
77575.758
82580.645
89302.326
91428.571
90352.941
90352.941
89302.326
90352.941
89302.326
134736.842
66206.897
85333.333
106666.667
76800.0
87272.727
97215.19
82580.645
80000.0
99740.26
78367.347
89302.326
92530.12
80000.0
86292.135
93658.537
80842.105
90352.941
93658.537
84395.604
88275.862
86292.135
86292.135
85333.333
109714.286
72452.83
87272.727
105205.479
73846.154
86292.135
101052.632
81702.128
88275.862
98461.538
79175.258
87272.727
98461.538
80842.105
88275.862
88275.862
83478.261
87272.727
92530.12
82580.645
85333.333
87272.727
89302.326
88275.862
108169.014
71775.701
88275.862
101052.632
72452.83
86292.135
102400.0
73142.857
87272.727
97215.19
80000.0
87272.727
87272.727
89302.326
89302.326
105205.479
73846.154
85333.333
99740.26
77575.758
87272.727
85333.333
85333.333
87272.727
103783.784
72452.83
83478.261
103783.784
75294.118
128000.0
67368.421
85333.333
92530.12
86292.135
123870.968
68571.429
87272.727
89302.326
93658.537
90352.941
134736.842
67964.602
91428.571
91428.571
90352.941
92530.12
142222.222
69818.182
90352.941
91428.571
92530.12
93658.537
139636.364
69189.189
82580.645
108169.014
81702.128
112941.176
75294.118
130169.492
72452.83
128000.0
75294.118
121904.762
73846.154
132413.793
73142.857
134736.842
73846.154
130169.492
147692.308
67368.421
73142.857
121904.762
76039.604
118153.846
76039.604
123870.968
71111.111
134736.842
71775.701
142222.222
128000.0
74563.107
66782.609
105205.479
67964.602
85333.333
91428.571
82580.645
109714.286
77575.758
123870.968
76039.604
123870.968
130169.492
75294.118
108169.014
84395.604
73142.857
130169.492
75294.118
132413.793
74563.107
137142.857
73846.154
142222.222
80000.0
144905.66
125901.639
85333.333
71775.701
128000.0
66782.609
88275.862
92530.12
134736.842
76039.604
91428.571
103783.784
80842.105
132413.793
77575.758
137142.857
76800.0
147692.308
76800.0
85333.333
91428.571
90352.941
111304.348
75294.118
109714.286
77575.758
139636.364
72452.83
142222.222
60000.0
86292.135
99740.26
80000.0
98461.538
84395.604
134736.842
69189.189
103783.784
80842.105
139636.364
69189.189
112941.176
76800.0
123870.968
118153.846
79175.258
69189.189
137142.857
71775.701
142222.222
72452.83
125901.639
71111.111
132413.793
69189.189
130169.492
72452.83
125901.639
71111.111
132413.793
69818.182
132413.793
73142.857
125901.639
72452.83
130169.492
71111.111
130169.492
163404.255
65641.026
72452.83
123870.968
75294.118
128000.0
73142.857
130169.492
76039.604
111304.348
76039.604
118153.846
77575.758
116363.636
74563.107
132413.793
72452.83
123870.968
71775.701
134736.842
69189.189
81702.128
105205.479
74563.107
85333.333
89302.326
109714.286
76039.604
97215.19
81702.128
103783.784
83478.261
103783.784
80842.105
116363.636
76800.0
128000.0
73142.857
132413.793
134736.842
74563.107
73142.857
139636.364
130169.492
80842.105
70458.716
111304.348
71775.701
89302.326
134736.842
123870.968
60472.441
87272.727
96000.0
137142.857
74563.107
125901.639
79175.258
76039.604
128000.0
77575.758
130169.492
72452.83
139636.364
75294.118
144905.66
73846.154
80842.105
85333.333
88275.862
121904.762
69189.189
99740.26
93658.537
98461.538
76800.0
123870.968
75294.118
134736.842
73142.857
144905.66
76039.604
132413.793
73846.154
134736.842
73846.154
137142.857
77575.758
142222.222
130169.492
78367.347
69189.189
105205.479
160000.0
60472.441
102400.0
70458.716
116363.636
103783.784
94814.815
72452.83
99740.26
76039.604
87272.727
89302.326
89302.326
142222.222
62950.82
108169.014
121904.762
73846.154
67368.421
109714.286
60000.0
85333.333
98461.538
77575.758
112941.176
76039.604
120000.0
70458.716
139636.364
71111.111
144905.66
73142.857
144905.66
68571.429
76039.604
101052.632
160000.0
55652.174
80000.0
116363.636
75294.118
128000.0
71111.111
134736.842
70458.716
144905.66
67964.602
78367.347
93658.537
80000.0
93658.537
79175.258
130169.492
67964.602
132413.793
65641.026
130169.492
59534.884
81702.128
114626.866
70458.716
128000.0
69189.189
108169.014
64537.815
86292.135
99740.26
80842.105
108169.014
75294.118
130169.492
71111.111
80000.0
132413.793
156734.694
53333.333
90352.941
94814.815
77575.758
120000.0
73142.857
121904.762
62950.82
87272.727
111304.348
72452.83
96000.0
93658.537
82580.645
85333.333
103783.784
137142.857
71111.111
74563.107
123870.968
71775.701
88275.862
132413.793
62950.82
88275.862
93658.537
82580.645
89302.326
130169.492
67368.421
99740.26
82580.645
108169.014
78367.347
125901.639
69818.182
80000.0
134736.842
65641.026
93658.537
84395.604
106666.667
80842.105
120000.0
79175.258
123870.968
76039.604
125901.639
73142.857
137142.857
128000.0
79175.258
69818.182
103783.784
73142.857
89302.326
134736.842
66206.897
90352.941
142222.222
67368.421
88275.862
96000.0
91428.571
108169.014
82580.645
123870.968
74563.107
142222.222
74563.107
142222.222
128000.0
80842.105
68571.429
102400.0
76039.604
89302.326
128000.0
68571.429
97215.19
93658.537
99740.26
80842.105
120000.0
73846.154
142222.222
128000.0
78367.347
69189.189
108169.014
71111.111
132413.793
69189.189
130169.492
77575.758
76039.604
125901.639
72452.83
142222.222
71775.701
134736.842
132413.793
75294.118
106666.667
86292.135
66206.897
105205.479
71775.701
88275.862
91428.571
84395.604
108169.014
78367.347
121904.762
73142.857
144905.66
123870.968
77575.758
66206.897
109714.286
67368.421
84395.604
98461.538
82580.645
114626.866
74563.107
144905.66
69818.182
88275.862
75294.118
82580.645
102400.0
77575.758
128000.0
72452.83
85333.333
128000.0
65084.746
86292.135
87272.727
137142.857
66782.609
132413.793
67964.602
116363.636
125901.639
74563.107
75294.118
112941.176
78367.347
118153.846
74563.107
134736.842
73142.857
82580.645
120000.0
71111.111
88275.862
89302.326
101052.632
80000.0
137142.857
73142.857
82580.645
94814.815
84395.604
92530.12
85333.333
111304.348
134736.842
76039.604
128000.0
75294.118
71111.111
142222.222
74563.107
137142.857
71775.701
142222.222
72452.83
84395.604
123870.968
70458.716
90352.941
137142.857
125901.639
62950.82
109714.286
142222.222
65641.026
130169.492
70458.716
130169.492
78367.347
80842.105
125901.639
81702.128
125901.639
79175.258
134736.842
80842.105
121904.762
134736.842
82580.645
71775.701
108169.014
72452.83
91428.571
103783.784
101052.632
96000.0
78367.347
139636.364
75294.118
142222.222
75294.118
82580.645
88275.862
92530.12
90352.941
91428.571
91428.571
111304.348
81702.128
85333.333
105205.479
81702.128
112941.176
121904.762
80000.0
109714.286
81702.128
69189.189
109714.286
68571.429
86292.135
89302.326
105205.479
73142.857
87272.727
96000.0
80000.0
85333.333
90352.941
80000.0
86292.135
87272.727
85333.333
84395.604
86292.135
86292.135
84395.604
91428.571
87272.727
87272.727
106666.667
74563.107
85333.333
137142.857
67964.602
89302.326
88275.862
90352.941
85333.333
106666.667
79175.258
108169.014
123870.968
76800.0
130169.492
73142.857
76800.0
137142.857
69189.189
137142.857
75294.118
134736.842
74563.107
128000.0
76039.604
128000.0
73142.857
85333.333
125901.639
69818.182
132413.793
67368.421
130169.492
67964.602
132413.793
166956.522
65084.746
76800.0
144905.66
76039.604
139636.364
75294.118
82580.645
111304.348
76039.604
132413.793
67964.602
118153.846
76800.0
132413.793
153600.0
58181.818
86292.135
103783.784
114626.866
80000.0
79175.258
121904.762
76800.0
128000.0
76800.0
134736.842
74563.107
147692.308
121904.762
80000.0
98461.538
91428.571
71775.701
103783.784
71111.111
87272.727
89302.326
106666.667
80842.105
86292.135
101052.632
82580.645
112941.176
77575.758
130169.492
71775.701
142222.222
128000.0
80000.0
69818.182
106666.667
163404.255
97215.19
78367.347
142222.222
74563.107
144905.66
71775.701
84395.604
89302.326
88275.862
144905.66
66782.609
120000.0
76800.0
134736.842
75294.118
137142.857
73846.154
147692.308
121904.762
86292.135
72452.83
137142.857
77575.758
134736.842
76039.604
137142.857
76039.604
147692.308
118153.846
91428.571
72452.83
85333.333
90352.941
89302.326
111304.348
77575.758
99740.26
93658.537
90352.941
83478.261
118153.846
76800.0
142222.222
75294.118
142222.222
71775.701
78367.347
99740.26
137142.857
65084.746
103783.784
88275.862
75294.118
142222.222
76039.604
139636.364
76800.0
147692.308
76039.604
85333.333
142222.222
67368.421
93658.537
94814.815
105205.479
84395.604
130169.492
70458.716
75294.118
105205.479
76800.0
132413.793
71775.701
84395.604
114626.866
69189.189
91428.571
139636.364
73846.154
132413.793
75294.118
130169.492
76800.0
74563.107
108169.014
76039.604
89302.326
128000.0
70458.716
97215.19
88275.862
116363.636
80842.105
132413.793
76039.604
144905.66
77575.758
142222.222
75294.118
86292.135
134736.842
67368.421
93658.537
86292.135
112941.176
81702.128
128000.0
76039.604
147692.308
75294.118
85333.333
139636.364
67368.421
94814.815
102400.0
90352.941
81702.128
120000.0
75294.118
142222.222
73142.857
81702.128
101052.632
78367.347
101052.632
84395.604
123870.968
73846.154
142222.222
73846.154
86292.135
80842.105
116363.636
74563.107
108169.014
82580.645
75294.118
130169.492
130169.492
74563.107
71111.111
147692.308
73846.154
84395.604
128000.0
69818.182
90352.941
91428.571
134736.842
69189.189
132413.793
69189.189
109714.286
82580.645
118153.846
128000.0
80000.0
108169.014
90352.941
70458.716
105205.479
69189.189
89302.326
102400.0
82580.645
118153.846
79175.258
130169.492
73846.154
144905.66
120000.0
82580.645
68571.429
108169.014
71111.111
88275.862
106666.667
125901.639
84395.604
73142.857
101052.632
77575.758
90352.941
125901.639
73846.154
123870.968
73846.154
109714.286
73142.857
89302.326
134736.842
69189.189
130169.492
73846.154
83478.261
92530.12
128000.0
71111.111
88275.862
134736.842
72452.83
134736.842
74563.107
83478.261
123870.968
71111.111
93658.537
89302.326
123870.968
73846.154
105205.479
70458.716
90352.941
93658.537
88275.862
102400.0
84395.604
116363.636
76800.0
134736.842
71111.111
108169.014
66206.897
87272.727
132413.793
71111.111
121904.762
75294.118
125901.639
65084.746
87272.727
98461.538
85333.333
121904.762
73142.857
130169.492
67964.602
144905.66
71111.111
80000.0
134736.842
66782.609
94814.815
111304.348
74563.107
83478.261
98461.538
82580.645
91428.571
92530.12
91428.571
111304.348
73846.154
90352.941
134736.842
67964.602
94814.815
85333.333
102400.0
82580.645
109714.286
80842.105
111304.348
81702.128
114626.866
78367.347
123870.968
74563.107
137142.857
128000.0
75294.118
72452.83
139636.364
71775.701
83478.261
137142.857
66206.897
88275.862
92530.12
91428.571
91428.571
90352.941
91428.571
97215.19
103783.784
83478.261
83478.261
103783.784
81702.128
114626.866
98461.538
90352.941
78367.347
125901.639
78367.347
134736.842
77575.758
132413.793
77575.758
144905.66
77575.758
142222.222
77575.758
150588.235
82580.645
89302.326
114626.866
78367.347
92530.12
94814.815
94814.815
94814.815
99740.26
89302.326
123870.968
82580.645
142222.222
123870.968
93658.537
77575.758
109714.286
77575.758
96000.0
130169.492
76039.604
130169.492
76800.0
137142.857
80000.0
90352.941
96000.0
94814.815
108169.014
86292.135
128000.0
120000.0
94814.815
128000.0
89302.326
76039.604
106666.667
78367.347
92530.12
99740.26
144905.66
82580.645
75294.118
109714.286
147692.308
101052.632
73846.154
111304.348
75294.118
82580.645
144905.66
75294.118
86292.135
132413.793
69818.182
114626.866
82580.645
150588.235
114626.866
63471.074
88275.862
92530.12
93658.537
91428.571
125901.639
78367.347
147692.308
78367.347
123870.968
73846.154
93658.537
103783.784
88275.862
125901.639
81702.128
147692.308
118153.846
99740.26
78367.347
98461.538
83478.261
94814.815
132413.793
74563.107
134736.842
80000.0
93658.537
96000.0
144905.66
71111.111
93658.537
125901.639
80000.0
142222.222
81702.128
92530.12
97215.19
97215.19
101052.632
132413.793
96000.0
80842.105
94814.815
130169.492
75294.118
108169.014
88275.862
142222.222
82580.645
94814.815
94814.815
101052.632
102400.0
83478.261
144905.66
78367.347
89302.326
96000.0
156734.694
73142.857
84395.604
134736.842
78367.347
106666.667
80842.105
91428.571
144905.66
79175.258
91428.571
96000.0
91428.571
102400.0
89302.326
142222.222
80842.105
93658.537
134736.842
73846.154
125901.639
80842.105
150588.235
82580.645
87272.727
106666.667
71775.701
87272.727
109714.286
98461.538
70458.716
102400.0
80000.0
116363.636
78367.347
134736.842
69818.182
90352.941
102400.0
87272.727
123870.968
80000.0
144905.66
80842.105
147692.308
114626.866
67368.421
91428.571
128000.0
88275.862
132413.793
88275.862
76800.0
106666.667
87272.727
134736.842
82580.645
132413.793
86292.135
125901.639
93658.537
79175.258
103783.784
80000.0
96000.0
134736.842
76800.0
144905.66
80000.0
91428.571
142222.222
71111.111
111304.348
86292.135
150588.235
80842.105
90352.941
114626.866
80842.105
128000.0
82580.645
150588.235
83478.261
92530.12
93658.537
134736.842
86292.135
97215.19
109714.286
80000.0
105205.479
83478.261
94814.815
134736.842
79175.258
97215.19
92530.12
132413.793
80842.105
76800.0
111304.348
74563.107
81702.128
156734.694
77575.758
