59534.884
60000.0
60000.0
59534.884
60000.0
63471.074
64537.815
64000.0
62950.82
62439.024
60000.0
60472.441
59076.923
58625.954
57744.361
58181.818
58625.954
58181.818
60952.381
62950.82
62439.024
103783.784
46829.268
61440.0
63471.074
65641.026
64537.815
65084.746
65084.746
62439.024
59076.923
59534.884
59534.884
60000.0
60000.0
59534.884
60472.441
60952.381
65641.026
65084.746
66206.897
62950.82
61935.484
62439.024
62439.024
60952.381
61440.0
59534.884
61440.0
63471.074
65084.746
62950.82
61935.484
61935.484
60472.441
59534.884
61440.0
60952.381
60472.441
60000.0
60952.381
62950.82
64537.815
65084.746
64000.0
61935.484
60472.441
59076.923
60472.441
60472.441
59534.884
59076.923
62950.82
60952.381
61440.0
61440.0
59534.884
58181.818
59534.884
59076.923
59076.923
57744.361
57744.361
59534.884
60000.0
63471.074
61440.0
60472.441
59534.884
60000.0
60000.0
59076.923
57744.361
58625.954
60472.441
62439.024
60952.381
60952.381
60952.381
61935.484
61935.484
60952.381
59534.884
60000.0
62950.82
62439.024
63471.074
65084.746
64000.0
64537.815
62950.82
64000.0
60952.381
59076.923
60952.381
61440.0
99740.26
46545.455
61935.484
65084.746
66206.897
65641.026
62439.024
58625.954
56470.588
55652.174
55652.174
56058.394
56888.889
56888.889
58181.818
60472.441
60952.381
59534.884
60472.441
62950.82
59534.884
60472.441
61440.0
60000.0
59534.884
59534.884
60000.0
60952.381
60472.441
63471.074
62439.024
59076.923
59534.884
59534.884
58181.818
59076.923
60000.0
59076.923
58181.818
62439.024
60472.441
61935.484
61440.0
60952.381
59534.884
59076.923
60000.0
59076.923
60000.0
60472.441
60000.0
59076.923
61440.0
60472.441
60000.0
60952.381
60952.381
59076.923
59534.884
60952.381
60472.441
59534.884
62950.82
64000.0
60952.381
61440.0
61935.484
60472.441
59076.923
59534.884
60472.441
60000.0
59076.923
58625.954
62439.024
60472.441
60952.381
61935.484
61935.484
59534.884
60952.381
60952.381
65084.746
62950.82
61440.0
63471.074
62439.024
61935.484
60000.0
60000.0
63471.074
62439.024
62950.82
60472.441
60472.441
58625.954
60000.0
60952.381
61935.484
63471.074
60472.441
60952.381
60000.0
61935.484
60952.381
60472.441
62950.82
63471.074
60952.381
62950.82
61935.484
59076.923
59534.884
60000.0
60000.0
57313.433
57313.433
58625.954
58181.818
58181.818
56470.588
60000.0
59076.923
59076.923
59076.923
58181.818
60000.0
59076.923
60000.0
60000.0
58181.818
55251.799
55251.799
56058.394
54468.085
54084.507
53333.333
55652.174
55251.799
54084.507
52965.517
54084.507
54084.507
53333.333
53333.333
54084.507
55251.799
53706.294
52965.517
52244.898
105205.479
40421.053
54468.085
54468.085
56058.394
58181.818
58181.818
56058.394
56888.889
57313.433
55652.174
52965.517
52602.74
50860.927
50526.316
53333.333
56058.394
56470.588
58181.818
58625.954
57313.433
56058.394
56058.394
60472.441
58181.818
57313.433
56470.588
54468.085
52602.74
54468.085
54468.085
53333.333
52602.74
52602.74
51200.0
51543.624
51543.624
51200.0
52244.898
54084.507
53706.294
52965.517
52965.517
52965.517
51891.892
53333.333
91428.571
41069.519
54857.143
57744.361
56888.889
55652.174
52965.517
55652.174
54857.143
58625.954
61440.0
144905.66
307200.0
156734.694
64000.0
63471.074
60952.381
60472.441
60952.381
61935.484
62439.024
132413.793
114626.866
61935.484
307200.0
132413.793
274285.714
62439.024
67964.602
174545.455
116363.636
71111.111
69818.182
69818.182
71111.111
70458.716
73846.154
72452.83
74563.107
99740.26
59534.884
76800.0
76800.0
78367.347
80842.105
118153.846
60472.441
77575.758
80000.0
79175.258
76039.604
109714.286
52965.517
71775.701
72452.83
69189.189
116363.636
52965.517
72452.83
106666.667
56058.394
74563.107
111304.348
56888.889
76039.604
109714.286
59534.884
76039.604
80000.0
78367.347
76800.0
75294.118
73142.857
75294.118
72452.83
72452.83
70458.716
70458.716
69818.182
69189.189
68571.429
66782.609
66206.897
66206.897
66782.609
67964.602
66206.897
69818.182
71775.701
71775.701
69818.182
69818.182
68571.429
67964.602
69189.189
69818.182
69818.182
69818.182
70458.716
69818.182
69818.182
70458.716
72452.83
70458.716
71111.111
72452.83
73142.857
73846.154
72452.83
72452.83
70458.716
69818.182
71775.701
72452.83
71111.111
69818.182
70458.716
64000.0
64537.815
65641.026
65641.026
62439.024
65641.026
63471.074
64537.815
66206.897
65641.026
66782.609
64000.0
66782.609
65084.746
66782.609
67368.421
67368.421
69189.189
68571.429
67964.602
67964.602
64000.0
67368.421
67368.421
67964.602
67368.421
66782.609
97215.19
264827.586
70458.716
72452.83
74563.107
74563.107
72452.83
147692.308
132413.793
70458.716
71775.701
71111.111
71775.701
71111.111
62439.024
66206.897
66206.897
66206.897
64000.0
62439.024
63471.074
63471.074
64000.0
61935.484
62439.024
61440.0
58625.954
59534.884
59534.884
59534.884
62950.82
63471.074
61935.484
60952.381
62439.024
61935.484
61440.0
61935.484
62950.82
60472.441
60472.441
61440.0
61935.484
60472.441
64537.815
61935.484
60952.381
60952.381
60472.441
59534.884
58181.818
57744.361
58625.954
59534.884
62950.82
64000.0
60952.381
60472.441
59534.884
64000.0
61440.0
62950.82
61440.0
59534.884
58625.954
59534.884
59534.884
57744.361
59534.884
60472.441
60000.0
64000.0
62950.82
60000.0
59076.923
61935.484
61935.484
62439.024
65641.026
63471.074
60952.381
60952.381
61935.484
64537.815
66206.897
64000.0
62439.024
64000.0
63471.074
61935.484
60000.0
62439.024
60952.381
58625.954
57313.433
57744.361
58181.818
56888.889
57744.361
59534.884
61935.484
60472.441
59076.923
59076.923
57313.433
54468.085
52602.74
114626.866
41069.519
58181.818
58625.954
57313.433
59534.884
57744.361
55652.174
57744.361
59534.884
57744.361
58625.954
59534.884
59534.884
62439.024
60952.381
59534.884
59534.884
59076.923
58625.954
58181.818
57744.361
57313.433
58181.818
62950.82
60472.441
61935.484
60952.381
60472.441
59076.923
60952.381
63471.074
61440.0
61440.0
61440.0
61440.0
63471.074
60472.441
59076.923
60000.0
58625.954
58181.818
59076.923
59076.923
58625.954
58181.818
64537.815
60472.441
61440.0
61440.0
62950.82
61440.0
59534.884
60952.381
63471.074
60000.0
60000.0
58625.954
56058.394
56888.889
60000.0
60952.381
59076.923
62439.024
64000.0
61935.484
61935.484
62439.024
61935.484
60000.0
60000.0
64000.0
64000.0
63471.074
64000.0
62439.024
60952.381
61440.0
60472.441
59076.923
56888.889
58625.954
60952.381
60472.441
60472.441
64537.815
61440.0
60472.441
60472.441
59534.884
57744.361
58181.818
60000.0
59076.923
64537.815
61440.0
59076.923
59534.884
61440.0
64537.815
62439.024
62439.024
59534.884
58625.954
60952.381
60952.381
60472.441
61440.0
65084.746
61935.484
61935.484
61935.484
62439.024
59076.923
59076.923
60000.0
61935.484
61935.484
62439.024
62950.82
64000.0
61935.484
60952.381
61440.0
60472.441
59076.923
61440.0
60000.0
60472.441
61935.484
64537.815
62439.024
64000.0
64000.0
62439.024
60472.441
65084.746
61440.0
61440.0
60000.0
58625.954
59534.884
60952.381
60000.0
59076.923
61440.0
62950.82
64000.0
63471.074
64000.0
60472.441
60472.441
62950.82
60952.381
61935.484
64000.0
62950.82
59076.923
58625.954
60952.381
60000.0
61440.0
59534.884
62950.82
64000.0
62950.82
65641.026
61440.0
60472.441
62439.024
63471.074
61935.484
61935.484
61935.484
65084.746
64000.0
59534.884
60000.0
60952.381
59076.923
59534.884
58181.818
60000.0
59534.884
60472.441
64537.815
62439.024
64000.0
63471.074
62439.024
60000.0
60000.0
61935.484
60000.0
58625.954
61440.0
62950.82
59076.923
57744.361
57744.361
57313.433
56058.394
56470.588
57744.361
58181.818
56470.588
60952.381
60952.381
60000.0
60472.441
59534.884
64000.0
62439.024
60000.0
61440.0
57744.361
56058.394
56470.588
58625.954
60000.0
58181.818
60952.381
59534.884
61935.484
63471.074
62950.82
58625.954
60000.0
60952.381
60000.0
58625.954
58181.818
60472.441
61440.0
61440.0
62950.82
59534.884
56888.889
57744.361
58181.818
61440.0
59534.884
61935.484
64537.815
61440.0
59076.923
55652.174
54084.507
54084.507
52602.74
52602.74
54857.143
54468.085
52965.517
54084.507
54468.085
53706.294
53333.333
54468.085
53706.294
51891.892
53333.333
54084.507
51543.624
50860.927
51891.892
52965.517
50860.927
51891.892
52602.74
52244.898
50860.927
52602.74
52965.517
53333.333
56888.889
58625.954
55652.174
55251.799
61935.484
61440.0
60952.381
64000.0
63471.074
60472.441
56888.889
54468.085
54084.507
53706.294
52244.898
53333.333
54084.507
53706.294
51891.892
52965.517
53333.333
51891.892
50860.927
54084.507
54468.085
54468.085
54468.085
54468.085
54857.143
52244.898
50860.927
48301.887
50860.927
55652.174
60000.0
60952.381
60952.381
62439.024
65641.026
60472.441
60472.441
58181.818
56888.889
55652.174
56058.394
56058.394
56470.588
56058.394
56058.394
56058.394
54857.143
54468.085
54084.507
53333.333
111304.348
40634.921
54084.507
55652.174
56470.588
54084.507
48917.197
50196.078
55251.799
61935.484
61935.484
62950.82
62439.024
61935.484
62950.82
64000.0
64000.0
63471.074
64000.0
64537.815
64000.0
64000.0
63471.074
64000.0
63471.074
150588.235
116363.636
62950.82
62439.024
64000.0
62950.82
62950.82
62950.82
64000.0
64000.0
64537.815
63471.074
62950.82
62950.82
62950.82
62950.82
61440.0
60952.381
60952.381
60000.0
51200.0
66206.897
67964.602
65641.026
56058.394
51891.892
46265.06
43146.067
48607.595
51200.0
53333.333
55251.799
57313.433
57744.361
57313.433
56058.394
57313.433
57313.433
56058.394
54857.143
55251.799
54468.085
52244.898
51200.0
52244.898
54857.143
52965.517
51200.0
51200.0
50860.927
51891.892
50860.927
53706.294
56888.889
56058.394
60472.441
57313.433
55251.799
53333.333
49230.769
47116.564
49230.769
49870.13
50196.078
53706.294
52244.898
50526.316
48607.595
52244.898
49870.13
50196.078
51543.624
53333.333
53706.294
54468.085
53333.333
51543.624
54084.507
54084.507
52602.74
50526.316
49870.13
52965.517
54084.507
54468.085
53706.294
54084.507
55251.799
53333.333
53333.333
55251.799
57744.361
54468.085
53333.333
52965.517
52244.898
52965.517
105205.479
40634.921
56470.588
57313.433
54468.085
52965.517
52965.517
51891.892
49548.387
51891.892
52244.898
51891.892
51200.0
52244.898
52602.74
52602.74
52602.74
54084.507
54857.143
54468.085
52244.898
53333.333
54084.507
53706.294
52965.517
105205.479
39587.629
56470.588
56888.889
55652.174
53333.333
48917.197
43885.714
46829.268
51200.0
51891.892
51200.0
58625.954
59076.923
60000.0
61440.0
60952.381
58181.818
58181.818
57313.433
52965.517
53333.333
53333.333
52602.74
52244.898
52965.517
52244.898
51200.0
50860.927
50526.316
49870.13
49548.387
50196.078
48607.595
48917.197
50860.927
51200.0
99740.26
38984.772
54084.507
55652.174
54084.507
52244.898
46829.268
45443.787
55652.174
57744.361
56888.889
60472.441
57744.361
52965.517
51891.892
52965.517
52244.898
53706.294
55652.174
54857.143
54468.085
54084.507
54468.085
54084.507
57313.433
60472.441
56058.394
56470.588
55251.799
54084.507
53333.333
53706.294
51200.0
50526.316
52602.74
53706.294
51543.624
53333.333
52602.74
49548.387
51543.624
52602.74
52244.898
54084.507
54084.507
56058.394
55251.799
54468.085
54084.507
54468.085
53333.333
59076.923
62950.82
63471.074
63471.074
55251.799
49870.13
50196.078
51891.892
52965.517
52244.898
53333.333
56888.889
55652.174
55251.799
53706.294
51200.0
50526.316
49870.13
50526.316
50196.078
50196.078
50196.078
51891.892
53333.333
53333.333
51543.624
52244.898
52602.74
49870.13
51543.624
52602.74
52244.898
51543.624
52965.517
52244.898
51200.0
52602.74
53706.294
53333.333
52602.74
52602.74
54468.085
53706.294
52602.74
53706.294
54468.085
58181.818
59534.884
56058.394
54468.085
54857.143
53706.294
54084.507
54468.085
60000.0
64000.0
62439.024
59534.884
54084.507
53333.333
51891.892
51543.624
52965.517
53706.294
54857.143
57744.361
59534.884
61935.484
59076.923
56058.394
52965.517
49230.769
48301.887
48607.595
49870.13
51543.624
52602.74
52244.898
50860.927
52244.898
52965.517
52965.517
52244.898
54084.507
54084.507
53706.294
54857.143
56058.394
54468.085
51891.892
54084.507
56058.394
56470.588
56058.394
55251.799
54468.085
50860.927
51891.892
52965.517
57744.361
63471.074
61935.484
62950.82
56888.889
56058.394
53706.294
51891.892
52602.74
51891.892
52965.517
51200.0
50526.316
50196.078
50196.078
50196.078
51891.892
51891.892
53333.333
54084.507
53706.294
55652.174
60000.0
56888.889
56058.394
53706.294
53333.333
55251.799
53333.333
50526.316
51200.0
50526.316
50196.078
52965.517
55652.174
54857.143
54468.085
56058.394
53706.294
54468.085
55251.799
53706.294
52965.517
52244.898
52965.517
57313.433
63471.074
62950.82
64000.0
54084.507
51543.624
50196.078
48607.595
49230.769
49870.13
50860.927
51543.624
52965.517
52965.517
55251.799
54468.085
55251.799
55652.174
55652.174
56888.889
51543.624
52602.74
50860.927
49230.769
52602.74
53333.333
52244.898
51891.892
52965.517
52965.517
51543.624
52602.74
51891.892
50526.316
50860.927
51200.0
51200.0
51543.624
52602.74
52244.898
50860.927
51891.892
52602.74
52965.517
96000.0
39792.746
55251.799
55251.799
55652.174
55251.799
54468.085
50860.927
46265.06
54084.507
59076.923
60000.0
61935.484
55652.174
54857.143
55652.174
59534.884
60952.381
56470.588
58625.954
58181.818
56058.394
55652.174
54468.085
53333.333
53333.333
52244.898
48301.887
46265.06
46829.268
48000.0
44393.064
44393.064
45714.286
42905.028
48301.887
48917.197
42197.802
42430.939
45714.286
49230.769
50196.078
50860.927
49870.13
48301.887
51543.624
51543.624
50196.078
50196.078
51891.892
52244.898
51891.892
50526.316
48607.595
48917.197
51200.0
50196.078
46829.268
46265.06
48607.595
48000.0
47407.407
48917.197
50196.078
47116.564
44651.163
45988.024
47701.863
46829.268
48607.595
50196.078
49548.387
50196.078
50526.316
51543.624
48917.197
49870.13
50526.316
50526.316
49548.387
51200.0
50526.316
48607.595
48301.887
51200.0
50526.316
48000.0
47701.863
49548.387
47116.564
49230.769
50526.316
48607.595
111304.348
37832.512
82580.645
39587.629
50860.927
51543.624
51891.892
48607.595
53706.294
56470.588
55652.174
55251.799
55251.799
55652.174
55251.799
55251.799
55652.174
56058.394
56470.588
55251.799
56058.394
55251.799
56888.889
57313.433
57313.433
57744.361
57313.433
58625.954
57313.433
56888.889
55251.799
55652.174
54084.507
48917.197
56470.588
56058.394
58625.954
57313.433
55652.174
49230.769
45714.286
46265.06
46829.268
45443.787
47116.564
48607.595
46545.455
47407.407
49230.769
49548.387
46829.268
45443.787
47407.407
46265.06
43389.831
45988.024
49870.13
48000.0
43389.831
47701.863
46265.06
43636.364
44651.163
47701.863
47116.564
46265.06
46829.268
49230.769
51200.0
50196.078
55251.799
61440.0
58181.818
55251.799
52244.898
43389.831
44393.064
48000.0
45176.471
45714.286
47116.564
46545.455
47116.564
48607.595
48917.197
44137.931
41290.323
43146.067
44137.931
42197.802
41739.13
43146.067
44912.281
40851.064
41967.213
43885.714
40421.053
39792.746
44393.064
43885.714
41739.13
44393.064
46265.06
45443.787
41513.514
41513.514
42197.802
41290.323
44912.281
47116.564
45988.024
46829.268
48607.595
48000.0
42905.028
44137.931
48000.0
51891.892
46829.268
43885.714
45443.787
45443.787
45714.286
44651.163
41069.519
42666.667
43146.067
43146.067
44393.064
47701.863
46829.268
42905.028
109714.286
37463.415
51200.0
49870.13
44137.931
103783.784
38208.955
44651.163
44651.163
44651.163
40000.0
40209.424
43146.067
43146.067
43389.831
45988.024
47701.863
44137.931
43885.714
43146.067
43636.364
37832.512
41513.514
43389.831
42666.667
42666.667
43389.831
41967.213
40209.424
42666.667
46265.06
48917.197
48301.887
50196.078
46545.455
39792.746
43636.364
42197.802
43885.714
46829.268
45714.286
47407.407
49548.387
49548.387
45714.286
45988.024
44651.163
39587.629
40634.921
43636.364
43146.067
43146.067
46545.455
48301.887
46545.455
45988.024
46829.268
42430.939
41967.213
46265.06
43636.364
42905.028
46265.06
43636.364
41290.323
43885.714
42430.939
40209.424
43389.831
45714.286
44137.931
44651.163
46829.268
45176.471
41739.13
46265.06
47116.564
44137.931
44912.281
44912.281
106666.667
36746.411
47701.863
51543.624
51891.892
48301.887
48301.887
44651.163
40851.064
44651.163
43885.714
43146.067
44651.163
44912.281
43885.714
44912.281
47701.863
45176.471
43885.714
45988.024
44912.281
40634.921
42666.667
43389.831
40634.921
42905.028
45988.024
44393.064
41290.323
43636.364
44393.064
42430.939
41069.519
44393.064
40000.0
41967.213
44137.931
40421.053
42666.667
43636.364
43885.714
42197.802
46265.06
49230.769
47116.564
42905.028
44393.064
42430.939
42666.667
43885.714
45443.787
42905.028
43146.067
46829.268
45443.787
43389.831
43146.067
45714.286
