6446.068
267857.143
120000.0
120967.742
120000.0
120967.742
118110.236
120967.742
119047.619
119047.619
120000.0
121951.22
120000.0
227272.727
22354.694
1363636.364
117187.5
119047.619
121951.22
120000.0
120000.0
119047.619
119047.619
120967.742
120967.742
120967.742
117187.5
119047.619
120967.742
120000.0
120000.0
119047.619
120000.0
120967.742
120000.0
119047.619
120000.0
120000.0
120967.742
120000.0
119047.619
119047.619
120000.0
120000.0
120000.0
119047.619
120000.0
119047.619
119047.619
120967.742
120000.0
119047.619
120000.0
119047.619
119047.619
120967.742
120000.0
120000.0
119047.619
120000.0
120000.0
120000.0
120000.0
120000.0
118110.236
119047.619
120000.0
120000.0
120000.0
119047.619
119047.619
119047.619
120967.742
119047.619
120000.0
118110.236
119047.619
120967.742
120000.0
120967.742
117187.5
119047.619
120000.0
120000.0
120000.0
119047.619
118110.236
119047.619
120000.0
120967.742
120000.0
119047.619
118110.236
120000.0
120967.742
120000.0
119047.619
119047.619
119047.619
120000.0
120967.742
120000.0
119047.619
119047.619
119047.619
120000.0
120000.0
119047.619
119047.619
119047.619
120000.0
120000.0
120000.0
119047.619
118110.236
119047.619
120000.0
120000.0
119047.619
119047.619
118110.236
120000.0
120000.0
119047.619
118110.236
119047.619
120000.0
120000.0
119047.619
119047.619
119047.619
120000.0
120000.0
120000.0
119047.619
118110.236
119047.619
120000.0
119047.619
119047.619
118110.236
119047.619
120000.0
120000.0
120000.0
118110.236
119047.619
119047.619
120000.0
119047.619
119047.619
118110.236
119047.619
120000.0
120000.0
119047.619
118110.236
119047.619
118110.236
120000.0
119047.619
119047.619
119047.619
118110.236
119047.619
119047.619
119047.619
119047.619
119047.619
138888.889
107913.669
117187.5
120000.0
118110.236
118110.236
119047.619
119047.619
120000.0
119047.619
118110.236
119047.619
120000.0
119047.619
120000.0
118110.236
118110.236
120000.0
119047.619
119047.619
118110.236
118110.236
120000.0
119047.619
118110.236
118110.236
119047.619
119047.619
119047.619
117187.5
118110.236
120000.0
119047.619
118110.236
118110.236
117187.5
119047.619
119047.619
119047.619
117187.5
117187.5
118110.236
119047.619
119047.619
117187.5
119047.619
118110.236
118110.236
120000.0
116279.07
118110.236
117187.5
118110.236
117187.5
118110.236
120967.742
118110.236
116279.07
118110.236
118110.236
118110.236
119047.619
118110.236
118110.236
118110.236
117187.5
119047.619
119047.619
118110.236
118110.236
118110.236
119047.619
120000.0
119047.619
118110.236
117187.5
118110.236
119047.619
119047.619
118110.236
118110.236
118110.236
120000.0
119047.619
118110.236
118110.236
119047.619
118110.236
120000.0
118110.236
118110.236
118110.236
118110.236
119047.619
118110.236
118110.236
118110.236
117187.5
118110.236
119047.619
118110.236
118110.236
117187.5
119047.619
119047.619
119047.619
118110.236
118110.236
118110.236
118110.236
120000.0
118110.236
119047.619
116279.07
118110.236
119047.619
119047.619
118110.236
118110.236
117187.5
119047.619
119047.619
119047.619
117187.5
118110.236
118110.236
119047.619
119047.619
119047.619
118110.236
117187.5
118110.236
119047.619
119047.619
118110.236
118110.236
117187.5
119047.619
119047.619
119047.619
118110.236
117187.5
118110.236
118110.236
120000.0
118110.236
118110.236
117187.5
118110.236
119047.619
118110.236
118110.236
117187.5
118110.236
119047.619
119047.619
117187.5
117187.5
117187.5
117187.5
118110.236
116279.07
118110.236
119047.619
118110.236
117187.5
117187.5
117187.5
118110.236
119047.619
120967.742
113636.364
117187.5
117187.5
116279.07
117187.5
117187.5
119047.619
118110.236
118110.236
118110.236
118110.236
119047.619
118110.236
116279.07
116279.07
114503.817
118110.236
114503.817
115384.615
119047.619
114503.817
116279.07
116279.07
115384.615
116279.07
117187.5
115384.615
118110.236
117187.5
115384.615
117187.5
116279.07
116279.07
119047.619
117187.5
117187.5
117187.5
118110.236
117187.5
119047.619
118110.236
117187.5
116279.07
118110.236
118110.236
118110.236
117187.5
117187.5
116279.07
118110.236
118110.236
118110.236
117187.5
117187.5
117187.5
117187.5
119047.619
118110.236
117187.5
117187.5
117187.5
117187.5
119047.619
117187.5
116279.07
116279.07
118110.236
115384.615
118110.236
118110.236
118110.236
117187.5
117187.5
117187.5
117187.5
118110.236
117187.5
117187.5
116279.07
117187.5
118110.236
117187.5
117187.5
117187.5
116279.07
117187.5
118110.236
118110.236
117187.5
117187.5
116279.07
117187.5
119047.619
117187.5
117187.5
116279.07
116279.07
118110.236
118110.236
117187.5
116279.07
116279.07
117187.5
118110.236
117187.5
116279.07
116279.07
117187.5
135135.135
105633.803
116279.07
117187.5
116279.07
117187.5
118110.236
117187.5
116279.07
116279.07
117187.5
118110.236
117187.5
117187.5
137614.679
103448.276
114503.817
119047.619
117187.5
117187.5
116279.07
117187.5
118110.236
117187.5
116279.07
117187.5
117187.5
118110.236
117187.5
117187.5
118110.236
116279.07
118110.236
117187.5
116279.07
116279.07
118110.236
118110.236
118110.236
116279.07
117187.5
117187.5
117187.5
117187.5
117187.5
159574.468
192307.692
217391.304
170454.545
147058.824
157894.737
147058.824
138888.889
178571.429
211267.606
217391.304
185185.185
132743.363
174418.605
156250.0
164835.165
174418.605
144230.769
147058.824
168539.326
189873.418
178571.429
140186.916
151515.152
189873.418
214285.714
157894.737
150000.0
132743.363
164835.165
159574.468
163043.478
163043.478
145631.068
178571.429
205479.452
187500.0
135135.135
133928.571
121951.22
137614.679
178571.429
163043.478
187500.0
161290.323
180722.892
159574.468
137614.679
182926.829
163043.478
129310.345
142857.143
182926.829
211267.606
178571.429
153061.224
194805.195
116279.07
161290.323
189873.418
166666.667
137614.679
136363.636
174418.605
202702.703
176470.588
127118.644
142857.143
129310.345
145631.068
130434.783
133928.571
166666.667
176470.588
182926.829
178571.429
136363.636
178571.429
189873.418
202702.703
164835.165
150000.0
170454.545
148514.851
140186.916
182926.829
163043.478
153061.224
174418.605
180722.892
170454.545
194805.195
153061.224
142857.143
159574.468
164835.165
200000.0
200000.0
133928.571
148514.851
185185.185
164835.165
140186.916
180722.892
172413.793
138888.889
136363.636
137614.679
182926.829
211267.606
194805.195
168539.326
119047.619
142857.143
187500.0
220588.235
189873.418
168539.326
168539.326
211267.606
197368.421
194805.195
200000.0
205479.452
200000.0
178571.429
185185.185
178571.429
192307.692
178571.429
113636.364
168539.326
182926.829
147058.824
144230.769
170454.545
178571.429
174418.605
157894.737
197368.421
144230.769
164835.165
163043.478
163043.478
170454.545
176470.588
166666.667
163043.478
170454.545
164835.165
166666.667
154639.175
189873.418
166666.667
164835.165
163043.478
163043.478
214285.714
114503.817
223880.597
166666.667
174418.605
227272.727
56603.774
348837.209
187500.0
157894.737
172413.793
170454.545
163043.478
178571.429
147058.824
163043.478
176470.588
153061.224
178571.429
151515.152
159574.468
180722.892
157894.737
172413.793
154639.175
164835.165
163043.478
174418.605
194805.195
141509.434
164835.165
163043.478
159574.468
159574.468
168539.326
178571.429
159574.468
161290.323
180722.892
145631.068
168539.326
159574.468
151515.152
178571.429
161290.323
161290.323
153061.224
176470.588
150000.0
174418.605
157894.737
156250.0
174418.605
159574.468
163043.478
223880.597
52631.579
600000.0
189873.418
164835.165
140186.916
159574.468
168539.326
163043.478
161290.323
170454.545
138888.889
200000.0
168539.326
164835.165
151515.152
163043.478
157894.737
163043.478
141509.434
161290.323
192307.692
157894.737
161290.323
154639.175
170454.545
178571.429
180722.892
147058.824
145631.068
161290.323
176470.588
145631.068
174418.605
161290.323
166666.667
156250.0
163043.478
140186.916
159574.468
163043.478
161290.323
194805.195
159574.468
151515.152
163043.478
172413.793
176470.588
154639.175
170454.545
164835.165
163043.478
144230.769
166666.667
154639.175
159574.468
170454.545
161290.323
156250.0
163043.478
168539.326
159574.468
157894.737
153061.224
182926.829
172413.793
142857.143
153061.224
170454.545
159574.468
164835.165
170454.545
161290.323
157894.737
156250.0
159574.468
163043.478
172413.793
144230.769
168539.326
187500.0
189873.418
185185.185
187500.0
205479.452
192307.692
194805.195
159574.468
168539.326
192307.692
159574.468
176470.588
192307.692
164835.165
150000.0
120967.742
138888.889
150000.0
164835.165
145631.068
108695.652
156250.0
144230.769
120967.742
156250.0
136363.636
176470.588
130434.783
157894.737
182926.829
154639.175
156250.0
159574.468
157894.737
159574.468
153061.224
136363.636
121951.22
147058.824
154639.175
170454.545
200000.0
161290.323
170454.545
185185.185
187500.0
189873.418
170454.545
154639.175
129310.345
131578.947
135135.135
164835.165
164835.165
164835.165
156250.0
192307.692
189873.418
161290.323
197368.421
211267.606
197368.421
141509.434
157894.737
157894.737
133928.571
159574.468
182926.829
187500.0
189873.418
122950.82
137614.679
153061.224
187500.0
187500.0
178571.429
164835.165
189873.418
180722.892
137614.679
153061.224
144230.769
147058.824
166666.667
174418.605
182926.829
189873.418
187500.0
187500.0
185185.185
128205.128
147058.824
168539.326
180722.892
185185.185
159574.468
166666.667
174418.605
156250.0
163043.478
180722.892
170454.545
189873.418
163043.478
145631.068
164835.165
116279.07
138888.889
180722.892
174418.605
166666.667
166666.667
185185.185
185185.185
176470.588
120967.742
140186.916
178571.429
180722.892
182926.829
151515.152
129310.345
168539.326
121951.22
141509.434
163043.478
170454.545
140186.916
132743.363
161290.323
166666.667
178571.429
170454.545
170454.545
168539.326
164835.165
164835.165
164835.165
166666.667
172413.793
170454.545
163043.478
164835.165
140186.916
180722.892
172413.793
217391.304
238095.238
241935.484
214285.714
211267.606
192307.692
187500.0
197368.421
214285.714
227272.727
189873.418
180722.892
200000.0
205479.452
202702.703
194805.195
202702.703
205479.452
202702.703
185185.185
194805.195
208333.333
227272.727
208333.333
205479.452
194805.195
205479.452
205479.452
205479.452
211267.606
197368.421
192307.692
202702.703
202702.703
217391.304
200000.0
192307.692
202702.703
200000.0
197368.421
192307.692
202702.703
192307.692
192307.692
192307.692
192307.692
189873.418
189873.418
192307.692
192307.692
189873.418
192307.692
187500.0
192307.692
187500.0
192307.692
189873.418
187500.0
189873.418
187500.0
189873.418
187500.0
189873.418
187500.0
187500.0
189873.418
185185.185
189873.418
187500.0
174418.605
3000000.0
125000.0
600000.0
170454.545
202702.703
164835.165
189873.418
192307.692
176470.588
194805.195
170454.545
194805.195
189873.418
185185.185
185185.185
187500.0
180722.892
187500.0
187500.0
168539.326
189873.418
187500.0
164835.165
197368.421
194805.195
178571.429
1000000.0
2583.979
937500.0
26269.702
51724.138
33557.047
30737.705
28517.11
26833.631
31055.901
84745.763
64935.065
833333.333
15432.099
56818.182
50167.224
108695.652
116279.07
54151.625
48387.097
54945.055
64377.682
45454.545
130434.783
166666.667
151515.152
137614.679
151515.152
148514.851
150000.0
150000.0
145631.068
148514.851
148514.851
137614.679
144230.769
151515.152
