45714.286
45988.024
45443.787
45176.471
46265.06
45443.787
46545.455
46545.455
48917.197
50526.316
56888.889
58181.818
61935.484
64537.815
61935.484
64000.0
65641.026
64537.815
65641.026
65084.746
65641.026
65641.026
64537.815
65084.746
64000.0
65084.746
63471.074
64537.815
62439.024
62439.024
63471.074
63471.074
64000.0
63471.074
64537.815
64000.0
64000.0
63471.074
64537.815
65084.746
65084.746
66206.897
65641.026
64537.815
64537.815
64537.815
64000.0
63471.074
80842.105
51891.892
56470.588
63471.074
63471.074
63471.074
66206.897
66782.609
67368.421
68571.429
67368.421
72452.83
71775.701
73142.857
74563.107
80000.0
71775.701
76039.604
82580.645
71111.111
76800.0
77575.758
77575.758
78367.347
77575.758
78367.347
80000.0
80000.0
79175.258
80000.0
80842.105
77575.758
82580.645
77575.758
79175.258
77575.758
76800.0
76800.0
75294.118
75294.118
75294.118
76800.0
75294.118
76039.604
75294.118
75294.118
71775.701
71111.111
69818.182
70458.716
69189.189
68571.429
71111.111
66206.897
66782.609
66206.897
66206.897
67368.421
79175.258
61440.0
70458.716
67964.602
70458.716
73142.857
72452.83
73142.857
71111.111
71111.111
70458.716
69189.189
69189.189
70458.716
68571.429
73142.857
65084.746
68571.429
68571.429
69189.189
72452.83
70458.716
71111.111
73846.154
71775.701
71775.701
71775.701
70458.716
72452.83
72452.83
71775.701
73846.154
73142.857
76800.0
69189.189
73142.857
69818.182
68571.429
71111.111
67964.602
63471.074
69189.189
70458.716
69189.189
71111.111
69818.182
66782.609
72452.83
76800.0
68571.429
71111.111
67964.602
71111.111
72452.83
70458.716
69818.182
69189.189
52965.517
47116.564
50526.316
52244.898
51200.0
52244.898
52602.74
52244.898
61440.0
52965.517
62950.82
56470.588
62439.024
53706.294
62439.024
54084.507
52602.74
67964.602
63471.074
64000.0
66206.897
68571.429
70458.716
69818.182
70458.716
73846.154
71775.701
70458.716
71111.111
70458.716
71775.701
71111.111
70458.716
71111.111
73846.154
70458.716
71111.111
69818.182
69189.189
69818.182
64000.0
68571.429
63471.074
53333.333
42430.939
48607.595
48301.887
48301.887
47407.407
48000.0
47701.863
44651.163
47407.407
47407.407
47701.863
48000.0
48607.595
49548.387
48917.197
49870.13
48301.887
51891.892
54857.143
62950.82
88275.862
47116.564
50196.078
52602.74
54468.085
57313.433
58181.818
85333.333
46545.455
45714.286
47116.564
48607.595
46829.268
48301.887
46829.268
48607.595
48301.887
49870.13
49870.13
54468.085
56888.889
60472.441
61440.0
59534.884
61935.484
66206.897
67368.421
64537.815
67964.602
66782.609
67368.421
67368.421
65641.026
68571.429
62439.024
66782.609
66206.897
64537.815
65084.746
62439.024
64537.815
50196.078
48301.887
51891.892
56888.889
62950.82
61440.0
63471.074
64000.0
59076.923
62439.024
62950.82
62950.82
56470.588
61935.484
59534.884
63471.074
84395.604
51543.624
59534.884
60952.381
62439.024
61935.484
64537.815
64537.815
62439.024
62439.024
64000.0
62439.024
62950.82
61935.484
64000.0
62439.024
62950.82
65084.746
64537.815
67368.421
65641.026
65084.746
65641.026
66782.609
67368.421
67368.421
66206.897
69189.189
67368.421
65641.026
67964.602
67368.421
67964.602
68571.429
75294.118
960000.0
68571.429
74563.107
61935.484
65084.746
69189.189
698181.818
64537.815
67368.421
66206.897
65084.746
66782.609
65641.026
66206.897
66782.609
65084.746
66782.609
67964.602
66782.609
67368.421
69818.182
67964.602
69189.189
70458.716
73142.857
73846.154
73846.154
73846.154
74563.107
76039.604
75294.118
73846.154
73846.154
142222.222
156734.694
73846.154
74563.107
76800.0
74563.107
73142.857
75294.118
74563.107
73846.154
75294.118
75294.118
76039.604
77575.758
77575.758
77575.758
153600.0
163404.255
78367.347
139636.364
178604.651
137142.857
187317.073
79175.258
79175.258
144905.66
147692.308
79175.258
80000.0
81702.128
80842.105
82580.645
295384.615
128000.0
82580.645
81702.128
82580.645
81702.128
83478.261
83478.261
83478.261
83478.261
80842.105
82580.645
134736.842
207567.568
80000.0
80000.0
81702.128
82580.645
83478.261
82580.645
320000.0
111304.348
83478.261
85333.333
84395.604
83478.261
82580.645
83478.261
83478.261
83478.261
83478.261
83478.261
83478.261
83478.261
82580.645
82580.645
81702.128
80842.105
80842.105
80000.0
80842.105
80842.105
80842.105
82580.645
83478.261
82580.645
83478.261
82580.645
81702.128
83478.261
83478.261
81702.128
85333.333
82580.645
84395.604
83478.261
84395.604
82580.645
83478.261
82580.645
82580.645
83478.261
84395.604
82580.645
82580.645
83478.261
82580.645
83478.261
84395.604
83478.261
83478.261
83478.261
83478.261
83478.261
83478.261
83478.261
83478.261
83478.261
170666.667
166956.522
84395.604
83478.261
182857.143
153600.0
83478.261
82580.645
202105.263
137142.857
82580.645
82580.645
82580.645
83478.261
83478.261
80000.0
81702.128
81702.128
82580.645
82580.645
219428.571
132413.793
82580.645
82580.645
80842.105
82580.645
81702.128
82580.645
81702.128
83478.261
82580.645
84395.604
83478.261
85333.333
85333.333
83478.261
85333.333
84395.604
86292.135
88275.862
87272.727
88275.862
90352.941
320000.0
120000.0
89302.326
89302.326
89302.326
89302.326
88275.862
89302.326
87272.727
89302.326
90352.941
90352.941
90352.941
90352.941
89302.326
87272.727
87272.727
88275.862
87272.727
88275.862
87272.727
86292.135
86292.135
86292.135
86292.135
86292.135
87272.727
86292.135
84395.604
87272.727
86292.135
83478.261
86292.135
84395.604
85333.333
84395.604
85333.333
85333.333
86292.135
85333.333
85333.333
86292.135
83478.261
86292.135
86292.135
85333.333
87272.727
82580.645
83478.261
84395.604
84395.604
85333.333
85333.333
84395.604
84395.604
81702.128
82580.645
82580.645
81702.128
83478.261
81702.128
83478.261
81702.128
86292.135
73142.857
78367.347
78367.347
78367.347
79175.258
79175.258
80842.105
81702.128
80842.105
80842.105
82580.645
80000.0
80842.105
83478.261
83478.261
81702.128
83478.261
83478.261
82580.645
83478.261
84395.604
83478.261
84395.604
85333.333
85333.333
84395.604
84395.604
85333.333
86292.135
87272.727
88275.862
86292.135
89302.326
88275.862
85333.333
87272.727
87272.727
87272.727
87272.727
85333.333
86292.135
86292.135
156734.694
187317.073
87272.727
85333.333
85333.333
87272.727
86292.135
86292.135
85333.333
84395.604
86292.135
85333.333
85333.333
88275.862
85333.333
87272.727
85333.333
84395.604
88275.862
83478.261
84395.604
86292.135
84395.604
86292.135
84395.604
84395.604
83478.261
83478.261
83478.261
80842.105
82580.645
82580.645
81702.128
77575.758
83478.261
72452.83
76039.604
77575.758
81702.128
80000.0
82580.645
81702.128
80842.105
80842.105
82580.645
80842.105
83478.261
82580.645
80000.0
83478.261
82580.645
80000.0
82580.645
81702.128
80842.105
82580.645
81702.128
83478.261
81702.128
81702.128
84395.604
76800.0
79175.258
80842.105
80842.105
81702.128
81702.128
82580.645
82580.645
80842.105
81702.128
82580.645
80000.0
80842.105
83478.261
73846.154
77575.758
73142.857
73846.154
76800.0
77575.758
78367.347
76800.0
77575.758
78367.347
77575.758
76039.604
77575.758
77575.758
76039.604
77575.758
75294.118
91428.571
44393.064
47407.407
48000.0
106666.667
36226.415
103783.784
43146.067
94814.815
150588.235
89302.326
76039.604
79175.258
80000.0
79175.258
80842.105
80000.0
86292.135
76800.0
77575.758
83478.261
75294.118
76800.0
77575.758
77575.758
76039.604
76800.0
79175.258
71111.111
73846.154
72452.83
73846.154
72452.83
71775.701
70458.716
72452.83
68571.429
68571.429
70458.716
67964.602
62950.82
43389.831
48301.887
48607.595
50196.078
48301.887
49548.387
47407.407
49870.13
48301.887
49548.387
46829.268
48917.197
51200.0
61935.484
61440.0
65084.746
68571.429
69818.182
69818.182
71111.111
70458.716
70458.716
70458.716
71111.111
71111.111
70458.716
68571.429
69818.182
67964.602
75294.118
64537.815
65084.746
67964.602
67368.421
67964.602
69189.189
67964.602
68571.429
68571.429
66782.609
69189.189
67964.602
69189.189
69818.182
69818.182
71111.111
69818.182
82580.645
61935.484
46545.455
50196.078
62439.024
60000.0
87272.727
48607.595
52244.898
63471.074
63471.074
86292.135
47701.863
56470.588
64537.815
67368.421
71111.111
73142.857
73846.154
73142.857
73142.857
75294.118
74563.107
71775.701
71775.701
71111.111
72452.83
73142.857
70458.716
69189.189
68571.429
67964.602
69189.189
69189.189
66782.609
65641.026
67368.421
67368.421
69189.189
66782.609
69189.189
66782.609
66782.609
66206.897
64537.815
65641.026
64537.815
60952.381
51200.0
42905.028
50526.316
54468.085
62439.024
64000.0
64537.815
67368.421
68571.429
67368.421
68571.429
91428.571
56888.889
43636.364
45714.286
48000.0
47701.863
48000.0
48917.197
48301.887
49230.769
48607.595
50196.078
52602.74
56058.394
64000.0
64000.0
65084.746
64000.0
69818.182
65084.746
65641.026
91428.571
45988.024
45714.286
48607.595
48000.0
52965.517
60952.381
61440.0
61935.484
65084.746
66782.609
63471.074
66782.609
66206.897
65084.746
66206.897
65641.026
64000.0
66782.609
64537.815
64000.0
65641.026
64537.815
64537.815
64000.0
92530.12
58181.818
43885.714
52244.898
60952.381
62439.024
64537.815
67964.602
67964.602
67964.602
69189.189
66782.609
66782.609
67368.421
66782.609
69189.189
68571.429
67964.602
69818.182
66206.897
65084.746
64537.815
64537.815
66206.897
68571.429
67368.421
67368.421
69818.182
65084.746
67964.602
65641.026
66206.897
66782.609
66206.897
67964.602
65084.746
66782.609
66782.609
66206.897
67368.421
70458.716
67964.602
156734.694
118153.846
71111.111
69189.189
69189.189
71775.701
69818.182
72452.83
71775.701
72452.83
72452.83
73846.154
74563.107
73142.857
73846.154
73142.857
70458.716
71111.111
70458.716
71111.111
71775.701
70458.716
68571.429
67964.602
69189.189
70458.716
69818.182
69818.182
69189.189
69818.182
69189.189
67368.421
67964.602
67368.421
67964.602
65641.026
66206.897
66206.897
66206.897
65084.746
62950.82
64000.0
66206.897
65641.026
66206.897
77575.758
49230.769
45988.024
50860.927
54084.507
65641.026
65084.746
67368.421
68571.429
69189.189
72452.83
72452.83
71775.701
71111.111
69189.189
69818.182
71111.111
69189.189
69818.182
81702.128
60000.0
53706.294
58181.818
61440.0
62950.82
63471.074
63471.074
62950.82
61935.484
63471.074
65084.746
68571.429
65641.026
66782.609
67368.421
65641.026
65084.746
64000.0
64537.815
61935.484
61440.0
61440.0
61440.0
62439.024
50860.927
52602.74
54857.143
62439.024
55652.174
60000.0
56058.394
60952.381
59534.884
56888.889
57744.361
61440.0
57744.361
57744.361
57744.361
54468.085
56888.889
59534.884
58625.954
60000.0
61935.484
59076.923
60472.441
60952.381
56058.394
62950.82
61440.0
61935.484
64000.0
63471.074
65641.026
66782.609
65084.746
72452.83
61440.0
65084.746
62950.82
66206.897
67964.602
68571.429
64537.815
65084.746
58181.818
56058.394
64537.815
61935.484
84395.604
46265.06
47407.407
53706.294
55652.174
60952.381
60000.0
62439.024
90352.941
48607.595
52602.74
61935.484
62950.82
65641.026
66782.609
67964.602
67964.602
66782.609
66782.609
67368.421
62950.82
61935.484
62439.024
60000.0
58625.954
48301.887
49230.769
51543.624
45176.471
48917.197
49870.13
49230.769
50860.927
51543.624
60952.381
62439.024
64000.0
65084.746
66206.897
65641.026
65641.026
66206.897
64000.0
62439.024
63471.074
61935.484
84395.604
48607.595
46265.06
48607.595
48301.887
50196.078
48917.197
49548.387
49230.769
48607.595
49870.13
48607.595
50196.078
48917.197
49548.387
49230.769
50196.078
59076.923
59076.923
53333.333
60472.441
58625.954
55652.174
56470.588
62439.024
47701.863
46545.455
50860.927
52244.898
60000.0
54468.085
55251.799
57744.361
55652.174
61440.0
50526.316
48301.887
49230.769
51200.0
49870.13
53333.333
55251.799
56470.588
58181.818
60000.0
55652.174
83478.261
44651.163
48301.887
47407.407
49230.769
47701.863
48917.197
48917.197
48301.887
49548.387
48000.0
49230.769
48607.595
48301.887
49548.387
48301.887
49230.769
48607.595
48917.197
49870.13
48607.595
49230.769
49230.769
48301.887
49870.13
48607.595
48607.595
49230.769
48607.595
49230.769
47701.863
48301.887
49230.769
48301.887
49230.769
48000.0
48607.595
50196.078
56470.588
59534.884
57313.433
60000.0
71775.701
44651.163
48301.887
49230.769
48607.595
50860.927
53706.294
52965.517
58625.954
58625.954
56470.588
59076.923
60472.441
60000.0
60472.441
61440.0
61440.0
59076.923
56888.889
57313.433
56058.394
83478.261
44137.931
48000.0
47407.407
48000.0
47116.564
47407.407
47407.407
47116.564
48607.595
47116.564
48301.887
47407.407
48000.0
48607.595
48000.0
48301.887
47701.863
47407.407
48607.595
47701.863
48000.0
48000.0
47701.863
48607.595
48000.0
48301.887
49230.769
48301.887
49230.769
48917.197
48917.197
49548.387
48301.887
49548.387
52244.898
53706.294
55251.799
55251.799
52602.74
53333.333
54468.085
52602.74
53706.294
53706.294
53706.294
50196.078
49230.769
46829.268
48301.887
51200.0
50526.316
48000.0
49548.387
52244.898
56470.588
56888.889
57744.361
60952.381
57744.361
56888.889
59534.884
56888.889
55652.174
57313.433
57744.361
56058.394
57313.433
59534.884
58625.954
58625.954
59534.884
62439.024
57744.361
58625.954
60472.441
55251.799
57744.361
60000.0
62950.82
60472.441
64000.0
59534.884
60472.441
72452.83
47116.564
47407.407
49870.13
49230.769
52244.898
53333.333
55652.174
59076.923
54857.143
54857.143
58181.818
57744.361
55652.174
57313.433
57313.433
54084.507
54857.143
52244.898
51543.624
52965.517
51543.624
53706.294
53706.294
55652.174
56888.889
54468.085
56470.588
84395.604
46265.06
49548.387
48917.197
49870.13
48607.595
49548.387
48607.595
50196.078
49548.387
50860.927
50526.316
51200.0
51891.892
55652.174
56058.394
57744.361
55251.799
56470.588
54468.085
54468.085
56470.588
53706.294
55652.174
55652.174
85333.333
44651.163
47407.407
49870.13
47701.863
50196.078
49230.769
48607.595
50526.316
49870.13
50860.927
50860.927
49548.387
50860.927
49870.13
49548.387
50196.078
49548.387
49870.13
50526.316
49548.387
50860.927
50196.078
50196.078
50526.316
50860.927
51891.892
56058.394
62439.024
61935.484
56470.588
76800.0
45714.286
49870.13
49548.387
49870.13
48917.197
49870.13
51543.624
53333.333
51891.892
49870.13
49548.387
48301.887
48607.595
48301.887
49870.13
51543.624
50526.316
51543.624
51200.0
50526.316
50860.927
50196.078
51200.0
51200.0
50526.316
51543.624
50526.316
51200.0
51200.0
50860.927
52602.74
50860.927
51200.0
51891.892
52965.517
54857.143
53706.294
54468.085
50526.316
45988.024
49230.769
51200.0
50196.078
48607.595
48917.197
48607.595
48917.197
48607.595
48000.0
48607.595
48000.0
48000.0
48917.197
48301.887
49870.13
49548.387
50860.927
50526.316
54468.085
53706.294
54857.143
55251.799
55251.799
54857.143
54084.507
53333.333
50526.316
45988.024
49230.769
49548.387
49870.13
50526.316
49230.769
50196.078
49870.13
48917.197
50196.078
49548.387
48917.197
50196.078
48917.197
49230.769
50860.927
48917.197
51543.624
50526.316
49230.769
52244.898
53706.294
56058.394
56888.889
58625.954
59534.884
60472.441
58181.818
58181.818
60000.0
60000.0
84395.604
46545.455
49230.769
50526.316
49870.13
50196.078
50526.316
50860.927
51891.892
49870.13
49870.13
49548.387
49230.769
48607.595
48607.595
49870.13
49548.387
49548.387
48917.197
47701.863
49230.769
48000.0
50196.078
48301.887
48301.887
48301.887
49548.387
137142.857
77575.758
48301.887
48000.0
48607.595
48607.595
48000.0
49230.769
48301.887
49230.769
49230.769
49548.387
48917.197
50860.927
50526.316
50526.316
50526.316
49548.387
50196.078
51200.0
51200.0
50526.316
52244.898
52965.517
54857.143
53706.294
53706.294
55251.799
53333.333
52602.74
54468.085
86292.135
44651.163
47116.564
48917.197
47701.863
48000.0
49230.769
47407.407
49548.387
48607.595
49230.769
49548.387
160000.0
69189.189
50196.078
48301.887
49548.387
48000.0
49548.387
48301.887
49870.13
72452.83
160000.0
49548.387
48607.595
50196.078
48917.197
53333.333
54857.143
57313.433
61440.0
62439.024
60952.381
61440.0
62950.82
63471.074
58181.818
58181.818
58625.954
61935.484
57744.361
56888.889
58181.818
57744.361
56058.394
82580.645
45988.024
48000.0
49548.387
51891.892
56058.394
207567.568
75294.118
55652.174
57313.433
60000.0
58181.818
307200.0
73846.154
55251.799
58625.954
54857.143
59534.884
54857.143
59534.884
57313.433
59076.923
55652.174
59534.884
60000.0
60000.0
57744.361
60472.441
60952.381
60952.381
64000.0
62439.024
62950.82
60952.381
58625.954
65084.746
62950.82
64537.815
62439.024
61440.0
58625.954
62950.82
64000.0
74563.107
44393.064
49548.387
49230.769
52602.74
50526.316
55652.174
54084.507
58181.818
56058.394
60472.441
59534.884
74563.107
46545.455
49870.13
52602.74
57744.361
60952.381
60000.0
62439.024
62950.82
60952.381
61935.484
62950.82
61935.484
62950.82
64000.0
61935.484
64000.0
65641.026
65084.746
64537.815
64537.815
64537.815
65641.026
66782.609
66206.897
67368.421
67368.421
65641.026
66206.897
68571.429
69189.189
68571.429
69189.189
69189.189
70458.716
67368.421
67964.602
66782.609
66782.609
67964.602
65641.026
65641.026
66206.897
65641.026
67368.421
63471.074
71775.701
65641.026
62950.82
62439.024
70458.716
68571.429
65084.746
67964.602
62950.82
66782.609
67368.421
65641.026
66206.897
62439.024
63471.074
65641.026
67964.602
65084.746
66206.897
62439.024
61935.484
62950.82
64000.0
67368.421
64000.0
61935.484
62950.82
66782.609
66206.897
62439.024
63471.074
62950.82
67368.421
61440.0
61935.484
66782.609
64000.0
66206.897
62950.82
61935.484
67368.421
62439.024
60952.381
66206.897
76039.604
56058.394
60000.0
62439.024
65641.026
79175.258
58181.818
59534.884
66782.609
67368.421
72452.83
71111.111
70458.716
69818.182
147692.308
121904.762
69189.189
67368.421
68571.429
72452.83
202105.263
106666.667
69818.182
69818.182
66782.609
66782.609
68571.429
67964.602
232727.273
88275.862
66782.609
65641.026
320000.0
147692.308
192000.0
66782.609
156734.694
102400.0
62439.024
64537.815
1920000.0
60952.381
81702.128
365714.286
65084.746
65084.746
67964.602
71111.111
72452.83
68571.429
68571.429
72452.83
98461.538
247741.935
71111.111
71775.701
73846.154
71111.111
73142.857
72452.83
196923.077
116363.636
73846.154
73142.857
76039.604
76039.604
73142.857
75294.118
75294.118
75294.118
76800.0
240000.0
112941.176
75294.118
79175.258
75294.118
77575.758
174545.455
139636.364
77575.758
76039.604
76800.0
76800.0
77575.758
78367.347
78367.347
76800.0
76800.0
75294.118
80000.0
77575.758
78367.347
76800.0
77575.758
81702.128
79175.258
80842.105
80000.0
76039.604
79175.258
78367.347
78367.347
75294.118
320000.0
96000.0
75294.118
73142.857
72452.83
67368.421
71775.701
69818.182
71111.111
72452.83
69189.189
64537.815
59534.884
66782.609
98461.538
144905.66
71775.701
65641.026
66206.897
67368.421
207567.568
111304.348
73846.154
66782.609
65084.746
111304.348
48917.197
60952.381
65641.026
69189.189
69818.182
70458.716
71111.111
73142.857
73142.857
75294.118
73846.154
75294.118
73142.857
73846.154
76039.604
73142.857
72452.83
69189.189
72452.83
69189.189
64000.0
67368.421
67368.421
66206.897
69818.182
62439.024
68571.429
65084.746
64537.815
67368.421
62950.82
73142.857
67964.602
47701.863
50526.316
52965.517
53706.294
53706.294
54084.507
54084.507
54857.143
55251.799
55251.799
54468.085
55251.799
54857.143
55251.799
55251.799
