92592.593
92592.593
90909.091
92592.593
89285.714
89285.714
88757.396
87719.298
87719.298
87209.302
87209.302
87209.302
86705.202
86206.897
85714.286
86705.202
86705.202
85714.286
85714.286
85227.273
85714.286
83798.883
84745.763
84269.663
82417.582
84269.663
83798.883
82872.928
85227.273
84269.663
82872.928
81521.739
78947.368
80213.904
80213.904
111940.299
60975.61
78125.0
81967.213
82417.582
81081.081
81081.081
80645.161
82417.582
81521.739
80213.904
81967.213
81081.081
83333.333
102040.816
69124.424
82417.582
84745.763
85714.286
84745.763
84745.763
84745.763
83333.333
84745.763
84269.663
83333.333
84745.763
82872.928
83333.333
83333.333
83333.333
83333.333
83333.333
82872.928
83333.333
82417.582
82417.582
82417.582
82417.582
81967.213
82417.582
81521.739
81081.081
80645.161
81521.739
79365.079
81081.081
83333.333
81521.739
106382.979
62240.664
82872.928
82417.582
80645.161
79787.234
80213.904
81967.213
81081.081
78947.368
78947.368
115384.615
61728.395
81081.081
80213.904
81967.213
84269.663
83333.333
84269.663
85227.273
85227.273
84745.763
84269.663
85714.286
85227.273
86705.202
83798.883
85714.286
85227.273
87719.298
83798.883
85714.286
85227.273
87209.302
85714.286
86206.897
84745.763
84269.663
85227.273
83798.883
85227.273
83333.333
83798.883
84269.663
83798.883
83333.333
82417.582
83798.883
82417.582
82417.582
81521.739
118110.236
62761.506
80213.904
79787.234
80213.904
81081.081
83798.883
81081.081
77720.207
81521.739
144230.769
55147.059
82417.582
78125.0
80213.904
81967.213
80645.161
80213.904
81081.081
79787.234
82417.582
81967.213
81081.081
82417.582
81081.081
83798.883
82872.928
81967.213
83798.883
81967.213
84269.663
81521.739
82417.582
81967.213
80645.161
81081.081
81967.213
81081.081
81081.081
81521.739
80213.904
117187.5
62761.506
123966.942
60728.745
80645.161
82417.582
81081.081
81967.213
82417.582
80645.161
80645.161
80213.904
118110.236
60240.964
78534.031
81521.739
83333.333
79365.079
78125.0
78125.0
80645.161
131578.947
57034.221
76142.132
78125.0
81521.739
138888.889
55762.082
113636.364
63829.787
83798.883
82417.582
83333.333
82872.928
82872.928
82872.928
82872.928
82417.582
81081.081
81081.081
122950.82
62761.506
82417.582
82872.928
82417.582
85227.273
82872.928
83333.333
83798.883
83798.883
83333.333
82417.582
81967.213
81967.213
81967.213
81081.081
80645.161
80645.161
108695.652
65789.474
79787.234
81967.213
81967.213
106382.979
66079.295
81081.081
80213.904
80213.904
105633.803
64935.065
81521.739
80213.904
77319.588
77319.588
79365.079
80213.904
78534.031
75376.884
76142.132
76530.612
78947.368
78125.0
79365.079
79365.079
82872.928
80645.161
79787.234
81081.081
81521.739
84269.663
81081.081
82417.582
82872.928
81521.739
84269.663
82417.582
82417.582
83333.333
81521.739
82417.582
84269.663
82872.928
82417.582
82417.582
82417.582
83333.333
81081.081
81967.213
81521.739
81967.213
82872.928
82417.582
82417.582
82417.582
81967.213
82417.582
81967.213
81521.739
81967.213
83333.333
81967.213
80213.904
78947.368
78947.368
80213.904
82872.928
80645.161
77720.207
78125.0
80213.904
80213.904
78947.368
77720.207
78534.031
79787.234
80213.904
78125.0
79787.234
80213.904
82417.582
78947.368
80213.904
80213.904
82417.582
82417.582
80645.161
81967.213
81521.739
81967.213
83333.333
81081.081
81521.739
81081.081
80645.161
80213.904
81081.081
80213.904
80213.904
78947.368
80645.161
80213.904
81081.081
81081.081
81081.081
80645.161
81521.739
81521.739
80645.161
81521.739
81521.739
79787.234
81081.081
82417.582
80645.161
78947.368
78534.031
79365.079
82872.928
79787.234
77319.588
78947.368
80645.161
80213.904
78947.368
80213.904
78534.031
82417.582
80645.161
80213.904
80645.161
81081.081
83798.883
81521.739
84269.663
82417.582
82872.928
85714.286
82417.582
83798.883
83333.333
83333.333
83798.883
83333.333
83333.333
83333.333
82417.582
82417.582
82872.928
81967.213
82872.928
82872.928
81521.739
81967.213
81521.739
80645.161
81521.739
81081.081
81081.081
80645.161
80645.161
79365.079
79787.234
79787.234
79365.079
79365.079
79787.234
79365.079
82872.928
81521.739
77720.207
79365.079
78534.031
81967.213
80645.161
104895.105
63025.21
80213.904
81081.081
81967.213
79787.234
80645.161
81521.739
82872.928
81521.739
81081.081
81521.739
82417.582
84269.663
81081.081
82872.928
82872.928
83798.883
84745.763
81967.213
82417.582
82417.582
81967.213
81967.213
80645.161
81521.739
81081.081
81081.081
81081.081
82417.582
81521.739
82872.928
82417.582
82872.928
82872.928
81967.213
82872.928
82417.582
81967.213
81967.213
81521.739
103448.276
66666.667
79365.079
80645.161
83333.333
81081.081
77720.207
78947.368
79365.079
80645.161
79365.079
75757.576
76530.612
76530.612
79365.079
78125.0
77720.207
77720.207
79365.079
80645.161
78947.368
79787.234
138888.889
56603.774
82417.582
78947.368
81521.739
80645.161
80213.904
80645.161
81967.213
80213.904
80645.161
80645.161
80645.161
81081.081
80645.161
81081.081
80213.904
80645.161
80213.904
81081.081
81521.739
81081.081
81967.213
82417.582
82872.928
82872.928
82872.928
82872.928
81081.081
81521.739
116279.07
65502.183
267857.143
435.629
