74563.107
74563.107
74563.107
274285.714
96000.0
72452.83
73142.857
73846.154
72452.83
73142.857
225882.353
111304.348
73142.857
73142.857
156734.694
48917.197
72452.83
74563.107
71111.111
73142.857
73846.154
69818.182
67964.602
71111.111
67964.602
66206.897
87272.727
52244.898
56888.889
114626.866
47407.407
67368.421
105205.479
48607.595
86292.135
52602.74
52602.74
112941.176
46545.455
63471.074
105205.479
49870.13
65084.746
105205.479
49870.13
81702.128
50860.927
65641.026
108169.014
49548.387
66782.609
102400.0
51543.624
67368.421
97215.19
49870.13
62950.82
105205.479
48000.0
80000.0
47701.863
52965.517
109714.286
41513.514
57313.433
108169.014
43389.831
60000.0
106666.667
43389.831
56888.889
108169.014
44393.064
60000.0
105205.479
44393.064
57744.361
105205.479
42666.667
59534.884
105205.479
45988.024
59076.923
103783.784
44137.931
81702.128
49230.769
50196.078
108169.014
41513.514
56888.889
108169.014
42197.802
56470.588
106666.667
42430.939
57313.433
103783.784
42430.939
54857.143
106666.667
41513.514
56888.889
103783.784
41069.519
49230.769
125901.639
40000.0
52965.517
105205.479
41290.323
55251.799
105205.479
40851.064
54468.085
102400.0
40421.053
51891.892
103783.784
43885.714
61440.0
101052.632
42430.939
43389.831
44912.281
49870.13
45443.787
45988.024
48301.887
80000.0
45176.471
54468.085
105205.479
41513.514
48301.887
46829.268
48917.197
47701.863
47116.564
81702.128
42430.939
48301.887
47407.407
47407.407
46265.06
49230.769
51200.0
109714.286
41967.213
49548.387
50860.927
106666.667
40421.053
56058.394
99740.26
42666.667
48301.887
58181.818
97215.19
42430.939
48917.197
48301.887
55251.799
103783.784
43885.714
61935.484
58625.954
46545.455
47116.564
53333.333
101052.632
41069.519
44137.931
54084.507
102400.0
41739.13
42666.667
49548.387
109714.286
41069.519
49548.387
106666.667
41069.519
48000.0
48301.887
49230.769
106666.667
39384.615
50860.927
99740.26
40851.064
52244.898
99740.26
41290.323
53706.294
99740.26
41513.514
50196.078
101052.632
42197.802
54084.507
99740.26
44651.163
59076.923
94814.815
44393.064
54468.085
101052.632
41290.323
44137.931
52244.898
103783.784
39183.673
49230.769
47407.407
45176.471
50196.078
101052.632
38984.772
44651.163
49870.13
105205.479
39587.629
42666.667
51200.0
102400.0
40851.064
45714.286
49230.769
106666.667
40851.064
48000.0
52244.898
101052.632
40421.053
48000.0
52244.898
102400.0
40634.921
48301.887
50860.927
103783.784
43885.714
50526.316
99740.26
46265.06
50196.078
101052.632
45988.024
48917.197
103783.784
49870.13
60952.381
69189.189
67368.421
66206.897
65641.026
65641.026
65084.746
65084.746
65084.746
63471.074
62439.024
60472.441
60952.381
91428.571
47407.407
59076.923
99740.26
46829.268
55251.799
103783.784
49548.387
53706.294
105205.479
51543.624
53706.294
106666.667
65641.026
307200.0
59534.884
96000.0
54857.143
87272.727
93658.537
132413.793
64000.0
71775.701
71111.111
72452.83
71111.111
70458.716
70458.716
69818.182
69818.182
68571.429
67964.602
66782.609
66206.897
66206.897
65641.026
66206.897
65084.746
118153.846
52244.898
56058.394
108169.014
50196.078
60000.0
103783.784
52602.74
58625.954
102400.0
53706.294
60472.441
97215.19
54468.085
90352.941
54468.085
62950.82
70458.716
67964.602
68571.429
66206.897
64000.0
66206.897
61935.484
60952.381
91428.571
49548.387
87272.727
53333.333
64000.0
91428.571
50860.927
66206.897
66782.609
66782.609
67964.602
69189.189
64537.815
64537.815
83478.261
52602.74
60472.441
105205.479
50526.316
66206.897
68571.429
67368.421
65641.026
76800.0
57744.361
60952.381
99740.26
50196.078
92530.12
232727.273
69189.189
69189.189
69189.189
90352.941
55652.174
92530.12
320000.0
69189.189
70458.716
69818.182
71111.111
68571.429
69189.189
70458.716
67368.421
67964.602
67368.421
69189.189
69818.182
67368.421
67964.602
68571.429
68571.429
67368.421
68571.429
69818.182
67964.602
68571.429
68571.429
68571.429
67964.602
67368.421
69189.189
66782.609
67964.602
67964.602
67368.421
67368.421
66206.897
66206.897
66782.609
65641.026
65084.746
66206.897
67368.421
66782.609
66206.897
66206.897
67368.421
68571.429
65084.746
66206.897
73846.154
60472.441
64537.815
68571.429
66206.897
67964.602
86292.135
55251.799
65084.746
69189.189
68571.429
69189.189
69189.189
68571.429
67368.421
69189.189
67368.421
69189.189
69818.182
67964.602
150588.235
49548.387
67368.421
71775.701
72452.83
71775.701
69189.189
68571.429
67964.602
65641.026
65641.026
65641.026
66206.897
64537.815
66206.897
65084.746
65084.746
91428.571
51543.624
61440.0
101052.632
49870.13
67964.602
69189.189
69189.189
69189.189
69189.189
69189.189
69189.189
69189.189
71111.111
67964.602
68571.429
70458.716
69189.189
69818.182
69818.182
69189.189
68571.429
67964.602
66782.609
65084.746
65084.746
66206.897
64537.815
88275.862
54084.507
65641.026
67964.602
70458.716
150588.235
50526.316
66206.897
74563.107
71775.701
73142.857
71775.701
70458.716
72452.83
70458.716
71775.701
70458.716
71775.701
71775.701
71775.701
71111.111
70458.716
349090.909
89302.326
70458.716
71775.701
70458.716
69189.189
68571.429
70458.716
70458.716
68571.429
66782.609
64000.0
63471.074
62439.024
61440.0
59534.884
60472.441
60472.441
60472.441
60000.0
60952.381
80000.0
48000.0
58625.954
96000.0
48000.0
69189.189
70458.716
70458.716
70458.716
71111.111
72452.83
73142.857
71775.701
73846.154
72452.83
71111.111
71111.111
70458.716
70458.716
71111.111
69818.182
69818.182
69189.189
67964.602
67964.602
84395.604
57744.361
109714.286
51200.0
66206.897
106666.667
52244.898
64000.0
67368.421
66782.609
79175.258
59076.923
65084.746
69818.182
69189.189
69818.182
70458.716
69189.189
70458.716
69189.189
69189.189
147692.308
49230.769
64537.815
71111.111
71111.111
69818.182
70458.716
69189.189
69189.189
156734.694
47701.863
67368.421
71775.701
69818.182
71775.701
69818.182
69189.189
70458.716
153600.0
48000.0
68571.429
71775.701
72452.83
74563.107
70458.716
83478.261
65084.746
70458.716
71775.701
72452.83
70458.716
71775.701
71775.701
72452.83
71775.701
72452.83
71775.701
71775.701
70458.716
71775.701
72452.83
72452.83
73142.857
71775.701
73142.857
73142.857
73846.154
73142.857
73142.857
74563.107
73142.857
72452.83
74563.107
73846.154
73846.154
73846.154
74563.107
73142.857
74563.107
73142.857
73142.857
73846.154
72452.83
73142.857
72452.83
71775.701
71775.701
71775.701
71111.111
71111.111
71775.701
71775.701
73142.857
73142.857
73142.857
72452.83
73142.857
73846.154
72452.83
73142.857
71775.701
73142.857
69818.182
69818.182
71111.111
70458.716
70458.716
67368.421
69818.182
70458.716
71111.111
71111.111
71775.701
71775.701
73142.857
71111.111
72452.83
73846.154
74563.107
72452.83
71775.701
73142.857
69818.182
69189.189
68571.429
66206.897
69818.182
67368.421
65641.026
69189.189
66206.897
65641.026
65641.026
66206.897
65641.026
64537.815
64000.0
65084.746
82580.645
49230.769
62439.024
62950.82
64537.815
64000.0
63471.074
61440.0
61440.0
61935.484
74563.107
48000.0
54857.143
56470.588
59076.923
57744.361
57744.361
57744.361
58625.954
58181.818
78367.347
46265.06
57313.433
56058.394
57744.361
60000.0
61935.484
61935.484
61440.0
58625.954
56470.588
57313.433
56470.588
57744.361
56470.588
60472.441
62439.024
60472.441
58181.818
61440.0
61935.484
62439.024
61935.484
64000.0
62439.024
59534.884
59534.884
59076.923
58625.954
83478.261
51891.892
61440.0
62950.82
65641.026
67964.602
67368.421
66782.609
66206.897
66206.897
65084.746
64537.815
64537.815
66206.897
80000.0
55251.799
63471.074
66206.897
64537.815
65084.746
64000.0
65641.026
63471.074
65084.746
65084.746
62439.024
62950.82
62950.82
62950.82
61935.484
62950.82
60952.381
80000.0
47407.407
58625.954
56888.889
58625.954
102400.0
80000.0
114626.866
60472.441
60000.0
60000.0
65641.026
62439.024
60952.381
62439.024
62439.024
61935.484
64000.0
62950.82
60472.441
60472.441
59076.923
60000.0
63471.074
61935.484
61440.0
60472.441
63471.074
61440.0
64000.0
60952.381
56058.394
55251.799
57744.361
58181.818
59534.884
61935.484
61935.484
61935.484
62950.82
63471.074
62439.024
64000.0
66206.897
57744.361
54084.507
60472.441
60000.0
61440.0
61440.0
62439.024
64000.0
60952.381
81702.128
46829.268
60000.0
57744.361
57744.361
59076.923
58625.954
57744.361
58625.954
58181.818
56470.588
106666.667
44912.281
56888.889
103783.784
45988.024
56470.588
103783.784
49230.769
58625.954
103783.784
52244.898
55251.799
105205.479
53706.294
54857.143
103783.784
54857.143
56058.394
101052.632
55251.799
56888.889
86292.135
55251.799
66206.897
65641.026
62950.82
76039.604
147692.308
46545.455
49870.13
64537.815
153600.0
51891.892
56470.588
67368.421
69189.189
66206.897
67368.421
66206.897
64537.815
64000.0
62439.024
63471.074
62439.024
61935.484
62950.82
61935.484
61935.484
62439.024
59534.884
60000.0
58625.954
59534.884
58181.818
58181.818
60952.381
59534.884
83478.261
49548.387
53333.333
105205.479
45714.286
52244.898
103783.784
49230.769
58181.818
101052.632
51891.892
55251.799
103783.784
51200.0
56470.588
103783.784
53333.333
57313.433
64000.0
65084.746
63471.074
61935.484
63471.074
61440.0
58625.954
60472.441
105205.479
45443.787
59076.923
101052.632
48000.0
55251.799
102400.0
49870.13
54468.085
103783.784
52602.74
54857.143
103783.784
54084.507
55251.799
102400.0
54857.143
56058.394
97215.19
55251.799
56470.588
61440.0
62439.024
59534.884
57313.433
57313.433
101052.632
46829.268
52244.898
103783.784
49548.387
56888.889
99740.26
54084.507
61440.0
69818.182
64000.0
96000.0
53333.333
57313.433
67964.602
68571.429
68571.429
69189.189
66782.609
67964.602
66206.897
64537.815
66206.897
65641.026
65084.746
60952.381
58181.818
59076.923
60000.0
60472.441
59534.884
61440.0
60472.441
60472.441
60000.0
58625.954
90352.941
46265.06
59534.884
58625.954
60472.441
60472.441
59534.884
60472.441
62439.024
60952.381
59076.923
99740.26
45988.024
59076.923
102400.0
48301.887
55251.799
105205.479
51200.0
55652.174
103783.784
54084.507
61935.484
66782.609
68571.429
65641.026
60952.381
64537.815
67964.602
69189.189
68571.429
69189.189
69818.182
144905.66
51543.624
61440.0
69818.182
71111.111
71111.111
71775.701
69189.189
68571.429
69189.189
85333.333
53706.294
71111.111
57313.433
62950.82
66206.897
66782.609
76039.604
52965.517
59534.884
65084.746
67368.421
66782.609
67368.421
67368.421
67368.421
67964.602
66782.609
67368.421
67964.602
66782.609
66782.609
68571.429
67964.602
67964.602
69189.189
67368.421
66782.609
68571.429
67368.421
66782.609
65641.026
67368.421
65084.746
64537.815
67368.421
65084.746
65641.026
65641.026
66206.897
65084.746
64000.0
64537.815
62950.82
64537.815
64000.0
63471.074
64537.815
63471.074
61935.484
64537.815
62950.82
61440.0
63471.074
65641.026
65641.026
65084.746
64000.0
62950.82
63471.074
62950.82
61935.484
62950.82
69189.189
57744.361
60000.0
67964.602
64537.815
64000.0
81702.128
52244.898
55251.799
60952.381
63471.074
62439.024
61935.484
60000.0
60000.0
77575.758
51543.624
56470.588
106666.667
46829.268
58625.954
105205.479
52602.74
64000.0
67368.421
64000.0
60952.381
59076.923
59534.884
75294.118
47407.407
54857.143
106666.667
47407.407
65084.746
53333.333
60952.381
103783.784
51200.0
61935.484
65641.026
79175.258
51200.0
56888.889
106666.667
49230.769
63471.074
101052.632
50860.927
65084.746
69189.189
67368.421
66206.897
67368.421
66206.897
66206.897
66206.897
65084.746
78367.347
55652.174
102400.0
48607.595
62950.82
91428.571
51543.624
65641.026
69189.189
62950.82
63471.074
63471.074
63471.074
61440.0
60952.381
62950.82
61440.0
60472.441
97215.19
46265.06
60952.381
103783.784
46829.268
73142.857
48000.0
49548.387
105205.479
44651.163
59076.923
101052.632
47116.564
66206.897
68571.429
66782.609
65641.026
62950.82
62950.82
63471.074
64537.815
65641.026
65084.746
63471.074
63471.074
62439.024
62439.024
64000.0
78367.347
57744.361
67368.421
68571.429
67964.602
67964.602
67964.602
67368.421
66206.897
65084.746
66782.609
66782.609
64537.815
64000.0
62950.82
64537.815
81702.128
47701.863
59076.923
60000.0
62950.82
62950.82
62439.024
85333.333
51543.624
112941.176
48000.0
57313.433
105205.479
53333.333
65641.026
67964.602
67368.421
64537.815
62950.82
62950.82
62950.82
62950.82
59534.884
108169.014
47116.564
66782.609
66206.897
63471.074
65641.026
60952.381
55251.799
60472.441
59534.884
57744.361
105205.479
45176.471
60472.441
61935.484
61935.484
63471.074
62439.024
61935.484
84395.604
50196.078
52244.898
108169.014
45988.024
56888.889
103783.784
51200.0
62439.024
96000.0
53706.294
62439.024
66782.609
66206.897
65641.026
64000.0
63471.074
59534.884
60952.381
60472.441
61440.0
61440.0
60472.441
61935.484
62439.024
61935.484
58181.818
56888.889
108169.014
46829.268
59076.923
98461.538
50860.927
57313.433
101052.632
52244.898
56888.889
102400.0
52244.898
57744.361
101052.632
50860.927
65641.026
53333.333
52602.74
103783.784
47116.564
59534.884
101052.632
60952.381
50196.078
65084.746
53333.333
57313.433
101052.632
49230.769
61440.0
65084.746
66782.609
62950.82
62439.024
61440.0
60472.441
62439.024
60952.381
61440.0
59534.884
103783.784
45176.471
59534.884
103783.784
49230.769
61935.484
62439.024
60952.381
59076.923
60000.0
58625.954
57313.433
101052.632
45176.471
60472.441
97215.19
48607.595
60000.0
63471.074
62950.82
60952.381
60952.381
61935.484
62439.024
63471.074
67368.421
63471.074
67368.421
132413.793
111304.348
59076.923
60472.441
55652.174
56058.394
105205.479
45176.471
56058.394
103783.784
50526.316
58625.954
105205.479
51543.624
54084.507
105205.479
51543.624
54084.507
103783.784
52602.74
55652.174
103783.784
50860.927
66782.609
51200.0
89302.326
47701.863
51891.892
103783.784
47116.564
55652.174
105205.479
49548.387
55251.799
105205.479
50526.316
56888.889
101052.632
51543.624
57744.361
98461.538
51200.0
56888.889
98461.538
52244.898
73846.154
57744.361
61440.0
87272.727
56470.588
67368.421
69189.189
68571.429
64537.815
62439.024
61440.0
60472.441
105205.479
45443.787
61440.0
118153.846
45714.286
57313.433
101052.632
49230.769
53706.294
102400.0
48917.197
53706.294
105205.479
48607.595
54857.143
105205.479
49548.387
54084.507
103783.784
51543.624
59534.884
93658.537
54084.507
64000.0
68571.429
68571.429
66782.609
66782.609
64537.815
63471.074
61440.0
59534.884
105205.479
46829.268
61440.0
101052.632
48607.595
62950.82
97215.19
50526.316
67368.421
67368.421
71111.111
66206.897
66206.897
66206.897
65641.026
65641.026
65641.026
66782.609
65641.026
65084.746
65084.746
65641.026
61935.484
63471.074
64000.0
65084.746
64000.0
66206.897
66782.609
66206.897
64537.815
64537.815
65084.746
65641.026
66206.897
65641.026
66206.897
66206.897
67368.421
66782.609
65641.026
187317.073
108169.014
67368.421
66782.609
67368.421
66782.609
65641.026
66206.897
61440.0
103783.784
47407.407
61440.0
109714.286
49870.13
62950.82
106666.667
51891.892
64537.815
102400.0
53333.333
66206.897
69189.189
69189.189
65641.026
66206.897
65641.026
88275.862
49548.387
55251.799
111304.348
48917.197
64537.815
103783.784
50196.078
80842.105
52965.517
57744.361
106666.667
50526.316
62950.82
103783.784
53333.333
65084.746
90352.941
53706.294
66206.897
67368.421
64000.0
62950.82
65084.746
64000.0
61440.0
105205.479
48301.887
80842.105
50860.927
51891.892
108169.014
48000.0
57313.433
106666.667
51200.0
62439.024
102400.0
51543.624
60952.381
98461.538
50196.078
57313.433
101052.632
48607.595
57313.433
101052.632
48917.197
54084.507
103783.784
48000.0
54857.143
103783.784
49548.387
62439.024
94814.815
48607.595
61935.484
88275.862
49870.13
80842.105
49230.769
52965.517
103783.784
48607.595
58181.818
102400.0
50526.316
60000.0
93658.537
47116.564
59534.884
93658.537
48607.595
60472.441
60000.0
63471.074
65084.746
63471.074
59534.884
59076.923
101052.632
45714.286
61935.484
94814.815
47701.863
85333.333
49230.769
59076.923
101052.632
47116.564
83478.261
47407.407
60472.441
102400.0
47701.863
62950.82
98461.538
50196.078
65641.026
67964.602
64537.815
74563.107
51543.624
108169.014
48607.595
59076.923
102400.0
51891.892
65641.026
68571.429
69189.189
67368.421
65084.746
64000.0
65641.026
62439.024
61440.0
97215.19
50196.078
65084.746
64537.815
63471.074
61440.0
63471.074
62439.024
60952.381
93658.537
46829.268
58625.954
101052.632
47407.407
80000.0
55652.174
64000.0
88275.862
52965.517
78367.347
60952.381
67368.421
66782.609
62439.024
65641.026
62439.024
60472.441
64537.815
59076.923
57313.433
106666.667
44912.281
61935.484
94814.815
50860.927
64000.0
68571.429
65084.746
62950.82
64000.0
61935.484
61935.484
62439.024
61935.484
60000.0
61440.0
60472.441
60000.0
90352.941
48301.887
60000.0
91428.571
48917.197
59534.884
92530.12
51543.624
62439.024
65084.746
64537.815
65084.746
65641.026
63471.074
64537.815
63471.074
62950.82
61440.0
60952.381
62439.024
61935.484
61440.0
61935.484
62950.82
64000.0
62950.82
62439.024
61935.484
62439.024
72452.83
46829.268
52602.74
108169.014
49230.769
59534.884
99740.26
54857.143
66782.609
70458.716
69189.189
66206.897
73846.154
51200.0
52244.898
106666.667
46829.268
62950.82
101052.632
48301.887
65641.026
93658.537
49870.13
78367.347
52965.517
65084.746
97215.19
47701.863
66206.897
68571.429
66782.609
65641.026
65084.746
86292.135
47407.407
62950.82
97215.19
47701.863
65084.746
92530.12
48917.197
64537.815
93658.537
48917.197
63471.074
94814.815
48607.595
174545.455
139636.364
52602.74
60000.0
105205.479
51200.0
65084.746
94814.815
53706.294
67964.602
67964.602
65641.026
67368.421
66206.897
63471.074
64537.815
65641.026
63471.074
64000.0
65084.746
64000.0
62950.82
64000.0
63471.074
61440.0
61440.0
106666.667
46545.455
63471.074
97215.19
50860.927
66206.897
69189.189
66206.897
76039.604
60000.0
63471.074
66206.897
67964.602
67368.421
65641.026
65084.746
65084.746
64000.0
66206.897
65084.746
69189.189
69818.182
67368.421
67368.421
66206.897
65641.026
65641.026
65084.746
64537.815
64537.815
61935.484
61935.484
62950.82
63471.074
62439.024
61935.484
61440.0
61935.484
60952.381
58625.954
108169.014
46265.06
59534.884
103783.784
48301.887
62950.82
102400.0
48607.595
61935.484
102400.0
48607.595
63471.074
99740.26
50526.316
62439.024
101052.632
49870.13
62439.024
101052.632
49230.769
62950.82
99740.26
50860.927
62950.82
96000.0
49870.13
62439.024
97215.19
48301.887
61935.484
99740.26
55251.799
49870.13
105205.479
50526.316
56058.394
106666.667
52244.898
58625.954
105205.479
52965.517
56470.588
106666.667
51891.892
57313.433
105205.479
51200.0
57313.433
102400.0
51543.624
58625.954
99740.26
52965.517
58625.954
89302.326
53333.333
63471.074
65084.746
62950.82
57744.361
56470.588
103783.784
46829.268
58625.954
101052.632
49870.13
64537.815
65084.746
61935.484
73846.154
46545.455
51543.624
106666.667
45988.024
57313.433
99740.26
47116.564
64000.0
65641.026
64537.815
63471.074
64537.815
79175.258
48607.595
109714.286
48301.887
56470.588
103783.784
53706.294
61935.484
90352.941
52244.898
64537.815
65641.026
61935.484
59076.923
256000.0
76800.0
102400.0
207567.568
60952.381
78367.347
65084.746
196923.077
96000.0
147692.308
103783.784
50526.316
62950.82
94814.815
52244.898
76800.0
61440.0
67964.602
68571.429
67368.421
64537.815
256000.0
89302.326
64537.815
64000.0
79175.258
75294.118
153600.0
111304.348
51891.892
54468.085
