46829.268
47407.407
47407.407
47701.863
48301.887
49870.13
48607.595
49230.769
49548.387
46829.268
85333.333
41967.213
44137.931
45443.787
46265.06
44393.064
45176.471
45988.024
44651.163
46265.06
47407.407
45988.024
47407.407
45443.787
44137.931
46265.06
47116.564
44651.163
45714.286
45988.024
45176.471
46265.06
71111.111
36746.411
50526.316
50196.078
47407.407
45176.471
48000.0
47116.564
46829.268
47701.863
44912.281
46265.06
47407.407
45443.787
45988.024
46545.455
45176.471
46265.06
47701.863
46545.455
46829.268
47701.863
45443.787
45176.471
46545.455
45988.024
46829.268
48301.887
46265.06
46829.268
48607.595
46829.268
46829.268
47407.407
44651.163
45714.286
46545.455
44137.931
45988.024
46265.06
44137.931
46545.455
47701.863
45714.286
45714.286
47701.863
45714.286
47116.564
48301.887
45714.286
47407.407
48917.197
45443.787
46265.06
48301.887
46545.455
46545.455
48607.595
48000.0
47116.564
48000.0
46829.268
48301.887
47116.564
44651.163
46545.455
45988.024
44137.931
47701.863
47701.863
47407.407
48000.0
49870.13
47116.564
49548.387
49548.387
47116.564
46265.06
49548.387
45988.024
46265.06
48607.595
46829.268
47116.564
48301.887
45714.286
46545.455
48301.887
45714.286
46545.455
47116.564
46545.455
48301.887
49870.13
47407.407
47701.863
49548.387
47116.564
48000.0
47116.564
45714.286
46829.268
46829.268
40851.064
48607.595
47701.863
47116.564
47116.564
48301.887
45714.286
45176.471
48301.887
48000.0
48607.595
49548.387
47116.564
46265.06
47701.863
46265.06
47116.564
48301.887
45714.286
45714.286
48000.0
46265.06
43885.714
46545.455
41967.213
48917.197
46265.06
44651.163
46265.06
48000.0
45988.024
44651.163
47116.564
46265.06
46265.06
47116.564
65084.746
38787.879
51543.624
48917.197
47701.863
48000.0
45988.024
46265.06
48917.197
45443.787
45714.286
47407.407
41513.514
49870.13
47116.564
46545.455
48301.887
48301.887
45714.286
46545.455
49230.769
47116.564
47407.407
50526.316
48301.887
45714.286
48607.595
47116.564
45714.286
46265.06
44393.064
44393.064
46829.268
45443.787
45176.471
47701.863
47116.564
44912.281
45988.024
44137.931
45714.286
47407.407
46265.06
47701.863
48000.0
44912.281
45714.286
47407.407
45714.286
45443.787
47407.407
47116.564
46545.455
48000.0
45714.286
44651.163
48000.0
47701.863
46829.268
49548.387
48000.0
45714.286
48000.0
45714.286
45176.471
46545.455
45443.787
46265.06
48000.0
45714.286
45176.471
47701.863
45176.471
44912.281
45988.024
44912.281
45176.471
46545.455
44912.281
45988.024
44912.281
41739.13
48607.595
46265.06
44137.931
45988.024
45714.286
45176.471
46545.455
49230.769
47116.564
48301.887
48607.595
46545.455
44651.163
47701.863
47116.564
45988.024
47407.407
45176.471
46829.268
46829.268
44137.931
45714.286
46829.268
45176.471
46265.06
45176.471
45443.787
47116.564
48301.887
46545.455
44912.281
45714.286
40421.053
48301.887
47701.863
45443.787
45988.024
47116.564
45176.471
45176.471
47116.564
46265.06
45176.471
47407.407
45988.024
49870.13
50860.927
46545.455
46545.455
47407.407
47116.564
46545.455
47701.863
44651.163
46265.06
48301.887
46265.06
47116.564
48917.197
46545.455
41069.519
48917.197
44651.163
61440.0
80842.105
78367.347
79175.258
102400.0
52965.517
58181.818
74563.107
81702.128
84395.604
88275.862
69818.182
53333.333
88275.862
62439.024
84395.604
97215.19
105205.479
101052.632
106666.667
114626.866
111304.348
118153.846
40634.921
51200.0
49870.13
48917.197
47701.863
46545.455
47701.863
46829.268
46265.06
48607.595
45714.286
45714.286
47407.407
44912.281
45443.787
45988.024
43636.364
44393.064
47116.564
44912.281
45988.024
44912.281
44912.281
46829.268
47701.863
46545.455
46829.268
49870.13
48000.0
45176.471
48000.0
47116.564
45443.787
45714.286
45176.471
45443.787
48607.595
47407.407
45988.024
47116.564
45988.024
45988.024
50196.078
48607.595
46829.268
45443.787
45988.024
47701.863
48000.0
45714.286
45714.286
47407.407
45988.024
48301.887
48607.595
46829.268
46265.06
48917.197
46545.455
47116.564
45176.471
47407.407
48301.887
48607.595
40634.921
47116.564
46545.455
41290.323
47407.407
45714.286
44912.281
46265.06
47116.564
45988.024
47407.407
48301.887
46829.268
47701.863
48301.887
46545.455
47116.564
48607.595
44393.064
45988.024
48000.0
46829.268
45443.787
48000.0
46545.455
44137.931
45988.024
46545.455
44137.931
46265.06
46545.455
46265.06
47407.407
48607.595
45714.286
41513.514
49230.769
45443.787
44651.163
47701.863
45176.471
44912.281
47407.407
44651.163
45714.286
48301.887
46829.268
47116.564
48917.197
45988.024
47116.564
49548.387
48301.887
48301.887
46829.268
46265.06
47116.564
48607.595
47116.564
46265.06
47407.407
41513.514
49870.13
47407.407
46545.455
46545.455
45443.787
42197.802
48917.197
46545.455
44393.064
46545.455
48301.887
47116.564
48000.0
47701.863
40634.921
47407.407
48000.0
45988.024
44912.281
47407.407
47116.564
45988.024
47116.564
45714.286
47407.407
49870.13
48917.197
47116.564
44393.064
48000.0
46829.268
46829.268
46829.268
44912.281
46265.06
47407.407
45176.471
45714.286
48301.887
47407.407
48301.887
49230.769
46829.268
45988.024
47116.564
45988.024
46545.455
47407.407
42197.802
49548.387
47407.407
45443.787
47701.863
48607.595
46545.455
45176.471
47407.407
47116.564
46545.455
48301.887
47407.407
45988.024
48000.0
48000.0
46829.268
46829.268
48000.0
45988.024
45443.787
50196.078
49548.387
47116.564
48917.197
42430.939
47701.863
47116.564
45988.024
44137.931
46265.06
44393.064
45988.024
47701.863
46265.06
47701.863
49230.769
46829.268
48301.887
50196.078
47116.564
49230.769
52244.898
49548.387
48301.887
49548.387
45988.024
45714.286
46829.268
42430.939
48000.0
47116.564
44912.281
45714.286
46829.268
46829.268
47407.407
47701.863
45443.787
45714.286
46265.06
41967.213
42430.939
49230.769
45988.024
46265.06
48301.887
45714.286
46545.455
48607.595
46829.268
46545.455
46829.268
41513.514
47701.863
48917.197
48000.0
45176.471
46265.06
45176.471
45988.024
47407.407
44651.163
47116.564
46265.06
44912.281
46265.06
48000.0
46545.455
48301.887
47407.407
46265.06
48917.197
49870.13
48301.887
48917.197
45714.286
45176.471
47116.564
47407.407
46265.06
48607.595
47701.863
41967.213
45443.787
45988.024
44912.281
48301.887
47701.863
46265.06
46545.455
48607.595
47116.564
46829.268
49870.13
47407.407
51891.892
54084.507
59076.923
59534.884
57744.361
54468.085
44137.931
45176.471
42197.802
44393.064
44137.931
44651.163
42197.802
42197.802
43636.364
40634.921
42430.939
42666.667
43389.831
45176.471
44651.163
45988.024
48000.0
47407.407
46829.268
48917.197
48917.197
47116.564
48000.0
48917.197
48301.887
48917.197
47407.407
46265.06
48301.887
49548.387
49230.769
49230.769
47116.564
64000.0
39587.629
50196.078
50196.078
50526.316
46265.06
41513.514
49548.387
45988.024
41513.514
50860.927
47701.863
45443.787
47116.564
48607.595
47116.564
47701.863
48917.197
46545.455
47116.564
48000.0
45176.471
45714.286
47116.564
45988.024
44912.281
47407.407
46829.268
47116.564
48917.197
45988.024
45443.787
48301.887
47407.407
45443.787
48301.887
49870.13
50526.316
51200.0
49870.13
49230.769
49870.13
49230.769
45714.286
46545.455
48301.887
47407.407
45443.787
48301.887
44912.281
41290.323
48301.887
45176.471
46545.455
46265.06
46265.06
43636.364
46545.455
45988.024
44393.064
46265.06
46265.06
45714.286
46265.06
47701.863
41967.213
49230.769
48000.0
45988.024
45988.024
47701.863
41967.213
47701.863
46545.455
46545.455
48000.0
49548.387
49230.769
46829.268
49548.387
47116.564
46545.455
49548.387
47701.863
48301.887
48000.0
41513.514
49548.387
45443.787
45176.471
46829.268
47407.407
41739.13
48607.595
47701.863
44912.281
46265.06
48301.887
42197.802
49870.13
47701.863
42905.028
48301.887
48607.595
42666.667
49230.769
47701.863
45443.787
46829.268
46265.06
45714.286
47407.407
48607.595
45176.471
46265.06
46829.268
41739.13
49230.769
48301.887
46545.455
47116.564
48607.595
46265.06
46829.268
47701.863
45176.471
43636.364
47701.863
47407.407
47407.407
48917.197
46545.455
46265.06
49548.387
45714.286
46545.455
47701.863
47407.407
46265.06
48000.0
46545.455
45176.471
48301.887
46265.06
45176.471
47116.564
45176.471
41513.514
49230.769
41290.323
47116.564
46545.455
45443.787
46265.06
47701.863
41967.213
48607.595
47407.407
45714.286
46545.455
48301.887
47407.407
48301.887
47407.407
45714.286
46829.268
48917.197
48000.0
46829.268
49548.387
47701.863
46545.455
48607.595
44651.163
45443.787
47407.407
47701.863
47407.407
50860.927
46545.455
46829.268
48000.0
46265.06
45443.787
47407.407
46265.06
46545.455
47116.564
46545.455
46829.268
47407.407
46829.268
48000.0
50526.316
49870.13
48917.197
64000.0
38787.879
50860.927
52602.74
50860.927
46545.455
46265.06
41069.519
43636.364
49230.769
45988.024
46545.455
45988.024
45443.787
45988.024
48000.0
47116.564
46545.455
49230.769
48000.0
46545.455
46545.455
45714.286
47407.407
47701.863
43146.067
44393.064
51891.892
48301.887
41967.213
49230.769
46829.268
45176.471
46545.455
48301.887
46545.455
45714.286
46545.455
44912.281
47116.564
49230.769
48000.0
49230.769
50196.078
47701.863
47701.863
48917.197
47701.863
48000.0
50196.078
48000.0
45988.024
47116.564
47701.863
45988.024
48917.197
48000.0
45714.286
47407.407
45714.286
45443.787
47407.407
46265.06
48301.887
48917.197
46265.06
45176.471
48607.595
47116.564
45714.286
48301.887
48607.595
42666.667
51543.624
48607.595
46545.455
48000.0
49230.769
49548.387
45988.024
47116.564
45443.787
45988.024
48301.887
46545.455
46829.268
48917.197
48301.887
48917.197
51543.624
49870.13
45714.286
46829.268
47116.564
48000.0
49870.13
48917.197
49548.387
48917.197
48917.197
47407.407
48607.595
42430.939
48917.197
47701.863
45443.787
45714.286
48607.595
47116.564
48000.0
49230.769
49870.13
49870.13
49230.769
48301.887
49230.769
50860.927
67368.421
38400.0
69189.189
41739.13
50860.927
51891.892
49230.769
47116.564
43636.364
44651.163
44393.064
49870.13
46829.268
46545.455
47701.863
49548.387
46545.455
46545.455
49870.13
46545.455
45176.471
47116.564
45988.024
45176.471
46545.455
46265.06
46829.268
48917.197
47407.407
45176.471
47116.564
45176.471
46265.06
48301.887
46545.455
46265.06
48000.0
47116.564
46829.268
48000.0
45443.787
46265.06
47116.564
46265.06
48000.0
48301.887
45176.471
47407.407
47701.863
47407.407
49230.769
50860.927
48000.0
45988.024
46829.268
46545.455
46545.455
47407.407
45714.286
41513.514
48607.595
47407.407
39792.746
47407.407
47407.407
46265.06
45714.286
47407.407
46265.06
46829.268
48607.595
45988.024
45988.024
49230.769
47116.564
47116.564
49548.387
48607.595
47701.863
49230.769
47701.863
47701.863
50860.927
48607.595
46265.06
48607.595
48917.197
48917.197
69189.189
40209.424
51200.0
49548.387
47701.863
46829.268
47407.407
48917.197
47701.863
41967.213
48917.197
42430.939
51200.0
45988.024
44393.064
47116.564
46545.455
45443.787
45714.286
45714.286
46545.455
47701.863
49230.769
47407.407
48301.887
50860.927
49230.769
49230.769
50860.927
47701.863
47407.407
50526.316
47116.564
46829.268
48301.887
46545.455
46545.455
47116.564
47116.564
47701.863
48917.197
47116.564
46545.455
48301.887
47701.863
46265.06
49548.387
49548.387
48301.887
45714.286
48301.887
47701.863
49548.387
49230.769
47116.564
46829.268
47701.863
41513.514
48917.197
49230.769
48000.0
47701.863
49548.387
46265.06
46545.455
49230.769
47116.564
46829.268
48607.595
40209.424
47407.407
47116.564
46265.06
44393.064
45714.286
45714.286
43636.364
45443.787
47701.863
45988.024
46545.455
48607.595
48301.887
47407.407
48301.887
48301.887
46545.455
48000.0
48917.197
45443.787
46545.455
47407.407
45176.471
47116.564
48917.197
47116.564
48000.0
48607.595
47701.863
45443.787
47116.564
47701.863
47407.407
48917.197
47407.407
47116.564
48000.0
46545.455
45988.024
49230.769
46829.268
48301.887
56888.889
47407.407
51543.624
53706.294
49870.13
42905.028
50526.316
48607.595
46829.268
46545.455
47116.564
45714.286
45176.471
48000.0
47407.407
46545.455
48301.887
45714.286
47701.863
50196.078
47701.863
48000.0
51200.0
49230.769
49548.387
52965.517
51543.624
48301.887
48607.595
46545.455
46545.455
48000.0
45443.787
45988.024
47407.407
47701.863
49230.769
50860.927
47407.407
46265.06
49230.769
47407.407
45443.787
47701.863
47407.407
44393.064
47407.407
46265.06
43146.067
47701.863
46545.455
46545.455
49230.769
46545.455
48607.595
50526.316
49548.387
46545.455
49548.387
46265.06
47116.564
47116.564
45988.024
47407.407
48607.595
46545.455
45714.286
47701.863
50196.078
52965.517
56058.394
60472.441
60472.441
58625.954
57313.433
59076.923
58181.818
57313.433
60472.441
61440.0
62950.82
63471.074
64000.0
66206.897
66206.897
67368.421
67368.421
68571.429
69189.189
70458.716
69818.182
69818.182
71111.111
72452.83
72452.83
74563.107
74563.107
75294.118
76800.0
77575.758
78367.347
78367.347
78367.347
79175.258
76800.0
75294.118
71111.111
67964.602
65641.026
65084.746
53706.294
54857.143
52602.74
63471.074
61440.0
62950.82
64537.815
62950.82
39792.746
40209.424
38984.772
40851.064
41967.213
40209.424
39792.746
39384.615
38592.965
39587.629
40209.424
42905.028
39384.615
45443.787
51543.624
56058.394
57313.433
60000.0
60472.441
62950.82
64000.0
62439.024
49870.13
43885.714
40851.064
40634.921
52244.898
57744.361
60472.441
54468.085
36056.338
43146.067
41967.213
42666.667
40851.064
41513.514
40634.921
39792.746
44393.064
48917.197
51200.0
48000.0
37832.512
41513.514
39384.615
38787.879
49230.769
48607.595
54857.143
58625.954
58625.954
59534.884
61440.0
61935.484
61440.0
59534.884
59534.884
60472.441
62950.82
63471.074
65641.026
66206.897
68571.429
69189.189
68571.429
69818.182
69189.189
67368.421
60472.441
44137.931
43389.831
42430.939
47407.407
42905.028
44651.163
40634.921
39792.746
48000.0
53706.294
56058.394
59076.923
65641.026
59534.884
64000.0
59076.923
56470.588
38984.772
47116.564
37281.553
40851.064
44912.281
39384.615
48607.595
51891.892
41513.514
54857.143
56888.889
60952.381
54857.143
37463.415
42905.028
42905.028
43636.364
43146.067
42430.939
43146.067
42666.667
42197.802
43389.831
42197.802
43389.831
45714.286
44912.281
44137.931
48000.0
65084.746
37281.553
52965.517
52602.74
55652.174
61440.0
61935.484
63471.074
65084.746
63471.074
46545.455
42905.028
38019.802
41513.514
43885.714
41513.514
43636.364
43146.067
43146.067
42197.802
42666.667
