93750.0
93750.0
93167.702
93750.0
93750.0
93167.702
93167.702
92024.54
94339.623
94339.623
93750.0
94339.623
93750.0
93167.702
93750.0
93167.702
93750.0
93167.702
93167.702
93167.702
93750.0
93167.702
93750.0
93167.702
93167.702
93750.0
93750.0
93167.702
93750.0
93167.702
93750.0
94339.623
92592.593
93750.0
93750.0
93750.0
93167.702
92024.54
95541.401
93167.702
92024.54
95541.401
93167.702
93750.0
93750.0
93167.702
93750.0
93167.702
93750.0
94339.623
93167.702
93750.0
93167.702
92024.54
95541.401
93750.0
93750.0
93167.702
93167.702
94339.623
93750.0
93167.702
91463.415
94936.709
93750.0
93750.0
93750.0
93750.0
90909.091
96153.846
93167.702
93750.0
93167.702
93750.0
93750.0
93167.702
93750.0
91463.415
95541.401
93750.0
93750.0
93167.702
93750.0
93167.702
93750.0
94339.623
93167.702
92592.593
94339.623
93750.0
93167.702
94339.623
94339.623
93167.702
93750.0
93167.702
93167.702
93167.702
94339.623
93167.702
93167.702
93750.0
93750.0
92592.593
93167.702
93167.702
93167.702
93750.0
92592.593
93167.702
93750.0
93750.0
93167.702
93750.0
93750.0
93750.0
93167.702
93750.0
93750.0
93167.702
92592.593
94339.623
93750.0
93167.702
93167.702
93167.702
93167.702
93167.702
93167.702
93167.702
93167.702
93167.702
93167.702
93750.0
93750.0
93167.702
93750.0
93167.702
93167.702
94339.623
93167.702
93750.0
93167.702
93750.0
93167.702
93750.0
93167.702
93167.702
93167.702
93167.702
93167.702
93750.0
93167.702
93167.702
92592.593
93750.0
92592.593
93750.0
93167.702
93750.0
93167.702
93750.0
92024.54
93167.702
93750.0
94339.623
93750.0
93750.0
93167.702
92592.593
94339.623
93750.0
93167.702
94936.709
93750.0
93167.702
93750.0
93167.702
92592.593
93750.0
93750.0
92592.593
93167.702
93167.702
94339.623
93750.0
93167.702
93167.702
93167.702
93750.0
93750.0
93167.702
93750.0
93167.702
93167.702
93167.702
93167.702
93750.0
93167.702
93167.702
93167.702
92592.593
93750.0
92592.593
93167.702
93167.702
93167.702
93167.702
93167.702
93167.702
92592.593
93167.702
93750.0
92592.593
93750.0
93750.0
93750.0
93167.702
93750.0
93167.702
93167.702
93750.0
93167.702
93167.702
93167.702
93167.702
93167.702
93167.702
93167.702
92592.593
93167.702
93167.702
93750.0
93750.0
92592.593
93167.702
93167.702
93167.702
93750.0
92592.593
93750.0
93167.702
93750.0
92592.593
93167.702
92592.593
92592.593
93167.702
93167.702
93750.0
92592.593
92592.593
92592.593
93167.702
92592.593
92592.593
92592.593
92592.593
92592.593
93167.702
92592.593
92024.54
93167.702
92592.593
92592.593
92592.593
92592.593
92592.593
92592.593
93167.702
92592.593
92024.54
93167.702
92592.593
92024.54
92592.593
92592.593
93167.702
92592.593
92592.593
92024.54
93167.702
93167.702
93167.702
93167.702
92592.593
241935.484
623.234
2177.068
130434.783
121951.22
131578.947
129310.345
111940.299
116279.07
110294.118
111111.111
112781.955
110294.118
113636.364
107913.669
119047.619
115384.615
106382.979
116279.07
115384.615
116279.07
96774.194
117187.5
118110.236
81081.081
254237.288
4639.654
189873.418
154639.175
102739.726
89285.714
34168.565
21037.868
28301.887
28301.887
29644.269
32608.696
35046.729
33936.652
36496.35
36945.813
37406.484
38560.411
42372.881
41322.314
43988.27
42134.831
44776.119
74626.866
40000.0
43352.601
45731.707
43604.651
44378.698
45592.705
45180.723
45731.707
45871.56
46012.27
46439.628
46583.851
47169.811
46728.972
47770.701
47169.811
46728.972
48231.511
47169.811
47923.323
47619.048
46012.27
49019.608
48387.097
47619.048
49180.328
48387.097
46439.628
48387.097
49180.328
48859.935
49833.887
49668.874
49180.328
50167.224
49833.887
48387.097
50167.224
49504.95
49668.874
49668.874
50167.224
48387.097
50335.57
49180.328
49342.105
49180.328
50167.224
49668.874
50505.051
50167.224
48387.097
49342.105
50167.224
49668.874
49833.887
51020.408
48543.689
50505.051
49180.328
50847.458
49180.328
50000.0
49668.874
50167.224
49668.874
50167.224
50000.0
49504.95
50505.051
49504.95
50335.57
49504.95
50335.57
49668.874
50167.224
50335.57
50167.224
50847.458
49833.887
49180.328
50335.57
50335.57
50000.0
50505.051
49504.95
50505.051
49504.95
50505.051
49504.95
50675.676
49668.874
50505.051
50000.0
50167.224
49833.887
50167.224
50335.57
49504.95
50335.57
50000.0
50335.57
50167.224
50000.0
50675.676
49668.874
50505.051
49668.874
50505.051
50000.0
50167.224
49668.874
50167.224
49668.874
50675.676
49668.874
50675.676
