78367.347
77575.758
77575.758
80000.0
78367.347
77575.758
80000.0
79175.258
80000.0
79175.258
79175.258
79175.258
80000.0
80842.105
80842.105
78367.347
79175.258
77575.758
79175.258
76800.0
77575.758
78367.347
78367.347
80000.0
80000.0
80000.0
80842.105
78367.347
75294.118
64000.0
66782.609
75294.118
77575.758
74563.107
75294.118
75294.118
75294.118
77575.758
77575.758
78367.347
79175.258
77575.758
76039.604
76039.604
74563.107
75294.118
76800.0
73846.154
77575.758
76039.604
77575.758
76800.0
76800.0
77575.758
76800.0
77575.758
77575.758
78367.347
78367.347
79175.258
79175.258
79175.258
81702.128
79175.258
80842.105
78367.347
79175.258
78367.347
79175.258
80842.105
78367.347
80842.105
78367.347
79175.258
78367.347
78367.347
80000.0
81702.128
79175.258
80000.0
81702.128
80842.105
81702.128
80842.105
82580.645
82580.645
81702.128
82580.645
81702.128
82580.645
83478.261
81702.128
83478.261
83478.261
82580.645
82580.645
81702.128
82580.645
82580.645
82580.645
83478.261
83478.261
81702.128
81702.128
80842.105
81702.128
81702.128
79175.258
80842.105
78367.347
80842.105
82580.645
80000.0
80842.105
82580.645
80000.0
81702.128
79175.258
80842.105
79175.258
80842.105
80842.105
80000.0
78367.347
69818.182
64000.0
71775.701
74563.107
76039.604
73846.154
71111.111
69189.189
73142.857
73846.154
66782.609
66782.609
72452.83
71775.701
71111.111
71775.701
71111.111
71111.111
71111.111
70458.716
71111.111
70458.716
71775.701
72452.83
72452.83
74563.107
80000.0
70458.716
76800.0
71111.111
67964.602
73846.154
73846.154
74563.107
73142.857
79175.258
81702.128
81702.128
67368.421
73142.857
73846.154
76039.604
75294.118
76800.0
76800.0
76800.0
76800.0
75294.118
76039.604
74563.107
73846.154
73846.154
72452.83
73142.857
71775.701
71775.701
76039.604
69189.189
69189.189
71775.701
70458.716
71775.701
73142.857
71111.111
71775.701
72452.83
73846.154
71775.701
72452.83
69818.182
69818.182
69818.182
74563.107
62439.024
68571.429
67368.421
67368.421
67964.602
75294.118
80842.105
69189.189
76039.604
77575.758
83478.261
81702.128
82580.645
80000.0
79175.258
80000.0
78367.347
76800.0
79175.258
78367.347
77575.758
77575.758
78367.347
77575.758
77575.758
77575.758
80000.0
75294.118
76039.604
76039.604
77575.758
76800.0
77575.758
77575.758
76039.604
77575.758
76039.604
77575.758
77575.758
77575.758
76800.0
76800.0
79175.258
77575.758
76039.604
76800.0
78367.347
80842.105
76039.604
77575.758
78367.347
76800.0
77575.758
77575.758
78367.347
80000.0
79175.258
80000.0
78367.347
78367.347
80000.0
80842.105
81702.128
79175.258
82580.645
80000.0
79175.258
80842.105
77575.758
80000.0
77575.758
78367.347
77575.758
79175.258
79175.258
78367.347
78367.347
76800.0
75294.118
76800.0
74563.107
77575.758
80842.105
77575.758
80000.0
78367.347
80842.105
80842.105
81702.128
80842.105
81702.128
81702.128
81702.128
80000.0
79175.258
79175.258
78367.347
78367.347
80000.0
79175.258
77575.758
78367.347
76039.604
76039.604
75294.118
69189.189
70458.716
63471.074
72452.83
77575.758
80842.105
76039.604
74563.107
76800.0
80842.105
77575.758
80842.105
80000.0
81702.128
80842.105
80000.0
79175.258
79175.258
76800.0
78367.347
76800.0
76039.604
76039.604
76039.604
78367.347
78367.347
79175.258
80000.0
80000.0
80000.0
80000.0
81702.128
79175.258
80842.105
79175.258
77575.758
78367.347
78367.347
78367.347
76800.0
76800.0
76039.604
73846.154
69189.189
72452.83
69818.182
73846.154
75294.118
77575.758
71775.701
73846.154
76039.604
76039.604
76800.0
76800.0
76800.0
76800.0
76800.0
79175.258
76039.604
78367.347
79175.258
80842.105
80000.0
79175.258
76800.0
76800.0
78367.347
76800.0
80842.105
77575.758
78367.347
77575.758
75294.118
75294.118
73846.154
68571.429
73142.857
64537.815
71111.111
76800.0
80000.0
71775.701
77575.758
80842.105
81702.128
82580.645
81702.128
82580.645
81702.128
80842.105
82580.645
81702.128
84395.604
82580.645
83478.261
83478.261
82580.645
83478.261
82580.645
81702.128
83478.261
81702.128
82580.645
80842.105
80842.105
81702.128
79175.258
79175.258
80000.0
79175.258
79175.258
78367.347
79175.258
80000.0
79175.258
78367.347
79175.258
81702.128
78367.347
81702.128
81702.128
80000.0
80842.105
82580.645
77575.758
81702.128
80000.0
80000.0
80000.0
79175.258
79175.258
78367.347
79175.258
76800.0
78367.347
77575.758
77575.758
76039.604
71111.111
70458.716
64537.815
61935.484
69818.182
71111.111
70458.716
73142.857
79175.258
78367.347
76800.0
77575.758
77575.758
73846.154
75294.118
76039.604
76800.0
74563.107
76800.0
76800.0
75294.118
76800.0
75294.118
76039.604
71775.701
74563.107
74563.107
76039.604
73846.154
76800.0
76800.0
77575.758
79175.258
76800.0
76039.604
76039.604
76039.604
76039.604
76800.0
78367.347
77575.758
78367.347
74563.107
76039.604
76039.604
77575.758
76039.604
75294.118
75294.118
73846.154
76039.604
74563.107
73846.154
74563.107
73846.154
73846.154
75294.118
75294.118
77575.758
76800.0
76039.604
76039.604
75294.118
75294.118
77575.758
75294.118
76039.604
75294.118
76039.604
75294.118
78367.347
74563.107
77575.758
79175.258
77575.758
80000.0
79175.258
79175.258
78367.347
78367.347
79175.258
79175.258
76800.0
76800.0
76039.604
76800.0
71111.111
71111.111
74563.107
64537.815
72452.83
75294.118
76039.604
73142.857
72452.83
75294.118
74563.107
77575.758
76800.0
80000.0
76800.0
79175.258
76800.0
76800.0
79175.258
77575.758
78367.347
78367.347
77575.758
78367.347
78367.347
77575.758
77575.758
76800.0
78367.347
76039.604
78367.347
79175.258
80000.0
77575.758
80842.105
80842.105
80000.0
78367.347
79175.258
79175.258
80842.105
77575.758
81702.128
80842.105
82580.645
80000.0
81702.128
79175.258
82580.645
79175.258
80842.105
80842.105
83478.261
79175.258
81702.128
79175.258
80000.0
79175.258
83478.261
79175.258
81702.128
79175.258
78367.347
77575.758
68571.429
71775.701
73142.857
75294.118
75294.118
76800.0
76800.0
76800.0
77575.758
77575.758
77575.758
78367.347
79175.258
80000.0
80000.0
80000.0
80000.0
80000.0
81702.128
80842.105
81702.128
80842.105
81702.128
80000.0
80842.105
80842.105
80842.105
82580.645
80842.105
81702.128
81702.128
80842.105
81702.128
81702.128
81702.128
80842.105
80842.105
81702.128
80000.0
80000.0
80000.0
80000.0
79175.258
79175.258
78367.347
77575.758
78367.347
79175.258
77575.758
77575.758
79175.258
77575.758
80000.0
79175.258
76039.604
80842.105
75294.118
76800.0
76039.604
73846.154
73142.857
73846.154
77575.758
73846.154
73142.857
75294.118
69818.182
73142.857
73142.857
73142.857
74563.107
71775.701
71111.111
71111.111
66782.609
67368.421
67964.602
72452.83
66206.897
74563.107
79175.258
68571.429
69818.182
71111.111
71775.701
73142.857
71775.701
73846.154
74563.107
71111.111
69818.182
73142.857
71775.701
74563.107
71111.111
76800.0
73142.857
75294.118
72452.83
71111.111
71775.701
73142.857
76800.0
68571.429
80842.105
81702.128
76800.0
65084.746
69189.189
69818.182
74563.107
72452.83
81702.128
86292.135
85333.333
76039.604
71775.701
78367.347
80000.0
80000.0
80000.0
80000.0
79175.258
80000.0
80842.105
80000.0
79175.258
78367.347
78367.347
77575.758
76039.604
74563.107
74563.107
73846.154
73846.154
72452.83
72452.83
73142.857
71775.701
73142.857
73142.857
73846.154
80000.0
71775.701
70458.716
73142.857
74563.107
72452.83
75294.118
73846.154
73846.154
74563.107
79175.258
69818.182
73142.857
71775.701
72452.83
71775.701
69818.182
69189.189
69818.182
73846.154
80000.0
62950.82
65084.746
69818.182
71775.701
71775.701
80000.0
80842.105
82580.645
81702.128
78367.347
64537.815
69818.182
70458.716
71775.701
72452.83
72452.83
71111.111
71775.701
75294.118
67368.421
71111.111
69818.182
69818.182
69189.189
69818.182
68571.429
67368.421
69818.182
63471.074
65641.026
66782.609
67368.421
66782.609
76039.604
80842.105
66782.609
73846.154
77575.758
78367.347
81702.128
81702.128
76800.0
77575.758
79175.258
77575.758
80000.0
80000.0
79175.258
76800.0
78367.347
77575.758
74563.107
75294.118
78367.347
76800.0
79175.258
80000.0
82580.645
80000.0
80842.105
80000.0
79175.258
79175.258
78367.347
76800.0
77575.758
77575.758
79175.258
76039.604
78367.347
77575.758
76800.0
77575.758
76039.604
132413.793
160000.0
166956.522
166956.522
174545.455
156734.694
160000.0
142222.222
128000.0
114626.866
123870.968
134736.842
142222.222
139636.364
153600.0
139636.364
137142.857
118153.846
112941.176
120000.0
130169.492
120000.0
118153.846
111304.348
121904.762
123870.968
144905.66
147692.308
142222.222
150588.235
147692.308
150588.235
153600.0
147692.308
142222.222
156734.694
153600.0
150588.235
147692.308
142222.222
132413.793
51543.624
63471.074
70458.716
72452.83
75294.118
76039.604
73846.154
84395.604
77575.758
75294.118
75294.118
79175.258
80000.0
80000.0
81702.128
83478.261
82580.645
82580.645
80842.105
82580.645
81702.128
82580.645
82580.645
82580.645
80842.105
82580.645
82580.645
81702.128
82580.645
81702.128
82580.645
82580.645
83478.261
82580.645
82580.645
83478.261
83478.261
83478.261
85333.333
86292.135
81702.128
85333.333
85333.333
84395.604
84395.604
85333.333
85333.333
85333.333
85333.333
86292.135
85333.333
86292.135
85333.333
87272.727
86292.135
86292.135
88275.862
87272.727
87272.727
87272.727
86292.135
86292.135
87272.727
86292.135
87272.727
87272.727
86292.135
86292.135
85333.333
87272.727
85333.333
89302.326
86292.135
85333.333
86292.135
91428.571
81702.128
86292.135
86292.135
85333.333
86292.135
86292.135
86292.135
84395.604
88275.862
85333.333
87272.727
86292.135
86292.135
87272.727
87272.727
88275.862
86292.135
88275.862
87272.727
88275.862
88275.862
89302.326
89302.326
88275.862
90352.941
89302.326
91428.571
90352.941
90352.941
90352.941
89302.326
88275.862
89302.326
91428.571
92530.12
90352.941
89302.326
93658.537
88275.862
92530.12
90352.941
91428.571
88275.862
91428.571
89302.326
90352.941
89302.326
89302.326
88275.862
89302.326
87272.727
90352.941
91428.571
92530.12
91428.571
91428.571
87272.727
83478.261
90352.941
89302.326
88275.862
89302.326
90352.941
89302.326
89302.326
90352.941
89302.326
90352.941
89302.326
90352.941
89302.326
90352.941
90352.941
90352.941
88275.862
89302.326
89302.326
89302.326
87272.727
89302.326
92530.12
92530.12
94814.815
90352.941
83478.261
85333.333
89302.326
87272.727
87272.727
89302.326
88275.862
87272.727
88275.862
87272.727
88275.862
87272.727
240000.0
134736.842
88275.862
87272.727
89302.326
86292.135
85333.333
86292.135
89302.326
87272.727
87272.727
87272.727
88275.862
86292.135
88275.862
86292.135
88275.862
87272.727
86292.135
88275.862
87272.727
88275.862
88275.862
163404.255
187317.073
87272.727
89302.326
87272.727
88275.862
90352.941
88275.862
98461.538
960000.0
89302.326
90352.941
90352.941
90352.941
91428.571
91428.571
90352.941
92530.12
90352.941
92530.12
111304.348
79175.258
90352.941
91428.571
93658.537
92530.12
92530.12
94814.815
91428.571
94814.815
92530.12
92530.12
92530.12
90352.941
93658.537
92530.12
90352.941
92530.12
97215.19
99740.26
99740.26
97215.19
98461.538
99740.26
93658.537
89302.326
90352.941
88275.862
88275.862
90352.941
89302.326
91428.571
91428.571
93658.537
94814.815
92530.12
93658.537
96000.0
94814.815
82580.645
88275.862
88275.862
87272.727
88275.862
232727.273
139636.364
89302.326
88275.862
88275.862
89302.326
91428.571
93658.537
91428.571
96000.0
94814.815
92530.12
90352.941
91428.571
89302.326
96000.0
90352.941
90352.941
93658.537
91428.571
91428.571
90352.941
86292.135
88275.862
87272.727
88275.862
89302.326
85333.333
88275.862
86292.135
86292.135
87272.727
82580.645
86292.135
85333.333
85333.333
86292.135
86292.135
86292.135
88275.862
87272.727
86292.135
87272.727
88275.862
86292.135
87272.727
88275.862
86292.135
86292.135
86292.135
87272.727
87272.727
84395.604
88275.862
89302.326
87272.727
87272.727
86292.135
84395.604
84395.604
83478.261
82580.645
83478.261
84395.604
86292.135
80842.105
84395.604
82580.645
83478.261
82580.645
81702.128
81702.128
82580.645
81702.128
80842.105
89302.326
75294.118
80000.0
80000.0
80842.105
80000.0
80842.105
80842.105
83478.261
90352.941
87272.727
81702.128
88275.862
94814.815
80842.105
85333.333
87272.727
88275.862
90352.941
89302.326
88275.862
87272.727
89302.326
87272.727
88275.862
87272.727
87272.727
87272.727
87272.727
87272.727
88275.862
87272.727
87272.727
88275.862
87272.727
87272.727
87272.727
88275.862
87272.727
87272.727
86292.135
88275.862
85333.333
86292.135
85333.333
87272.727
83478.261
84395.604
84395.604
84395.604
85333.333
85333.333
85333.333
86292.135
90352.941
84395.604
88275.862
88275.862
90352.941
89302.326
87272.727
87272.727
88275.862
86292.135
88275.862
86292.135
87272.727
87272.727
86292.135
87272.727
89302.326
86292.135
87272.727
85333.333
85333.333
83478.261
84395.604
84395.604
85333.333
85333.333
87272.727
85333.333
80842.105
88275.862
83478.261
81702.128
84395.604
84395.604
85333.333
84395.604
83478.261
84395.604
85333.333
84395.604
85333.333
91428.571
82580.645
84395.604
84395.604
83478.261
84395.604
86292.135
83478.261
85333.333
83478.261
80842.105
87272.727
80842.105
80842.105
80000.0
83478.261
80842.105
83478.261
82580.645
76039.604
85333.333
76039.604
77575.758
79175.258
80842.105
83478.261
81702.128
77575.758
84395.604
80000.0
78367.347
80000.0
83478.261
80842.105
80000.0
79175.258
82580.645
82580.645
76039.604
78367.347
80842.105
78367.347
80000.0
77575.758
76800.0
81702.128
86292.135
83478.261
78367.347
70458.716
77575.758
79175.258
73846.154
75294.118
80842.105
69189.189
71111.111
76039.604
71111.111
75294.118
85333.333
86292.135
81702.128
85333.333
88275.862
89302.326
87272.727
86292.135
84395.604
80000.0
80842.105
80842.105
82580.645
82580.645
85333.333
84395.604
85333.333
85333.333
87272.727
87272.727
87272.727
86292.135
85333.333
85333.333
85333.333
83478.261
84395.604
84395.604
83478.261
83478.261
86292.135
84395.604
85333.333
86292.135
85333.333
87272.727
82580.645
85333.333
86292.135
83478.261
85333.333
86292.135
91428.571
87272.727
89302.326
88275.862
89302.326
86292.135
89302.326
88275.862
90352.941
89302.326
87272.727
90352.941
87272.727
87272.727
87272.727
86292.135
86292.135
84395.604
82580.645
78367.347
77575.758
80842.105
82580.645
81702.128
84395.604
81702.128
85333.333
85333.333
88275.862
87272.727
86292.135
76800.0
74563.107
79175.258
84395.604
91428.571
84395.604
77575.758
74563.107
80000.0
81702.128
80842.105
81702.128
80842.105
80842.105
81702.128
80842.105
80842.105
80842.105
79175.258
80000.0
80842.105
80000.0
80000.0
77575.758
79175.258
78367.347
80000.0
78367.347
79175.258
79175.258
78367.347
80000.0
77575.758
79175.258
79175.258
80842.105
80000.0
79175.258
80000.0
80000.0
78367.347
80000.0
76800.0
78367.347
84395.604
85333.333
73142.857
78367.347
79175.258
80000.0
80000.0
80842.105
81702.128
82580.645
81702.128
80000.0
80000.0
79175.258
76800.0
76800.0
75294.118
76039.604
74563.107
75294.118
76039.604
114626.866
61935.484
76800.0
76039.604
76039.604
74563.107
76800.0
75294.118
76039.604
71775.701
71775.701
71111.111
72452.83
72452.83
72452.83
79175.258
82580.645
80842.105
78367.347
66782.609
66782.609
70458.716
75294.118
81702.128
82580.645
80842.105
83478.261
72452.83
81702.128
80000.0
80000.0
73142.857
66206.897
73142.857
73846.154
76800.0
70458.716
71111.111
70458.716
73846.154
67964.602
71775.701
75294.118
67368.421
73846.154
74563.107
73846.154
75294.118
73142.857
76800.0
76800.0
73846.154
76800.0
75294.118
74563.107
75294.118
73142.857
69818.182
73846.154
114626.866
57744.361
72452.83
73846.154
74563.107
76039.604
76039.604
71775.701
78367.347
80000.0
79175.258
76039.604
77575.758
84395.604
75294.118
64537.815
67368.421
68571.429
77575.758
80842.105
80842.105
71775.701
77575.758
66782.609
73142.857
73846.154
72452.83
73846.154
84395.604
84395.604
80842.105
65084.746
67368.421
72452.83
72452.83
73142.857
76800.0
78367.347
78367.347
80000.0
69189.189
72452.83
75294.118
61440.0
62950.82
72452.83
76800.0
78367.347
80842.105
65641.026
64537.815
67964.602
73142.857
69818.182
80842.105
80842.105
80000.0
80842.105
81702.128
80000.0
81702.128
81702.128
82580.645
81702.128
80842.105
80842.105
78367.347
80842.105
80000.0
79175.258
80000.0
81702.128
80000.0
80000.0
82580.645
80000.0
80842.105
80000.0
80842.105
81702.128
80842.105
80842.105
82580.645
81702.128
82580.645
83478.261
82580.645
82580.645
81702.128
81702.128
82580.645
82580.645
80842.105
82580.645
82580.645
96000.0
73142.857
82580.645
83478.261
82580.645
81702.128
83478.261
82580.645
82580.645
83478.261
82580.645
83478.261
83478.261
84395.604
83478.261
82580.645
81702.128
94814.815
144905.66
82580.645
79175.258
76039.604
77575.758
79175.258
85333.333
88275.862
86292.135
73142.857
67964.602
74563.107
76800.0
76800.0
76039.604
76800.0
74563.107
73846.154
75294.118
74563.107
73846.154
74563.107
73846.154
75294.118
80000.0
71111.111
75294.118
73142.857
73142.857
73846.154
72452.83
72452.83
74563.107
71775.701
76800.0
73846.154
68571.429
72452.83
72452.83
73142.857
78367.347
66206.897
71111.111
74563.107
71111.111
73846.154
73142.857
80000.0
84395.604
80842.105
78367.347
80000.0
82580.645
83478.261
83478.261
83478.261
80842.105
80842.105
80842.105
80000.0
80000.0
80000.0
80842.105
81702.128
82580.645
80842.105
85333.333
82580.645
85333.333
83478.261
85333.333
83478.261
85333.333
84395.604
83478.261
83478.261
81702.128
82580.645
81702.128
82580.645
80000.0
80000.0
78367.347
79175.258
80000.0
80000.0
81702.128
80842.105
80000.0
81702.128
82580.645
81702.128
81702.128
82580.645
80000.0
81702.128
80000.0
80842.105
80842.105
80842.105
81702.128
80842.105
81702.128
80000.0
83478.261
83478.261
80842.105
80842.105
81702.128
82580.645
81702.128
82580.645
83478.261
83478.261
84395.604
83478.261
81702.128
71775.701
71775.701
75294.118
76039.604
77575.758
78367.347
80000.0
80000.0
80000.0
78367.347
79175.258
78367.347
76039.604
76039.604
74563.107
73142.857
74563.107
72452.83
72452.83
72452.83
73142.857
73846.154
73846.154
75294.118
73846.154
75294.118
75294.118
80000.0
76800.0
78367.347
81702.128
86292.135
82580.645
80842.105
80842.105
80842.105
80842.105
80000.0
80842.105
80842.105
80000.0
80842.105
81702.128
80842.105
82580.645
80000.0
81702.128
81702.128
80842.105
80842.105
80842.105
80000.0
82580.645
79175.258
83478.261
79175.258
81702.128
79175.258
81702.128
79175.258
80842.105
80000.0
79175.258
78367.347
78367.347
79175.258
80000.0
80000.0
83478.261
82580.645
82580.645
83478.261
81702.128
83478.261
80000.0
80842.105
75294.118
67368.421
71111.111
76039.604
66206.897
65084.746
72452.83
67964.602
74563.107
84395.604
74563.107
80000.0
84395.604
88275.862
86292.135
87272.727
86292.135
87272.727
84395.604
84395.604
81702.128
80842.105
80842.105
80000.0
79175.258
80000.0
80842.105
80000.0
80000.0
81702.128
81702.128
81702.128
82580.645
81702.128
82580.645
83478.261
84395.604
84395.604
83478.261
81702.128
80842.105
81702.128
80842.105
82580.645
85333.333
81702.128
83478.261
85333.333
84395.604
83478.261
82580.645
83478.261
81702.128
81702.128
82580.645
81702.128
80000.0
80000.0
80000.0
80842.105
80842.105
81702.128
82580.645
81702.128
80842.105
80842.105
81702.128
81702.128
81702.128
82580.645
83478.261
82580.645
82580.645
85333.333
81702.128
82580.645
81702.128
80000.0
76039.604
73142.857
78367.347
76039.604
72452.83
76800.0
76039.604
76039.604
76800.0
78367.347
78367.347
75294.118
76800.0
76800.0
76039.604
76039.604
75294.118
76039.604
75294.118
74563.107
75294.118
76039.604
76039.604
75294.118
75294.118
76039.604
76039.604
75294.118
74563.107
75294.118
73846.154
73142.857
73846.154
73846.154
73846.154
75294.118
76800.0
76800.0
77575.758
79175.258
79175.258
80000.0
80000.0
79175.258
80000.0
78367.347
78367.347
77575.758
77575.758
77575.758
76800.0
74563.107
75294.118
75294.118
73142.857
72452.83
73846.154
71775.701
71775.701
74563.107
71111.111
77575.758
81702.128
79175.258
66782.609
73142.857
76039.604
78367.347
77575.758
77575.758
78367.347
79175.258
79175.258
78367.347
79175.258
78367.347
79175.258
79175.258
78367.347
78367.347
77575.758
76039.604
75294.118
76800.0
73142.857
75294.118
78367.347
72452.83
75294.118
75294.118
76039.604
76039.604
76800.0
76800.0
76800.0
78367.347
75294.118
76800.0
76800.0
77575.758
77575.758
77575.758
77575.758
76039.604
76800.0
76039.604
76039.604
75294.118
74563.107
74563.107
73142.857
73846.154
73846.154
73142.857
73142.857
74563.107
77575.758
71111.111
75294.118
74563.107
73846.154
76800.0
74563.107
76800.0
75294.118
77575.758
76039.604
78367.347
77575.758
78367.347
80000.0
78367.347
80000.0
79175.258
80000.0
79175.258
79175.258
79175.258
78367.347
80000.0
80000.0
80000.0
80000.0
79175.258
79175.258
79175.258
77575.758
78367.347
77575.758
77575.758
76800.0
76800.0
76800.0
82580.645
74563.107
78367.347
77575.758
78367.347
77575.758
78367.347
78367.347
77575.758
78367.347
75294.118
76800.0
76800.0
76039.604
73846.154
74563.107
73142.857
72452.83
74563.107
67964.602
76800.0
69818.182
73142.857
74563.107
74563.107
75294.118
76800.0
78367.347
77575.758
77575.758
78367.347
77575.758
78367.347
76800.0
74563.107
73846.154
73846.154
71775.701
73142.857
71111.111
71775.701
71775.701
71111.111
70458.716
71775.701
70458.716
71775.701
76039.604
67964.602
71111.111
73142.857
71775.701
71111.111
73846.154
73846.154
76039.604
79175.258
70458.716
76800.0
78367.347
64537.815
71111.111
69818.182
74563.107
77575.758
68571.429
72452.83
72452.83
73142.857
73142.857
73846.154
73846.154
73846.154
75294.118
75294.118
77575.758
75294.118
75294.118
76039.604
76039.604
77575.758
76800.0
77575.758
76039.604
76039.604
76039.604
76800.0
76800.0
76800.0
76039.604
76039.604
76039.604
76039.604
76039.604
74563.107
74563.107
74563.107
73846.154
72452.83
71775.701
72452.83
73142.857
73142.857
72452.83
74563.107
73846.154
76039.604
76039.604
77575.758
76800.0
76800.0
77575.758
76800.0
78367.347
76800.0
76800.0
76039.604
75294.118
74563.107
74563.107
73142.857
73142.857
73846.154
72452.83
74563.107
73142.857
73846.154
73846.154
73142.857
73846.154
73846.154
73846.154
74563.107
74563.107
75294.118
75294.118
76800.0
78367.347
78367.347
76800.0
75294.118
74563.107
72452.83
71111.111
72452.83
71775.701
73142.857
320000.0
94814.815
74563.107
74563.107
76039.604
74563.107
78367.347
79175.258
82580.645
76039.604
79175.258
81702.128
81702.128
81702.128
81702.128
82580.645
82580.645
82580.645
84395.604
83478.261
85333.333
84395.604
84395.604
84395.604
84395.604
84395.604
85333.333
83478.261
86292.135
85333.333
85333.333
84395.604
83478.261
84395.604
83478.261
84395.604
84395.604
84395.604
83478.261
83478.261
83478.261
84395.604
84395.604
83478.261
84395.604
83478.261
84395.604
83478.261
85333.333
81702.128
80842.105
81702.128
80000.0
82580.645
76039.604
78367.347
77575.758
77575.758
76800.0
76039.604
75294.118
79175.258
79175.258
73142.857
75294.118
76039.604
76800.0
78367.347
80000.0
79175.258
81702.128
81702.128
81702.128
81702.128
82580.645
82580.645
81702.128
80000.0
80000.0
75294.118
76800.0
78367.347
80000.0
76800.0
76800.0
77575.758
78367.347
76800.0
76800.0
75294.118
76039.604
75294.118
76039.604
76039.604
76800.0
76039.604
79175.258
75294.118
77575.758
77575.758
77575.758
76039.604
75294.118
76039.604
76039.604
74563.107
76039.604
74563.107
74563.107
73846.154
74563.107
72452.83
71775.701
71111.111
69818.182
69189.189
69189.189
69189.189
71111.111
67964.602
70458.716
71111.111
72452.83
71775.701
71775.701
71111.111
71111.111
69818.182
68571.429
75294.118
65641.026
67964.602
68571.429
70458.716
69189.189
69818.182
69818.182
70458.716
67368.421
67368.421
70458.716
69818.182
69189.189
69818.182
70458.716
72452.83
77575.758
81702.128
80842.105
80842.105
80000.0
