71775.701
73846.154
69818.182
70458.716
68571.429
67964.602
134736.842
61440.0
75294.118
64537.815
92530.12
55652.174
64537.815
64537.815
64000.0
42905.028
66782.609
85333.333
61440.0
64537.815
80842.105
62439.024
65084.746
78367.347
61440.0
65641.026
66782.609
63471.074
65641.026
69189.189
77575.758
79175.258
77575.758
78367.347
80842.105
78367.347
76800.0
61440.0
118153.846
58181.818
66782.609
43885.714
75294.118
62950.82
132413.793
62950.82
125901.639
62950.82
67368.421
78367.347
46829.268
83478.261
64537.815
65641.026
89302.326
62439.024
66782.609
76039.604
62439.024
66206.897
83478.261
62439.024
65084.746
82580.645
109714.286
123870.968
62439.024
62439.024
64000.0
114626.866
60952.381
64000.0
90352.941
61440.0
64537.815
94814.815
60472.441
64000.0
91428.571
60000.0
62950.82
87272.727
60000.0
62439.024
88275.862
61935.484
120000.0
58625.954
62950.82
96000.0
59534.884
134736.842
59534.884
61935.484
96000.0
86292.135
62950.82
59076.923
62950.82
82580.645
61440.0
67964.602
132413.793
62439.024
64537.815
65641.026
64537.815
65084.746
65084.746
65641.026
65084.746
66206.897
65084.746
65084.746
64537.815
65084.746
102400.0
130169.492
56470.588
65641.026
69189.189
60472.441
64537.815
63471.074
64537.815
102400.0
61935.484
64000.0
134736.842
61935.484
64537.815
63471.074
43389.831
65641.026
70458.716
73846.154
77575.758
76039.604
72452.83
73142.857
70458.716
114626.866
60952.381
64537.815
92530.12
60952.381
132413.793
61440.0
63471.074
103783.784
61935.484
64537.815
86292.135
61935.484
64537.815
44137.931
93658.537
62439.024
66206.897
81702.128
62439.024
66206.897
82580.645
63471.074
137142.857
63471.074
65641.026
99740.26
61935.484
64537.815
99740.26
60952.381
64000.0
132413.793
61440.0
63471.074
63471.074
63471.074
64000.0
64537.815
64537.815
94814.815
60472.441
65084.746
121904.762
56058.394
118153.846
61440.0
64537.815
86292.135
61440.0
65084.746
76800.0
99740.26
60000.0
65641.026
98461.538
62950.82
65084.746
65084.746
125901.639
61440.0
64000.0
86292.135
61440.0
64000.0
75294.118
59534.884
62950.82
82580.645
59076.923
61935.484
86292.135
58181.818
62439.024
89302.326
59534.884
62950.82
90352.941
60472.441
64000.0
134736.842
63471.074
69189.189
60952.381
97215.19
57313.433
66206.897
93658.537
61440.0
112941.176
62950.82
66782.609
85333.333
63471.074
66206.897
65641.026
66782.609
67368.421
109714.286
121904.762
63471.074
66206.897
71111.111
60952.381
64537.815
84395.604
60000.0
120000.0
59076.923
63471.074
101052.632
60472.441
63471.074
79175.258
60472.441
63471.074
77575.758
60000.0
63471.074
75294.118
132413.793
61935.484
63471.074
97215.19
99740.26
60952.381
63471.074
64000.0
64537.815
65084.746
64537.815
64000.0
64000.0
91428.571
60472.441
63471.074
63471.074
63471.074
63471.074
63471.074
85333.333
132413.793
64537.815
64537.815
101052.632
60000.0
69189.189
60472.441
62950.82
63471.074
62950.82
62950.82
62439.024
62950.82
125901.639
60000.0
62439.024
63471.074
132413.793
62950.82
79175.258
59534.884
62439.024
76039.604
59534.884
61935.484
80842.105
59076.923
62439.024
71775.701
60000.0
63471.074
137142.857
60952.381
62950.82
64537.815
109714.286
60472.441
63471.074
63471.074
43636.364
65084.746
92530.12
60952.381
64537.815
82580.645
60472.441
64000.0
81702.128
60000.0
63471.074
91428.571
130169.492
63471.074
64000.0
102400.0
60952.381
56888.889
121904.762
61935.484
63471.074
82580.645
120000.0
60000.0
62950.82
63471.074
130169.492
125901.639
68571.429
62950.82
74563.107
60000.0
62950.82
99740.26
60000.0
62950.82
103783.784
60472.441
62439.024
112941.176
60472.441
63471.074
101052.632
60000.0
64000.0
105205.479
60472.441
62950.82
132413.793
60472.441
64000.0
63471.074
121904.762
56470.588
64537.815
111304.348
60952.381
86292.135
60000.0
64537.815
64537.815
62950.82
64537.815
96000.0
60472.441
63471.074
89302.326
60472.441
62950.82
92530.12
59534.884
130169.492
59534.884
62950.82
102400.0
60000.0
132413.793
63471.074
64537.815
97215.19
63471.074
66206.897
73846.154
62439.024
66782.609
132413.793
62950.82
65084.746
65084.746
130169.492
62439.024
64000.0
65084.746
64537.815
97215.19
60000.0
64000.0
73142.857
61440.0
120000.0
59534.884
62439.024
111304.348
60000.0
116363.636
59534.884
64000.0
75294.118
60952.381
64000.0
70458.716
132413.793
60472.441
62439.024
93658.537
60952.381
63471.074
73142.857
59076.923
63471.074
106666.667
58625.954
120000.0
59076.923
62439.024
91428.571
58625.954
61935.484
93658.537
128000.0
60000.0
62950.82
103783.784
60000.0
62950.82
97215.19
59534.884
64537.815
81702.128
61440.0
64537.815
79175.258
98461.538
61440.0
65641.026
71775.701
62439.024
65641.026
73142.857
73846.154
73142.857
132413.793
62439.024
64537.815
91428.571
61440.0
64537.815
76800.0
63471.074
61440.0
132413.793
67368.421
74563.107
61935.484
65084.746
71775.701
61440.0
64537.815
65084.746
130169.492
60952.381
65084.746
81702.128
125901.639
62950.82
65641.026
81702.128
61935.484
64000.0
69818.182
60000.0
63471.074
71111.111
60000.0
103783.784
80000.0
55251.799
102400.0
60952.381
64537.815
80842.105
60952.381
62950.82
87272.727
61440.0
64000.0
70458.716
60952.381
64537.815
120000.0
61440.0
65084.746
65084.746
132413.793
61440.0
108169.014
60472.441
63471.074
66206.897
62439.024
64000.0
64537.815
65084.746
120000.0
61440.0
65084.746
97215.19
60472.441
86292.135
60472.441
62950.82
134736.842
60952.381
70458.716
59534.884
62439.024
76800.0
59076.923
61935.484
82580.645
130169.492
60472.441
62950.82
88275.862
60000.0
64537.815
66782.609
66782.609
77575.758
74563.107
75294.118
73846.154
74563.107
73142.857
70458.716
69818.182
69818.182
76800.0
61935.484
66782.609
130169.492
59076.923
69189.189
66206.897
132413.793
58625.954
78367.347
66206.897
59534.884
62439.024
97215.19
59534.884
125901.639
59534.884
64000.0
108169.014
61935.484
65084.746
97215.19
61935.484
65641.026
87272.727
61440.0
64000.0
43885.714
80842.105
61440.0
65084.746
77575.758
62950.82
72452.83
76039.604
75294.118
71111.111
43389.831
64000.0
99740.26
60952.381
130169.492
60472.441
64537.815
92530.12
60000.0
132413.793
61935.484
64537.815
89302.326
61440.0
65641.026
73142.857
81702.128
137142.857
58625.954
66782.609
67964.602
75294.118
74563.107
123870.968
63471.074
65641.026
66206.897
65084.746
65641.026
65084.746
65084.746
65641.026
76800.0
64537.815
66782.609
69189.189
68571.429
73846.154
67964.602
71775.701
71775.701
71775.701
69818.182
68571.429
68571.429
70458.716
123870.968
99740.26
66206.897
62950.82
61935.484
62439.024
61440.0
123870.968
54084.507
116363.636
59076.923
62439.024
62439.024
128000.0
60000.0
82580.645
60000.0
132413.793
60952.381
65084.746
80842.105
60472.441
43146.067
63471.074
99740.26
61440.0
64537.815
114626.866
56470.588
64537.815
65641.026
65641.026
109714.286
61935.484
65084.746
43389.831
62950.82
64537.815
130169.492
61440.0
64000.0
68571.429
61935.484
69189.189
61935.484
64000.0
130169.492
60472.441
63471.074
63471.074
94814.815
60000.0
62950.82
86292.135
60472.441
63471.074
82580.645
60952.381
62439.024
87272.727
59076.923
62439.024
93658.537
59534.884
132413.793
60000.0
64000.0
101052.632
105205.479
132413.793
132413.793
61440.0
63471.074
102400.0
60000.0
62950.82
101052.632
60472.441
62950.82
101052.632
60000.0
68571.429
91428.571
61935.484
86292.135
60952.381
65641.026
68571.429
75294.118
74563.107
75294.118
74563.107
73142.857
73142.857
73142.857
71775.701
69189.189
69189.189
69818.182
71775.701
103783.784
60952.381
62439.024
96000.0
128000.0
65084.746
61935.484
98461.538
58181.818
61440.0
96000.0
58181.818
60000.0
108169.014
57744.361
61440.0
93658.537
58625.954
61440.0
116363.636
51543.624
63471.074
132413.793
63471.074
69189.189
61440.0
64537.815
70458.716
60472.441
64000.0
64537.815
93658.537
62950.82
64000.0
84395.604
60472.441
116363.636
60000.0
62950.82
76039.604
130169.492
109714.286
120000.0
60952.381
62950.82
109714.286
59076.923
76039.604
121904.762
59076.923
63471.074
82580.645
61440.0
65084.746
65084.746
65084.746
118153.846
61440.0
64537.815
63471.074
64000.0
111304.348
60952.381
62950.82
66206.897
60000.0
62439.024
67964.602
130169.492
101052.632
58181.818
60952.381
61440.0
101052.632
60000.0
62950.82
67964.602
59076.923
62950.82
69818.182
59076.923
62950.82
76039.604
59534.884
62950.82
79175.258
60472.441
105205.479
56058.394
64000.0
88275.862
94814.815
56470.588
62950.82
63471.074
85333.333
130169.492
105205.479
61440.0
64537.815
64000.0
65084.746
67964.602
43636.364
64537.815
65641.026
68571.429
132413.793
63471.074
65084.746
76800.0
61935.484
65641.026
65641.026
65084.746
102400.0
57744.361
118153.846
59534.884
64537.815
89302.326
60952.381
64000.0
73846.154
60000.0
65084.746
75294.118
64537.815
79175.258
74563.107
75294.118
132413.793
132413.793
72452.83
73846.154
61935.484
62439.024
101052.632
94814.815
74563.107
58625.954
62439.024
94814.815
60000.0
62439.024
125901.639
59076.923
62950.82
63471.074
62950.82
132413.793
60472.441
94814.815
60952.381
64537.815
134736.842
62950.82
64537.815
64537.815
116363.636
61440.0
64537.815
64000.0
63471.074
64537.815
65084.746
73846.154
78367.347
80842.105
80842.105
80000.0
105205.479
64000.0
71775.701
76039.604
73846.154
128000.0
63471.074
67368.421
79175.258
63471.074
67964.602
67368.421
99740.26
65084.746
66206.897
77575.758
62439.024
65084.746
76039.604
112941.176
62439.024
65084.746
83478.261
61935.484
65641.026
132413.793
60952.381
89302.326
62439.024
64537.815
76800.0
61935.484
64000.0
103783.784
60000.0
89302.326
61440.0
125901.639
60000.0
64000.0
94814.815
60952.381
64000.0
79175.258
59534.884
62439.024
132413.793
60472.441
92530.12
59076.923
62950.82
134736.842
60472.441
86292.135
60000.0
62950.82
94814.815
54468.085
111304.348
59534.884
63471.074
103783.784
56058.394
108169.014
60000.0
62439.024
80000.0
59534.884
61935.484
90352.941
58625.954
61440.0
93658.537
60000.0
62950.82
84395.604
60952.381
63471.074
86292.135
60952.381
64000.0
134736.842
65641.026
65641.026
60472.441
64000.0
134736.842
61935.484
71775.701
61440.0
66782.609
75294.118
76039.604
76800.0
75294.118
73846.154
73142.857
71775.701
70458.716
70458.716
132413.793
60472.441
64537.815
114626.866
55652.174
132413.793
60000.0
63471.074
92530.12
59534.884
61935.484
92530.12
59076.923
61935.484
128000.0
59076.923
62950.82
63471.074
74563.107
67368.421
60472.441
64000.0
77575.758
132413.793
60952.381
64537.815
98461.538
60952.381
132413.793
62439.024
64000.0
106666.667
60472.441
134736.842
61935.484
62950.82
101052.632
60000.0
62439.024
94814.815
59534.884
61935.484
128000.0
60000.0
61935.484
61935.484
86292.135
59076.923
62950.82
62950.82
62439.024
62950.82
83478.261
60472.441
62950.82
66782.609
130169.492
60000.0
62950.82
87272.727
60472.441
63471.074
73846.154
59534.884
63471.074
114626.866
60000.0
103783.784
56888.889
116363.636
61935.484
64537.815
64537.815
64537.815
64537.815
66206.897
69818.182
76800.0
76800.0
73142.857
71775.701
70458.716
71775.701
73142.857
132413.793
61935.484
61935.484
125901.639
55251.799
132413.793
59076.923
61935.484
91428.571
59534.884
61935.484
85333.333
59534.884
62439.024
84395.604
59076.923
62439.024
84395.604
60000.0
134736.842
62439.024
62950.82
98461.538
60952.381
43389.831
63471.074
108169.014
61440.0
108169.014
60952.381
64000.0
98461.538
61440.0
67964.602
76800.0
134736.842
53333.333
61440.0
64537.815
73142.857
75294.118
103783.784
60952.381
64000.0
74563.107
60952.381
72452.83
77575.758
77575.758
80000.0
78367.347
79175.258
76039.604
77575.758
73846.154
77575.758
73846.154
76039.604
74563.107
73142.857
72452.83
72452.83
72452.83
68571.429
69189.189
69818.182
73846.154
69818.182
71111.111
69189.189
130169.492
50526.316
76039.604
74563.107
76800.0
76800.0
72452.83
72452.83
108169.014
60952.381
65084.746
84395.604
60472.441
134736.842
60472.441
63471.074
88275.862
103783.784
55251.799
132413.793
62950.82
80842.105
55652.174
63471.074
130169.492
59534.884
64000.0
65084.746
62950.82
64000.0
63471.074
65084.746
94814.815
64537.815
109714.286
62950.82
67368.421
80000.0
101052.632
59076.923
116363.636
62439.024
66206.897
80000.0
62950.82
65641.026
66782.609
65084.746
77575.758
73846.154
132413.793
66206.897
66206.897
84395.604
62439.024
137142.857
62439.024
65084.746
80842.105
61935.484
130169.492
61935.484
64000.0
90352.941
61935.484
64000.0
79175.258
60000.0
63471.074
83478.261
59534.884
61935.484
80000.0
59534.884
106666.667
59076.923
62439.024
93658.537
60472.441
62439.024
132413.793
61440.0
76800.0
59534.884
89302.326
55251.799
63471.074
91428.571
43885.714
63471.074
80842.105
60472.441
134736.842
60952.381
99740.26
92530.12
56058.394
134736.842
61935.484
66782.609
61935.484
64537.815
65084.746
65084.746
78367.347
60952.381
111304.348
56470.588
64000.0
90352.941
70458.716
88275.862
59534.884
62439.024
93658.537
59534.884
90352.941
114626.866
121904.762
58625.954
61935.484
103783.784
68571.429
53706.294
93658.537
57744.361
132413.793
58625.954
61935.484
105205.479
60000.0
132413.793
59534.884
62950.82
96000.0
60472.441
62950.82
80842.105
59076.923
62439.024
116363.636
60000.0
91428.571
60472.441
130169.492
60000.0
63471.074
91428.571
102400.0
120000.0
60000.0
62439.024
62950.82
74563.107
60472.441
64000.0
71111.111
75294.118
76800.0
76800.0
75294.118
75294.118
78367.347
75294.118
66782.609
105205.479
56058.394
66206.897
109714.286
45988.024
65084.746
86292.135
63471.074
137142.857
65084.746
66206.897
86292.135
61935.484
64000.0
79175.258
61440.0
64000.0
69818.182
60000.0
62950.82
73846.154
59534.884
62439.024
83478.261
75294.118
109714.286
57313.433
132413.793
58181.818
73846.154
57313.433
120000.0
56470.588
60952.381
98461.538
58625.954
137142.857
60000.0
61440.0
94814.815
59076.923
61935.484
134736.842
80000.0
163404.255
192000.0
196923.077
213333.333
207567.568
202105.263
192000.0
192000.0
182857.143
182857.143
187317.073
182857.143
192000.0
182857.143
196923.077
43389.831
42905.028
70458.716
76039.604
78367.347
59076.923
62439.024
82580.645
62950.82
63471.074
79175.258
60000.0
63471.074
111304.348
58625.954
70458.716
59534.884
134736.842
59076.923
62439.024
93658.537
59076.923
62439.024
88275.862
58625.954
62950.82
90352.941
59076.923
61935.484
87272.727
60952.381
64537.815
71775.701
80000.0
80842.105
80842.105
137142.857
103783.784
64537.815
67964.602
67964.602
77575.758
78367.347
80000.0
80000.0
80000.0
80000.0
78367.347
77575.758
80842.105
76800.0
80000.0
137142.857
130169.492
67368.421
69818.182
70458.716
111304.348
65641.026
70458.716
72452.83
73846.154
112941.176
66782.609
71111.111
75294.118
78367.347
134736.842
132413.793
69189.189
71111.111
73846.154
75294.118
77575.758
80842.105
79175.258
80000.0
80000.0
123870.968
67964.602
72452.83
73142.857
74563.107
121904.762
67964.602
121904.762
61935.484
71111.111
132413.793
67964.602
69818.182
71111.111
72452.83
121904.762
66206.897
71111.111
71111.111
71111.111
120000.0
96000.0
67964.602
66206.897
69818.182
73142.857
71775.701
85333.333
64537.815
75294.118
137142.857
70458.716
76800.0
80000.0
80842.105
125901.639
69189.189
134736.842
139636.364
66206.897
77575.758
130169.492
125901.639
69818.182
71775.701
74563.107
74563.107
75294.118
75294.118
73846.154
74563.107
75294.118
76039.604
73846.154
137142.857
65084.746
134736.842
69189.189
81702.128
108169.014
71775.701
67964.602
71775.701
75294.118
80000.0
82580.645
80842.105
137142.857
130169.492
213333.333
97215.19
73846.154
77575.758
120000.0
68571.429
74563.107
232727.273
128000.0
80000.0
139636.364
57313.433
83478.261
82580.645
82580.645
80842.105
77575.758
76800.0
75294.118
75294.118
46545.455
69189.189
69818.182
69818.182
69189.189
97215.19
66206.897
68571.429
134736.842
45988.024
67368.421
97215.19
59534.884
76800.0
60952.381
67964.602
67368.421
80842.105
60000.0
77575.758
134736.842
132413.793
68571.429
137142.857
65641.026
68571.429
68571.429
102400.0
132413.793
132413.793
81702.128
59076.923
112941.176
62950.82
70458.716
64537.815
67964.602
67964.602
67368.421
99740.26
64000.0
66782.609
66782.609
132413.793
64537.815
66206.897
79175.258
91428.571
123870.968
63471.074
66206.897
66206.897
91428.571
62439.024
65641.026
65641.026
65084.746
134736.842
63471.074
65084.746
84395.604
62439.024
65084.746
79175.258
73846.154
56058.394
64537.815
105205.479
62439.024
65641.026
105205.479
62950.82
66206.897
67368.421
65641.026
66782.609
66782.609
69189.189
105205.479
65084.746
69818.182
80842.105
134736.842
70458.716
73142.857
78367.347
80842.105
82580.645
81702.128
81702.128
80842.105
81702.128
118153.846
67964.602
73846.154
73846.154
73142.857
92530.12
66206.897
70458.716
69189.189
70458.716
97215.19
65084.746
67964.602
67964.602
67368.421
116363.636
62950.82
67368.421
65641.026
65641.026
44393.064
65641.026
65641.026
66206.897
111304.348
59076.923
116363.636
63471.074
67368.421
66782.609
134736.842
64000.0
87272.727
109714.286
56888.889
64537.815
103783.784
102400.0
68571.429
56470.588
62950.82
62950.82
106666.667
89302.326
55652.174
66782.609
64537.815
109714.286
55652.174
62439.024
123870.968
92530.12
108169.014
60000.0
92530.12
59534.884
63471.074
134736.842
62439.024
90352.941
56888.889
64000.0
65641.026
114626.866
56470.588
65084.746
83478.261
64000.0
62950.82
65084.746
64000.0
65084.746
65084.746
65084.746
91428.571
61935.484
65641.026
128000.0
61440.0
65641.026
65084.746
112941.176
62439.024
64000.0
72452.83
96000.0
132413.793
58181.818
73142.857
58181.818
64000.0
65084.746
65084.746
83478.261
61935.484
130169.492
61440.0
89302.326
57313.433
65084.746
44137.931
65084.746
65641.026
66782.609
76039.604
62439.024
65641.026
65641.026
65084.746
65641.026
65084.746
64537.815
67368.421
108169.014
60952.381
65641.026
74563.107
80842.105
85333.333
106666.667
56470.588
64537.815
89302.326
106666.667
56888.889
65641.026
66782.609
130169.492
62950.82
66782.609
77575.758
69818.182
45714.286
67964.602
68571.429
72452.83
137142.857
65084.746
67964.602
67964.602
130169.492
63471.074
67964.602
79175.258
64000.0
66782.609
74563.107
79175.258
109714.286
60952.381
64000.0
92530.12
114626.866
60000.0
64000.0
62950.82
86292.135
55251.799
121904.762
60000.0
62950.82
84395.604
59534.884
61440.0
96000.0
59534.884
61935.484
92530.12
59534.884
42905.028
62950.82
106666.667
114626.866
130169.492
128000.0
60000.0
62439.024
102400.0
84395.604
88275.862
59534.884
62439.024
81702.128
76039.604
108169.014
60472.441
63471.074
76800.0
79175.258
134736.842
64000.0
101052.632
60472.441
62439.024
85333.333
60000.0
62950.82
84395.604
99740.26
60000.0
62950.82
62950.82
97215.19
134736.842
71111.111
60952.381
98461.538
60000.0
114626.866
59534.884
81702.128
56470.588
63471.074
64537.815
79175.258
58625.954
80842.105
76800.0
123870.968
64000.0
65641.026
65641.026
65641.026
65641.026
66782.609
69189.189
82580.645
80842.105
80842.105
80842.105
76039.604
78367.347
76039.604
73846.154
72452.83
73142.857
76800.0
70458.716
75294.118
71111.111
74563.107
73846.154
74563.107
73846.154
74563.107
69818.182
134736.842
137142.857
73142.857
64537.815
64000.0
101052.632
45443.787
67964.602
66206.897
64000.0
130169.492
60952.381
68571.429
60000.0
67368.421
130169.492
59534.884
62439.024
63471.074
88275.862
60000.0
62950.82
67368.421
92530.12
55251.799
142222.222
59076.923
62439.024
91428.571
109714.286
54468.085
62439.024
106666.667
89302.326
57313.433
60000.0
45176.471
60952.381
84395.604
59534.884
62439.024
66206.897
60472.441
63471.074
64000.0
64000.0
64000.0
63471.074
137142.857
60952.381
64000.0
88275.862
99740.26
55652.174
42905.028
76800.0
56058.394
62439.024
132413.793
60952.381
63471.074
105205.479
62439.024
43885.714
65641.026
94814.815
111304.348
56888.889
64000.0
64537.815
65084.746
65084.746
66206.897
79175.258
44651.163
64537.815
93658.537
125901.639
57744.361
65084.746
112941.176
62439.024
65641.026
70458.716
61440.0
64537.815
69189.189
60952.381
139636.364
62439.024
64000.0
89302.326
63471.074
61440.0
76800.0
60952.381
73846.154
134736.842
137142.857
62950.82
62950.82
90352.941
101052.632
60472.441
58625.954
61935.484
98461.538
132413.793
61935.484
62950.82
114626.866
60000.0
62439.024
103783.784
59534.884
62439.024
111304.348
59534.884
62439.024
101052.632
60000.0
134736.842
59534.884
61935.484
118153.846
60000.0
63471.074
97215.19
60952.381
62950.82
96000.0
60472.441
62439.024
96000.0
60000.0
61935.484
91428.571
60952.381
59534.884
96000.0
42905.028
81702.128
56888.889
91428.571
69818.182
57313.433
61935.484
125901.639
47701.863
61440.0
93658.537
80842.105
97215.19
58625.954
130169.492
63471.074
55251.799
118153.846
58181.818
61440.0
98461.538
130169.492
55251.799
61935.484
62950.82
62950.82
62950.82
72452.83
76039.604
128000.0
60472.441
108169.014
60000.0
64000.0
62439.024
45714.286
74563.107
65084.746
60000.0
137142.857
60000.0
121904.762
59534.884
61935.484
128000.0
59076.923
87272.727
60472.441
62950.82
65084.746
63471.074
65084.746
77575.758
73846.154
134736.842
130169.492
62439.024
63471.074
62950.82
128000.0
59534.884
62950.82
85333.333
79175.258
132413.793
58625.954
61440.0
61935.484
61440.0
62439.024
62439.024
60472.441
121904.762
54857.143
61440.0
98461.538
59076.923
62439.024
80842.105
84395.604
84395.604
59534.884
62950.82
134736.842
59534.884
99740.26
58625.954
63471.074
83478.261
64537.815
56470.588
91428.571
59076.923
74563.107
91428.571
60952.381
83478.261
58625.954
139636.364
60472.441
62439.024
85333.333
106666.667
54857.143
42666.667
61935.484
92530.12
93658.537
85333.333
134736.842
58625.954
60952.381
99740.26
75294.118
106666.667
81702.128
92530.12
