106666.667
144905.66
156734.694
232727.273
207567.568
92530.12
98461.538
123870.968
153600.0
73846.154
96000.0
105205.479
103783.784
105205.479
144905.66
333913.043
144905.66
102400.0
132413.793
109714.286
82580.645
98461.538
103783.784
307200.0
160000.0
125901.639
118153.846
90352.941
105205.479
99740.26
307200.0
163404.255
118153.846
108169.014
93658.537
105205.479
147692.308
102400.0
150588.235
320000.0
320000.0
103783.784
101052.632
112941.176
120000.0
118153.846
118153.846
121904.762
123870.968
128000.0
139636.364
187317.073
182857.143
142222.222
125901.639
147692.308
320000.0
166956.522
125901.639
90352.941
105205.479
166956.522
640000.0
89302.326
125901.639
103783.784
320000.0
137142.857
98461.538
103783.784
105205.479
105205.479
105205.479
106666.667
106666.667
132413.793
91428.571
103783.784
106666.667
103783.784
105205.479
106666.667
108169.014
192000.0
219428.571
103783.784
102400.0
128000.0
116363.636
93658.537
139636.364
92530.12
139636.364
132413.793
128000.0
132413.793
89302.326
333913.043
147692.308
109714.286
97215.19
105205.479
103783.784
106666.667
160000.0
284444.444
103783.784
153600.0
103783.784
112941.176
142222.222
130169.492
307200.0
232727.273
137142.857
120000.0
139636.364
121904.762
142222.222
150588.235
130169.492
109714.286
125901.639
128000.0
125901.639
120000.0
120000.0
118153.846
116363.636
118153.846
118153.846
118153.846
120000.0
137142.857
116363.636
116363.636
121904.762
108169.014
144905.66
128000.0
132413.793
108169.014
99740.26
120000.0
118153.846
116363.636
120000.0
112941.176
134736.842
108169.014
112941.176
125901.639
132413.793
111304.348
128000.0
132413.793
87272.727
128000.0
156734.694
147692.308
101052.632
92530.12
97215.19
142222.222
87272.727
111304.348
91428.571
98461.538
103783.784
187317.073
213333.333
132413.793
150588.235
73846.154
130169.492
114626.866
87272.727
93658.537
105205.479
182857.143
256000.0
105205.479
142222.222
256000.0
284444.444
156734.694
150588.235
247741.935
160000.0
111304.348
182857.143
256000.0
111304.348
130169.492
123870.968
97215.19
118153.846
120000.0
125901.639
307200.0
207567.568
123870.968
96000.0
121904.762
130169.492
103783.784
121904.762
333913.043
384000.0
320000.0
114626.866
116363.636
116363.636
114626.866
112941.176
116363.636
116363.636
118153.846
125901.639
106666.667
116363.636
132413.793
108169.014
102400.0
174545.455
68571.429
92530.12
102400.0
118153.846
109714.286
128000.0
105205.479
121904.762
80842.105
102400.0
85333.333
102400.0
134736.842
144905.66
108169.014
79175.258
111304.348
87272.727
134736.842
123870.968
114626.866
80000.0
109714.286
101052.632
98461.538
92530.12
125901.639
142222.222
128000.0
98461.538
99740.26
94814.815
132413.793
137142.857
99740.26
101052.632
99740.26
132413.793
120000.0
116363.636
125901.639
108169.014
114626.866
80842.105
97215.19
182857.143
219428.571
76039.604
105205.479
84395.604
101052.632
111304.348
87272.727
333913.043
384000.0
240000.0
101052.632
96000.0
93658.537
128000.0
85333.333
85333.333
102400.0
88275.862
80842.105
142222.222
53333.333
97215.19
80842.105
93658.537
89302.326
92530.12
89302.326
93658.537
87272.727
90352.941
147692.308
64000.0
91428.571
93658.537
94814.815
123870.968
70458.716
103783.784
101052.632
116363.636
132413.793
137142.857
128000.0
65084.746
78367.347
87272.727
88275.862
160000.0
60952.381
90352.941
98461.538
83478.261
109714.286
86292.135
84395.604
156734.694
60000.0
97215.19
82580.645
94814.815
72452.83
91428.571
71111.111
82580.645
67964.602
88275.862
98461.538
91428.571
74563.107
105205.479
71111.111
98461.538
89302.326
76800.0
91428.571
96000.0
77575.758
88275.862
101052.632
80000.0
86292.135
101052.632
78367.347
91428.571
97215.19
116363.636
98461.538
99740.26
91428.571
77575.758
76800.0
88275.862
102400.0
125901.639
112941.176
105205.479
106666.667
130169.492
94814.815
96000.0
103783.784
112941.176
103783.784
102400.0
102400.0
101052.632
101052.632
103783.784
93658.537
103783.784
109714.286
116363.636
77575.758
80842.105
93658.537
106666.667
79175.258
94814.815
96000.0
96000.0
121904.762
84395.604
73846.154
99740.26
105205.479
76800.0
94814.815
116363.636
71111.111
89302.326
89302.326
87272.727
123870.968
88275.862
81702.128
83478.261
102400.0
98461.538
114626.866
134736.842
71775.701
79175.258
91428.571
101052.632
78367.347
97215.19
99740.26
69818.182
93658.537
90352.941
128000.0
82580.645
79175.258
84395.604
89302.326
98461.538
142222.222
62950.82
90352.941
92530.12
87272.727
91428.571
91428.571
163404.255
62439.024
109714.286
96000.0
85333.333
70458.716
94814.815
71775.701
139636.364
62950.82
96000.0
83478.261
92530.12
94814.815
92530.12
91428.571
130169.492
103783.784
67964.602
89302.326
87272.727
91428.571
156734.694
65084.746
130169.492
73142.857
101052.632
93658.537
102400.0
105205.479
85333.333
153600.0
67964.602
105205.479
116363.636
93658.537
109714.286
72452.83
72452.83
78367.347
137142.857
59534.884
91428.571
93658.537
71775.701
105205.479
120000.0
134736.842
112941.176
84395.604
65641.026
71775.701
85333.333
108169.014
68571.429
87272.727
106666.667
66206.897
82580.645
84395.604
99740.26
67964.602
89302.326
103783.784
65084.746
84395.604
106666.667
60472.441
80842.105
80842.105
99740.26
77575.758
67964.602
80842.105
103783.784
62950.82
82580.645
150588.235
137142.857
60952.381
112941.176
153600.0
44393.064
84395.604
153600.0
98461.538
60000.0
72452.83
90352.941
105205.479
76039.604
73142.857
83478.261
101052.632
66206.897
81702.128
118153.846
67368.421
77575.758
80000.0
98461.538
67964.602
84395.604
103783.784
64537.815
80000.0
123870.968
62950.82
92530.12
91428.571
63471.074
65641.026
80842.105
102400.0
64537.815
81702.128
105205.479
93658.537
63471.074
76039.604
105205.479
57744.361
68571.429
74563.107
108169.014
71111.111
65084.746
80000.0
103783.784
65641.026
94814.815
96000.0
71775.701
85333.333
103783.784
132413.793
52244.898
116363.636
70458.716
83478.261
101052.632
67964.602
91428.571
101052.632
65641.026
2560000.0
84395.604
121904.762
69818.182
86292.135
94814.815
125901.639
79175.258
69189.189
67368.421
86292.135
105205.479
96000.0
59076.923
86292.135
101052.632
105205.479
59534.884
118153.846
64000.0
105205.479
68571.429
88275.862
105205.479
66782.609
83478.261
80842.105
103783.784
80842.105
512000.0
67964.602
75294.118
106666.667
59534.884
87272.727
102400.0
111304.348
58181.818
60000.0
80842.105
111304.348
69818.182
83478.261
80842.105
150588.235
59076.923
89302.326
105205.479
111304.348
67964.602
76800.0
86292.135
105205.479
76039.604
96000.0
93658.537
59534.884
77575.758
79175.258
105205.479
65084.746
81702.128
105205.479
66206.897
87272.727
102400.0
89302.326
62439.024
75294.118
76800.0
105205.479
94814.815
68571.429
71111.111
81702.128
105205.479
80000.0
92530.12
96000.0
59534.884
93658.537
68571.429
82580.645
102400.0
71111.111
74563.107
81702.128
103783.784
83478.261
63471.074
70458.716
77575.758
105205.479
61440.0
89302.326
101052.632
64000.0
80000.0
82580.645
98461.538
86292.135
118153.846
80842.105
75294.118
62950.82
79175.258
77575.758
102400.0
59534.884
102400.0
65084.746
97215.19
68571.429
99740.26
76800.0
94814.815
59534.884
80842.105
103783.784
79175.258
60472.441
94814.815
87272.727
89302.326
72452.83
57744.361
123870.968
73142.857
60472.441
132413.793
60000.0
93658.537
73846.154
86292.135
102400.0
66782.609
86292.135
102400.0
80000.0
62950.82
82580.645
76039.604
105205.479
79175.258
59534.884
78367.347
79175.258
103783.784
77575.758
73142.857
137142.857
150588.235
76800.0
106666.667
139636.364
76800.0
106666.667
60000.0
83478.261
77575.758
83478.261
137142.857
64537.815
71775.701
84395.604
103783.784
72452.83
94814.815
120000.0
51543.624
81702.128
76039.604
79175.258
102400.0
61935.484
84395.604
76800.0
102400.0
67964.602
73846.154
79175.258
102400.0
74563.107
67964.602
79175.258
78367.347
150588.235
55251.799
73846.154
81702.128
102400.0
71775.701
73846.154
81702.128
101052.632
70458.716
74563.107
123870.968
69818.182
69189.189
99740.26
60472.441
82580.645
102400.0
76039.604
68571.429
84395.604
99740.26
85333.333
80000.0
120000.0
83478.261
59076.923
81702.128
83478.261
98461.538
60472.441
83478.261
79175.258
101052.632
64537.815
85333.333
101052.632
65084.746
85333.333
112941.176
71111.111
111304.348
58625.954
87272.727
102400.0
71111.111
79175.258
80000.0
101052.632
77575.758
70458.716
137142.857
59076.923
101052.632
66782.609
86292.135
83478.261
147692.308
81702.128
90352.941
94814.815
284444.444
307200.0
73142.857
91428.571
83478.261
92530.12
91428.571
123870.968
139636.364
91428.571
86292.135
219428.571
196923.077
82580.645
121904.762
67964.602
111304.348
1097142.857
88275.862
90352.941
102400.0
84395.604
91428.571
89302.326
147692.308
62950.82
91428.571
88275.862
89302.326
89302.326
106666.667
76039.604
178604.651
187317.073
91428.571
93658.537
108169.014
80000.0
93658.537
89302.326
116363.636
69818.182
86292.135
83478.261
82580.645
80842.105
108169.014
64000.0
85333.333
74563.107
88275.862
99740.26
88275.862
61935.484
85333.333
103783.784
87272.727
71111.111
153600.0
53333.333
65641.026
87272.727
102400.0
116363.636
57744.361
86292.135
80842.105
134736.842
56888.889
86292.135
83478.261
120000.0
59534.884
84395.604
82580.645
150588.235
52965.517
84395.604
79175.258
102400.0
128000.0
137142.857
75294.118
85333.333
99740.26
69189.189
72452.83
80000.0
132413.793
60952.381
73846.154
72452.83
81702.128
101052.632
72452.83
75294.118
82580.645
101052.632
66206.897
87272.727
79175.258
102400.0
67368.421
82580.645
78367.347
150588.235
170666.667
85333.333
87272.727
85333.333
96000.0
73142.857
86292.135
225882.353
307200.0
65641.026
71111.111
85333.333
78367.347
101052.632
77575.758
97215.19
65084.746
66782.609
112941.176
58625.954
101052.632
76800.0
62950.82
81702.128
79175.258
147692.308
52244.898
88275.862
74563.107
99740.26
64537.815
121904.762
59534.884
98461.538
80842.105
61935.484
80000.0
108169.014
69189.189
93658.537
79175.258
64537.815
142222.222
50526.316
80842.105
94814.815
67368.421
83478.261
96000.0
64000.0
82580.645
77575.758
101052.632
64000.0
76800.0
77575.758
121904.762
63471.074
68571.429
90352.941
88275.862
67964.602
74563.107
114626.866
103783.784
61935.484
76039.604
77575.758
116363.636
69189.189
80000.0
114626.866
61440.0
91428.571
83478.261
98461.538
72452.83
86292.135
81702.128
96000.0
68571.429
81702.128
76800.0
79175.258
77575.758
76800.0
76039.604
150588.235
50860.927
78367.347
78367.347
80842.105
94814.815
66206.897
82580.645
76800.0
77575.758
93658.537
62439.024
79175.258
74563.107
76800.0
116363.636
66782.609
67368.421
82580.645
79175.258
93658.537
84395.604
63471.074
99740.26
59534.884
77575.758
80000.0
94814.815
67368.421
93658.537
85333.333
144905.66
105205.479
77575.758
83478.261
93658.537
67368.421
79175.258
76039.604
77575.758
77575.758
142222.222
53333.333
83478.261
81702.128
94814.815
69189.189
83478.261
77575.758
78367.347
96000.0
66206.897
92530.12
90352.941
58181.818
83478.261
77575.758
80000.0
78367.347
147692.308
61935.484
71775.701
86292.135
111304.348
106666.667
66782.609
80000.0
80842.105
81702.128
78367.347
80000.0
80000.0
156734.694
52965.517
82580.645
80000.0
83478.261
76800.0
80000.0
78367.347
139636.364
64537.815
67368.421
82580.645
82580.645
80000.0
92530.12
72452.83
78367.347
78367.347
160000.0
52602.74
93658.537
118153.846
55652.174
81702.128
92530.12
73142.857
81702.128
102400.0
64000.0
82580.645
80000.0
82580.645
91428.571
70458.716
82580.645
88275.862
86292.135
65641.026
80842.105
77575.758
96000.0
109714.286
125901.639
46545.455
84395.604
80842.105
81702.128
81702.128
147692.308
56470.588
83478.261
91428.571
73142.857
84395.604
144905.66
57313.433
81702.128
82580.645
80842.105
79175.258
134736.842
59076.923
75294.118
81702.128
80000.0
78367.347
78367.347
123870.968
58181.818
80000.0
80842.105
84395.604
77575.758
80000.0
79175.258
82580.645
75294.118
79175.258
112941.176
103783.784
89302.326
72452.83
59534.884
79175.258
77575.758
78367.347
78367.347
139636.364
56888.889
90352.941
76800.0
86292.135
83478.261
156734.694
54857.143
84395.604
80842.105
82580.645
81702.128
137142.857
56058.394
81702.128
80842.105
80842.105
80000.0
156734.694
121904.762
60952.381
67368.421
66782.609
82580.645
112941.176
67964.602
88275.862
66782.609
84395.604
80000.0
80842.105
80842.105
163404.255
54468.085
89302.326
72452.83
82580.645
78367.347
80842.105
80000.0
84395.604
84395.604
68571.429
79175.258
130169.492
64000.0
69818.182
139636.364
57744.361
83478.261
87272.727
78367.347
84395.604
81702.128
81702.128
91428.571
80842.105
70458.716
80000.0
81702.128
79175.258
78367.347
156734.694
52965.517
80000.0
78367.347
80000.0
78367.347
160000.0
51543.624
92530.12
81702.128
70458.716
84395.604
81702.128
163404.255
57313.433
71775.701
84395.604
81702.128
80842.105
160000.0
54468.085
83478.261
82580.645
92530.12
71111.111
84395.604
79175.258
80842.105
86292.135
111304.348
58625.954
80000.0
77575.758
156734.694
52602.74
80842.105
88275.862
75294.118
103783.784
63471.074
87272.727
80000.0
80842.105
89302.326
71111.111
80842.105
90352.941
75294.118
69818.182
78367.347
77575.758
160000.0
50860.927
80000.0
80000.0
144905.66
55652.174
84395.604
84395.604
88275.862
77575.758
84395.604
83478.261
150588.235
52244.898
83478.261
80000.0
81702.128
80842.105
142222.222
54857.143
81702.128
80842.105
80842.105
77575.758
153600.0
55251.799
81702.128
89302.326
121904.762
56470.588
80842.105
80842.105
87272.727
85333.333
66782.609
79175.258
84395.604
91428.571
62439.024
79175.258
84395.604
88275.862
62950.82
81702.128
77575.758
79175.258
80842.105
156734.694
125901.639
84395.604
105205.479
87272.727
90352.941
86292.135
87272.727
84395.604
85333.333
90352.941
72452.83
83478.261
96000.0
65641.026
81702.128
77575.758
79175.258
78367.347
156734.694
52602.74
82580.645
81702.128
160000.0
60000.0
78367.347
84395.604
84395.604
150588.235
54084.507
81702.128
80000.0
88275.862
80842.105
160000.0
47407.407
89302.326
70458.716
81702.128
79175.258
92530.12
67964.602
80842.105
78367.347
93658.537
65084.746
81702.128
76800.0
150588.235
60472.441
67964.602
81702.128
109714.286
61440.0
84395.604
120000.0
67368.421
68571.429
82580.645
80000.0
79175.258
92530.12
67964.602
80842.105
90352.941
64000.0
80000.0
76039.604
150588.235
53333.333
90352.941
69818.182
84395.604
79175.258
79175.258
90352.941
70458.716
89302.326
71775.701
81702.128
80000.0
89302.326
70458.716
83478.261
79175.258
80842.105
80842.105
156734.694
52965.517
83478.261
80842.105
88275.862
75294.118
83478.261
139636.364
123870.968
49548.387
76039.604
85333.333
82580.645
88275.862
76039.604
116363.636
61935.484
80842.105
76800.0
86292.135
89302.326
150588.235
48917.197
80842.105
82580.645
83478.261
88275.862
153600.0
56058.394
86292.135
85333.333
90352.941
77575.758
84395.604
80842.105
156734.694
54857.143
80842.105
80000.0
81702.128
80000.0
80842.105
84395.604
89302.326
65641.026
80842.105
80842.105
160000.0
50860.927
79175.258
80000.0
120000.0
60472.441
82580.645
92530.12
71775.701
81702.128
82580.645
156734.694
59076.923
80000.0
85333.333
85333.333
103783.784
67368.421
87272.727
80842.105
80842.105
78367.347
142222.222
54857.143
79175.258
78367.347
79175.258
77575.758
142222.222
52602.74
80000.0
77575.758
153600.0
53333.333
84395.604
85333.333
67964.602
78367.347
77575.758
78367.347
137142.857
54468.085
80842.105
80842.105
150588.235
55251.799
78367.347
80000.0
79175.258
80000.0
156734.694
52965.517
81702.128
80000.0
80000.0
86292.135
74563.107
81702.128
79175.258
80842.105
87272.727
73142.857
79175.258
79175.258
79175.258
89302.326
72452.83
80842.105
77575.758
81702.128
88275.862
71111.111
132413.793
96000.0
56470.588
109714.286
63471.074
89302.326
83478.261
91428.571
75294.118
86292.135
81702.128
156734.694
59534.884
73846.154
83478.261
83478.261
82580.645
142222.222
56470.588
83478.261
80000.0
78367.347
78367.347
130169.492
58625.954
86292.135
69818.182
81702.128
79175.258
163404.255
58181.818
71775.701
80842.105
79175.258
78367.347
78367.347
79175.258
79175.258
76800.0
160000.0
54084.507
81702.128
73142.857
85333.333
77575.758
81702.128
86292.135
88275.862
114626.866
67964.602
92530.12
89302.326
87272.727
88275.862
130169.492
62439.024
85333.333
84395.604
160000.0
62439.024
76800.0
86292.135
86292.135
134736.842
67368.421
77575.758
73142.857
83478.261
80842.105
150588.235
54084.507
82580.645
83478.261
130169.492
58625.954
84395.604
83478.261
84395.604
82580.645
150588.235
56888.889
85333.333
78367.347
85333.333
103783.784
66206.897
86292.135
80842.105
111304.348
62439.024
87272.727
80000.0
81702.128
80842.105
156734.694
58181.818
70458.716
81702.128
80000.0
79175.258
80000.0
86292.135
147692.308
51200.0
81702.128
80842.105
153600.0
56058.394
83478.261
128000.0
64000.0
79175.258
85333.333
84395.604
87272.727
147692.308
53333.333
84395.604
80842.105
86292.135
75294.118
80842.105
77575.758
160000.0
53333.333
88275.862
75294.118
84395.604
80842.105
160000.0
56470.588
74563.107
80842.105
86292.135
71775.701
79175.258
76800.0
160000.0
52602.74
87272.727
73846.154
82580.645
80842.105
90352.941
74563.107
86292.135
85333.333
156734.694
56470.588
83478.261
83478.261
82580.645
87272.727
76800.0
80842.105
78367.347
137142.857
54857.143
85333.333
78367.347
76039.604
79175.258
78367.347
150588.235
54857.143
82580.645
81702.128
82580.645
84395.604
150588.235
58181.818
84395.604
85333.333
160000.0
56058.394
83478.261
82580.645
83478.261
81702.128
160000.0
56058.394
82580.645
82580.645
83478.261
87272.727
71775.701
82580.645
79175.258
80842.105
80000.0
86292.135
83478.261
73846.154
84395.604
81702.128
86292.135
85333.333
83478.261
81702.128
153600.0
56470.588
86292.135
77575.758
83478.261
83478.261
150588.235
59076.923
78367.347
86292.135
85333.333
147692.308
60000.0
87272.727
114626.866
72452.83
76800.0
86292.135
84395.604
139636.364
60000.0
85333.333
130169.492
62950.82
86292.135
84395.604
163404.255
55251.799
82580.645
80842.105
80000.0
79175.258
137142.857
56058.394
80842.105
82580.645
81702.128
83478.261
153600.0
65084.746
78367.347
63471.074
81702.128
79175.258
160000.0
98461.538
48917.197
84395.604
85333.333
85333.333
84395.604
153600.0
69818.182
65084.746
86292.135
80000.0
82580.645
108169.014
67368.421
80000.0
80842.105
80842.105
83478.261
134736.842
62950.82
80842.105
89302.326
118153.846
118153.846
52602.74
83478.261
80842.105
156734.694
53706.294
80842.105
78367.347
94814.815
65084.746
80842.105
77575.758
79175.258
77575.758
160000.0
51891.892
80000.0
80842.105
86292.135
77575.758
90352.941
85333.333
88275.862
76039.604
76800.0
69818.182
153600.0
55652.174
82580.645
84395.604
160000.0
55251.799
83478.261
85333.333
160000.0
56888.889
84395.604
83478.261
153600.0
57313.433
90352.941
76039.604
114626.866
69189.189
76039.604
84395.604
87272.727
85333.333
156734.694
56888.889
83478.261
81702.128
156734.694
56058.394
80000.0
82580.645
82580.645
79175.258
79175.258
80842.105
84395.604
85333.333
150588.235
50526.316
81702.128
83478.261
84395.604
79175.258
86292.135
76800.0
82580.645
85333.333
76800.0
79175.258
142222.222
56058.394
86292.135
77575.758
82580.645
80000.0
156734.694
56058.394
82580.645
76800.0
87272.727
109714.286
111304.348
144905.66
92530.12
79175.258
65084.746
78367.347
80842.105
82580.645
98461.538
73846.154
88275.862
84395.604
84395.604
85333.333
142222.222
52602.74
81702.128
80000.0
80000.0
78367.347
163404.255
53706.294
86292.135
76800.0
82580.645
80842.105
156734.694
66782.609
62439.024
83478.261
80842.105
105205.479
66782.609
78367.347
81702.128
82580.645
76800.0
80842.105
79175.258
150588.235
54468.085
84395.604
76039.604
81702.128
81702.128
81702.128
80842.105
81702.128
87272.727
73846.154
79175.258
88275.862
84395.604
66206.897
78367.347
76039.604
76800.0
76039.604
77575.758
84395.604
84395.604
69189.189
82580.645
79175.258
80000.0
80000.0
132413.793
116363.636
48607.595
85333.333
86292.135
80000.0
85333.333
82580.645
81702.128
88275.862
74563.107
80842.105
78367.347
160000.0
53706.294
89302.326
71775.701
83478.261
79175.258
80000.0
79175.258
81702.128
89302.326
73846.154
82580.645
83478.261
83478.261
87272.727
78367.347
84395.604
81702.128
81702.128
81702.128
82580.645
160000.0
54468.085
83478.261
82580.645
82580.645
90352.941
80842.105
75294.118
130169.492
87272.727
56888.889
93658.537
80842.105
134736.842
58181.818
84395.604
84395.604
160000.0
58181.818
84395.604
84395.604
83478.261
81702.128
150588.235
62950.82
71111.111
83478.261
82580.645
144905.66
56470.588
82580.645
82580.645
83478.261
83478.261
147692.308
58625.954
82580.645
84395.604
160000.0
56888.889
89302.326
84395.604
73846.154
82580.645
81702.128
90352.941
86292.135
71111.111
82580.645
81702.128
160000.0
56470.588
87272.727
79175.258
86292.135
82580.645
156734.694
59534.884
74563.107
83478.261
82580.645
83478.261
86292.135
144905.66
56058.394
82580.645
85333.333
160000.0
56470.588
86292.135
86292.135
156734.694
57313.433
87272.727
78367.347
82580.645
80000.0
156734.694
54468.085
80000.0
82580.645
137142.857
59534.884
82580.645
81702.128
83478.261
87272.727
128000.0
56470.588
90352.941
80842.105
73846.154
80842.105
81702.128
81702.128
80842.105
91428.571
69818.182
80842.105
80842.105
147692.308
60952.381
80842.105
109714.286
68571.429
88275.862
83478.261
163404.255
56888.889
79175.258
83478.261
81702.128
80000.0
80000.0
82580.645
123870.968
62950.82
72452.83
81702.128
80842.105
80000.0
80842.105
85333.333
78367.347
98461.538
35887.85
77575.758
85333.333
80842.105
84395.604
83478.261
83478.261
82580.645
88275.862
75294.118
81702.128
79175.258
160000.0
51543.624
78367.347
80000.0
137142.857
58181.818
83478.261
83478.261
160000.0
58181.818
84395.604
84395.604
85333.333
81702.128
156734.694
55251.799
81702.128
86292.135
74563.107
80842.105
79175.258
81702.128
86292.135
68571.429
156734.694
55251.799
82580.645
86292.135
156734.694
57313.433
83478.261
84395.604
86292.135
76800.0
96000.0
105205.479
71775.701
60952.381
91428.571
70458.716
77575.758
76039.604
80842.105
74563.107
80000.0
77575.758
160000.0
51891.892
80842.105
80000.0
81702.128
83478.261
150588.235
55251.799
84395.604
134736.842
60000.0
84395.604
83478.261
156734.694
56888.889
82580.645
81702.128
81702.128
80842.105
160000.0
52965.517
86292.135
73142.857
78367.347
77575.758
76800.0
105205.479
62950.82
88275.862
71775.701
82580.645
78367.347
160000.0
55251.799
74563.107
81702.128
80000.0
81702.128
84395.604
85333.333
71775.701
81702.128
134736.842
58181.818
102400.0
71111.111
88275.862
85333.333
156734.694
58625.954
109714.286
67964.602
86292.135
105205.479
67964.602
87272.727
82580.645
160000.0
59076.923
77575.758
83478.261
83478.261
81702.128
82580.645
88275.862
76039.604
81702.128
77575.758
80000.0
80000.0
147692.308
59534.884
74563.107
84395.604
81702.128
160000.0
56888.889
79175.258
84395.604
84395.604
92530.12
73846.154
134736.842
86292.135
72452.83
71111.111
79175.258
73846.154
84395.604
81702.128
144905.66
61440.0
71775.701
83478.261
83478.261
137142.857
61440.0
78367.347
84395.604
82580.645
81702.128
81702.128
88275.862
80842.105
97215.19
64537.815
82580.645
83478.261
156734.694
59076.923
76039.604
84395.604
114626.866
65641.026
85333.333
83478.261
83478.261
81702.128
160000.0
56058.394
89302.326
76039.604
92530.12
75294.118
83478.261
89302.326
72452.83
79175.258
78367.347
92530.12
134736.842
50526.316
80000.0
80842.105
163404.255
54857.143
83478.261
82580.645
83478.261
85333.333
147692.308
56058.394
83478.261
82580.645
160000.0
55652.174
83478.261
82580.645
81702.128
80842.105
160000.0
54084.507
81702.128
80842.105
81702.128
80842.105
156734.694
56888.889
74563.107
82580.645
81702.128
82580.645
87272.727
73142.857
81702.128
80842.105
160000.0
67368.421
307200.0
86292.135
81702.128
89302.326
92530.12
93658.537
90352.941
1536000.0
83478.261
108169.014
66206.897
89302.326
86292.135
153600.0
61935.484
87272.727
88275.862
150588.235
108169.014
67368.421
156734.694
50860.927
81702.128
82580.645
160000.0
55652.174
109714.286
108169.014
51891.892
83478.261
80000.0
80842.105
80000.0
79175.258
88275.862
87272.727
64537.815
78367.347
79175.258
76039.604
77575.758
76800.0
79175.258
80000.0
89302.326
71111.111
80842.105
78367.347
156734.694
55251.799
76039.604
83478.261
81702.128
144905.66
57744.361
105205.479
67368.421
87272.727
84395.604
89302.326
74563.107
83478.261
90352.941
83478.261
70458.716
82580.645
80842.105
160000.0
57744.361
75294.118
81702.128
80842.105
83478.261
83478.261
74563.107
80842.105
81702.128
156734.694
58181.818
80000.0
83478.261
84395.604
91428.571
123870.968
73142.857
61935.484
83478.261
80842.105
156734.694
76039.604
69818.182
71111.111
82580.645
80842.105
84395.604
78367.347
130169.492
60000.0
81702.128
81702.128
132413.793
60000.0
87272.727
75294.118
85333.333
81702.128
156734.694
54084.507
87272.727
76039.604
82580.645
83478.261
83478.261
86292.135
147692.308
57313.433
264827.586
128000.0
90352.941
79175.258
85333.333
86292.135
153600.0
105205.479
125901.639
83478.261
83478.261
156734.694
55251.799
86292.135
76800.0
81702.128
80842.105
137142.857
58625.954
86292.135
76800.0
82580.645
81702.128
153600.0
56470.588
82580.645
74563.107
81702.128
87272.727
86292.135
69189.189
81702.128
80000.0
163404.255
58181.818
73142.857
81702.128
82580.645
80000.0
90352.941
71111.111
81702.128
114626.866
67964.602
73142.857
82580.645
80842.105
150588.235
57744.361
80000.0
82580.645
163404.255
59534.884
76039.604
86292.135
86292.135
90352.941
77575.758
84395.604
83478.261
147692.308
60952.381
79175.258
80000.0
80842.105
87272.727
156734.694
50526.316
81702.128
80000.0
109714.286
63471.074
84395.604
81702.128
81702.128
81702.128
153600.0
59534.884
77575.758
84395.604
85333.333
89302.326
77575.758
85333.333
128000.0
61440.0
86292.135
80842.105
101052.632
76800.0
77575.758
85333.333
86292.135
153600.0
56058.394
83478.261
82580.645
89302.326
78367.347
85333.333
83478.261
153600.0
58181.818
85333.333
83478.261
160000.0
60472.441
78367.347
84395.604
85333.333
90352.941
132413.793
