78367.347
78367.347
125901.639
56470.588
80000.0
125901.639
60000.0
83478.261
85333.333
85333.333
85333.333
84395.604
84395.604
84395.604
82580.645
83478.261
83478.261
80842.105
80842.105
80842.105
80000.0
80000.0
81702.128
80842.105
82580.645
82580.645
83478.261
82580.645
83478.261
121904.762
63471.074
82580.645
118153.846
64000.0
83478.261
85333.333
85333.333
85333.333
85333.333
86292.135
85333.333
86292.135
86292.135
320000.0
123870.968
87272.727
88275.862
86292.135
85333.333
81702.128
225882.353
121904.762
78367.347
77575.758
77575.758
116363.636
56888.889
79175.258
125901.639
59534.884
82580.645
85333.333
84395.604
85333.333
84395.604
111304.348
64000.0
82580.645
80842.105
82580.645
80000.0
112941.176
59534.884
116363.636
60000.0
80000.0
80842.105
80842.105
81702.128
80842.105
80000.0
77575.758
76800.0
77575.758
75294.118
76800.0
75294.118
128000.0
83478.261
142222.222
76800.0
79175.258
78367.347
79175.258
118153.846
232727.273
80000.0
80000.0
80842.105
81702.128
81702.128
128000.0
60000.0
82580.645
82580.645
130169.492
59534.884
82580.645
82580.645
82580.645
81702.128
109714.286
64000.0
80842.105
81702.128
79175.258
78367.347
116363.636
57744.361
80842.105
80000.0
125901.639
57313.433
80842.105
82580.645
121904.762
61440.0
82580.645
82580.645
130169.492
60000.0
182857.143
156734.694
86292.135
108169.014
69818.182
128000.0
65641.026
160000.0
213333.333
87272.727
125901.639
64000.0
85333.333
83478.261
125901.639
60000.0
82580.645
81702.128
120000.0
61440.0
84395.604
78367.347
121904.762
55652.174
76800.0
76800.0
108169.014
59076.923
114626.866
56888.889
77575.758
77575.758
78367.347
79175.258
78367.347
76800.0
76800.0
76039.604
75294.118
73846.154
73846.154
75294.118
75294.118
77575.758
79175.258
74563.107
77575.758
76039.604
76800.0
76800.0
78367.347
79175.258
77575.758
76800.0
71111.111
75294.118
76039.604
75294.118
74563.107
75294.118
76039.604
76039.604
76039.604
76800.0
74563.107
75294.118
76039.604
75294.118
74563.107
74563.107
71775.701
72452.83
73142.857
74563.107
72452.83
70458.716
69189.189
70458.716
73142.857
73142.857
74563.107
75294.118
76039.604
74563.107
74563.107
74563.107
73846.154
71111.111
71111.111
70458.716
69818.182
68571.429
69189.189
70458.716
72452.83
71775.701
71775.701
73142.857
76039.604
77575.758
77575.758
80000.0
81702.128
80842.105
79175.258
76800.0
71775.701
74563.107
71775.701
73846.154
75294.118
76039.604
75294.118
79175.258
77575.758
78367.347
77575.758
77575.758
78367.347
77575.758
76039.604
75294.118
75294.118
71775.701
71111.111
69189.189
67964.602
112941.176
116363.636
87272.727
73142.857
69818.182
69189.189
67964.602
68571.429
67368.421
116363.636
48607.595
69818.182
71775.701
72452.83
73846.154
71775.701
111304.348
52965.517
73142.857
109714.286
55251.799
105205.479
59076.923
77575.758
78367.347
74563.107
74563.107
121904.762
51891.892
77575.758
77575.758
79175.258
79175.258
120000.0
56470.588
75294.118
73142.857
73142.857
71111.111
121904.762
50526.316
72452.83
71111.111
72452.83
72452.83
71775.701
71775.701
101052.632
55251.799
74563.107
74563.107
74563.107
71775.701
125901.639
48917.197
71111.111
71111.111
123870.968
49548.387
73142.857
72452.83
125901.639
50860.927
75294.118
74563.107
116363.636
54468.085
78367.347
76800.0
125901.639
55652.174
78367.347
80842.105
79175.258
80842.105
80842.105
80842.105
81702.128
80000.0
80842.105
78367.347
77575.758
72452.83
70458.716
72452.83
73142.857
76800.0
76039.604
80842.105
202105.263
134736.842
81702.128
82580.645
85333.333
153600.0
192000.0
87272.727
240000.0
139636.364
87272.727
85333.333
82580.645
80842.105
76800.0
88275.862
548571.429
75294.118
74563.107
73846.154
73846.154
144905.66
147692.308
74563.107
75294.118
76800.0
76800.0
78367.347
295384.615
103783.784
75294.118
74563.107
295384.615
98461.538
73142.857
92530.12
349090.909
99740.26
61935.484
118153.846
264827.586
82580.645
84395.604
178604.651
156734.694
82580.645
81702.128
80000.0
78367.347
153600.0
160000.0
76039.604
77575.758
76800.0
78367.347
78367.347
320000.0
109714.286
80842.105
80842.105
80842.105
79175.258
77575.758
76039.604
74563.107
74563.107
125901.639
52965.517
76800.0
112941.176
60472.441
80000.0
80000.0
80000.0
118153.846
59534.884
80000.0
121904.762
59076.923
82580.645
79175.258
81702.128
80842.105
80842.105
80842.105
78367.347
121904.762
56888.889
77575.758
116363.636
60472.441
81702.128
81702.128
81702.128
80842.105
81702.128
82580.645
80842.105
80842.105
80000.0
80000.0
80000.0
80842.105
80000.0
80842.105
80842.105
80000.0
79175.258
81702.128
82580.645
84395.604
82580.645
82580.645
80842.105
80000.0
78367.347
79175.258
77575.758
77575.758
123870.968
57313.433
78367.347
101052.632
68571.429
81702.128
82580.645
83478.261
83478.261
84395.604
84395.604
84395.604
80842.105
79175.258
75294.118
74563.107
71775.701
106666.667
53706.294
73142.857
123870.968
52244.898
125901.639
54857.143
77575.758
79175.258
78367.347
79175.258
120000.0
56888.889
79175.258
76800.0
76800.0
75294.118
74563.107
73846.154
120000.0
51543.624
74563.107
73142.857
73846.154
74563.107
120000.0
54084.507
76039.604
77575.758
76800.0
76039.604
128000.0
54468.085
77575.758
76800.0
116363.636
219428.571
77575.758
128000.0
56058.394
81702.128
83478.261
111304.348
69189.189
88275.862
160000.0
192000.0
128000.0
61935.484
81702.128
80000.0
77575.758
73846.154
121904.762
49230.769
72452.83
73142.857
73142.857
74563.107
71111.111
71775.701
71775.701
70458.716
69189.189
69189.189
69189.189
70458.716
71111.111
70458.716
71111.111
71775.701
71775.701
73142.857
72452.83
73142.857
73846.154
73142.857
72452.83
73846.154
73142.857
73846.154
74563.107
75294.118
75294.118
76039.604
75294.118
75294.118
74563.107
73846.154
73846.154
73846.154
74563.107
74563.107
76039.604
76800.0
108169.014
55652.174
75294.118
76039.604
76800.0
77575.758
76800.0
74563.107
73846.154
71775.701
71775.701
71775.701
71775.701
70458.716
71775.701
70458.716
70458.716
70458.716
70458.716
70458.716
67964.602
112941.176
50526.316
71111.111
123870.968
52965.517
76039.604
76039.604
76039.604
74563.107
72452.83
70458.716
66782.609
120000.0
48917.197
71775.701
72452.83
73142.857
73142.857
71775.701
72452.83
99740.26
56470.588
75294.118
121904.762
54468.085
106666.667
60472.441
81702.128
80000.0
80000.0
78367.347
125901.639
52965.517
75294.118
74563.107
73846.154
73142.857
71111.111
69189.189
69189.189
69189.189
70458.716
70458.716
71775.701
71775.701
125901.639
51543.624
76039.604
75294.118
76800.0
75294.118
125901.639
54857.143
77575.758
79175.258
125901.639
56470.588
80000.0
81702.128
128000.0
60000.0
85333.333
86292.135
120000.0
60952.381
79175.258
73142.857
73142.857
71775.701
116363.636
53706.294
76800.0
75294.118
118153.846
50860.927
88275.862
590769.231
80842.105
83478.261
83478.261
87272.727
87272.727
89302.326
142222.222
274285.714
213333.333
156734.694
89302.326
92530.12
91428.571
91428.571
92530.12
91428.571
92530.12
93658.537
93658.537
96000.0
94814.815
94814.815
96000.0
96000.0
96000.0
96000.0
94814.815
93658.537
94814.815
92530.12
92530.12
89302.326
89302.326
88275.862
82580.645
77575.758
78367.347
80000.0
80000.0
80000.0
81702.128
83478.261
84395.604
82580.645
82580.645
83478.261
79175.258
82580.645
84395.604
83478.261
85333.333
86292.135
87272.727
87272.727
86292.135
89302.326
87272.727
85333.333
85333.333
84395.604
82580.645
85333.333
86292.135
86292.135
87272.727
88275.862
89302.326
87272.727
88275.862
84395.604
86292.135
86292.135
86292.135
85333.333
88275.862
86292.135
88275.862
87272.727
85333.333
83478.261
86292.135
86292.135
87272.727
85333.333
89302.326
88275.862
88275.862
87272.727
89302.326
88275.862
89302.326
295384.615
130169.492
89302.326
89302.326
90352.941
89302.326
88275.862
88275.862
320000.0
123870.968
90352.941
89302.326
88275.862
92530.12
89302.326
90352.941
89302.326
89302.326
87272.727
87272.727
85333.333
85333.333
83478.261
82580.645
82580.645
82580.645
85333.333
91428.571
853333.333
85333.333
85333.333
86292.135
87272.727
88275.862
87272.727
247741.935
134736.842
89302.326
88275.862
88275.862
88275.862
86292.135
88275.862
86292.135
87272.727
87272.727
87272.727
89302.326
139636.364
70458.716
86292.135
88275.862
90352.941
2560000.0
88275.862
139636.364
72452.83
89302.326
118153.846
71775.701
219428.571
160000.0
93658.537
139636.364
77575.758
92530.12
116363.636
79175.258
94814.815
93658.537
142222.222
73142.857
90352.941
109714.286
69818.182
88275.862
120000.0
64537.815
98461.538
78367.347
125901.639
65641.026
90352.941
91428.571
182857.143
426666.667
69818.182
92530.12
92530.12
128000.0
71111.111
91428.571
256000.0
144905.66
125901.639
71111.111
90352.941
90352.941
89302.326
87272.727
111304.348
71111.111
307200.0
225882.353
65084.746
90352.941
91428.571
123870.968
70458.716
147692.308
247741.935
90352.941
116363.636
76039.604
132413.793
69189.189
91428.571
93658.537
125901.639
71111.111
121904.762
71111.111
91428.571
89302.326
128000.0
67368.421
91428.571
88275.862
130169.492
65641.026
89302.326
89302.326
116363.636
70458.716
123870.968
68571.429
91428.571
92530.12
114626.866
73142.857
150588.235
451764.706
73846.154
91428.571
88275.862
116363.636
73846.154
99740.26
83478.261
90352.941
103783.784
106666.667
70458.716
82580.645
86292.135
121904.762
74563.107
89302.326
92530.12
130169.492
144905.66
160000.0
92530.12
93658.537
134736.842
76800.0
93658.537
96000.0
134736.842
75294.118
90352.941
90352.941
139636.364
70458.716
86292.135
86292.135
87272.727
144905.66
69189.189
85333.333
86292.135
86292.135
134736.842
174545.455
114626.866
83478.261
84395.604
86292.135
134736.842
68571.429
213333.333
142222.222
86292.135
88275.862
137142.857
71111.111
142222.222
219428.571
88275.862
89302.326
139636.364
69189.189
86292.135
274285.714
128000.0
89302.326
89302.326
139636.364
103783.784
61935.484
96000.0
1920000.0
92530.12
93658.537
134736.842
76039.604
90352.941
90352.941
92530.12
137142.857
73846.154
89302.326
87272.727
91428.571
90352.941
92530.12
90352.941
134736.842
69818.182
87272.727
85333.333
86292.135
87272.727
86292.135
89302.326
89302.326
90352.941
90352.941
90352.941
90352.941
91428.571
88275.862
89302.326
89302.326
89302.326
88275.862
88275.862
85333.333
85333.333
83478.261
82580.645
83478.261
83478.261
84395.604
85333.333
83478.261
87272.727
86292.135
88275.862
88275.862
89302.326
128000.0
307200.0
90352.941
91428.571
90352.941
91428.571
89302.326
90352.941
87272.727
88275.862
90352.941
91428.571
91428.571
92530.12
94814.815
92530.12
91428.571
90352.941
90352.941
88275.862
112941.176
68571.429
86292.135
89302.326
139636.364
70458.716
89302.326
91428.571
92530.12
139636.364
73846.154
90352.941
111304.348
76800.0
139636.364
73142.857
89302.326
93658.537
92530.12
94814.815
94814.815
142222.222
76039.604
92530.12
94814.815
94814.815
96000.0
96000.0
142222.222
77575.758
94814.815
94814.815
96000.0
94814.815
96000.0
96000.0
96000.0
94814.815
144905.66
76800.0
91428.571
96000.0
94814.815
93658.537
92530.12
90352.941
142222.222
72452.83
85333.333
130169.492
66206.897
91428.571
92530.12
93658.537
96000.0
96000.0
96000.0
98461.538
97215.19
99740.26
284444.444
150588.235
98461.538
101052.632
97215.19
98461.538
97215.19
98461.538
97215.19
182857.143
207567.568
98461.538
97215.19
213333.333
182857.143
98461.538
97215.19
153600.0
264827.586
97215.19
96000.0
139636.364
295384.615
97215.19
96000.0
94814.815
96000.0
96000.0
96000.0
98461.538
99740.26
98461.538
101052.632
101052.632
101052.632
187317.073
225882.353
102400.0
202105.263
202105.263
256000.0
174545.455
102400.0
320000.0
150588.235
101052.632
103783.784
163404.255
274285.714
102400.0
101052.632
139636.364
82580.645
98461.538
101052.632
102400.0
102400.0
102400.0
142222.222
320000.0
112941.176
101052.632
102400.0
102400.0
102400.0
102400.0
144905.66
82580.645
99740.26
112941.176
91428.571
101052.632
101052.632
144905.66
80842.105
97215.19
99740.26
98461.538
99740.26
99740.26
144905.66
79175.258
96000.0
118153.846
81702.128
98461.538
97215.19
97215.19
144905.66
78367.347
96000.0
121904.762
81702.128
101052.632
142222.222
80842.105
99740.26
99740.26
101052.632
137142.857
83478.261
98461.538
96000.0
96000.0
137142.857
79175.258
97215.19
99740.26
99740.26
142222.222
81702.128
102400.0
102400.0
101052.632
142222.222
84395.604
101052.632
103783.784
102400.0
137142.857
84395.604
98461.538
105205.479
102400.0
139636.364
84395.604
99740.26
103783.784
101052.632
139636.364
82580.645
99740.26
101052.632
101052.632
134736.842
81702.128
97215.19
111304.348
89302.326
132413.793
81702.128
98461.538
101052.632
99740.26
130169.492
196923.077
142222.222
97215.19
103783.784
92530.12
99740.26
99740.26
98461.538
320000.0
137142.857
99740.26
137142.857
78367.347
94814.815
116363.636
120000.0
80842.105
97215.19
99740.26
147692.308
79175.258
98461.538
99740.26
144905.66
80842.105
98461.538
121904.762
88275.862
99740.26
103783.784
101052.632
101052.632
102400.0
101052.632
101052.632
101052.632
96000.0
147692.308
77575.758
93658.537
121904.762
74563.107
97215.19
96000.0
128000.0
81702.128
101052.632
101052.632
101052.632
101052.632
99740.26
103783.784
102400.0
102400.0
102400.0
103783.784
105205.479
153600.0
274285.714
118153.846
103783.784
116363.636
96000.0
130169.492
91428.571
103783.784
108169.014
320000.0
160000.0
139636.364
89302.326
106666.667
106666.667
106666.667
137142.857
89302.326
153600.0
320000.0
274285.714
170666.667
105205.479
105205.479
108169.014
147692.308
86292.135
103783.784
112941.176
99740.26
106666.667
105205.479
106666.667
105205.479
307200.0
163404.255
142222.222
85333.333
112941.176
1280000.0
295384.615
192000.0
94814.815
105205.479
102400.0
105205.479
105205.479
105205.479
105205.479
103783.784
102400.0
103783.784
160000.0
1536000.0
83478.261
101052.632
103783.784
103783.784
103783.784
103783.784
105205.479
225882.353
333913.043
87272.727
103783.784
105205.479
106666.667
103783.784
105205.479
132413.793
85333.333
99740.26
132413.793
78367.347
96000.0
96000.0
97215.19
97215.19
97215.19
139636.364
108169.014
71775.701
96000.0
99740.26
99740.26
101052.632
99740.26
137142.857
80842.105
98461.538
125901.639
80842.105
99740.26
98461.538
130169.492
80000.0
97215.19
97215.19
97215.19
98461.538
97215.19
98461.538
97215.19
98461.538
97215.19
105205.479
92530.12
150588.235
80000.0
98461.538
101052.632
101052.632
102400.0
102400.0
150588.235
83478.261
99740.26
102400.0
103783.784
102400.0
106666.667
147692.308
97215.19
698181.818
264827.586
160000.0
108169.014
102400.0
103783.784
103783.784
101052.632
99740.26
98461.538
130169.492
426666.667
98461.538
240000.0
163404.255
97215.19
97215.19
98461.538
102400.0
98461.538
150588.235
80000.0
96000.0
137142.857
78367.347
94814.815
132413.793
78367.347
93658.537
130169.492
75294.118
96000.0
116363.636
81702.128
97215.19
123870.968
128000.0
61935.484
96000.0
94814.815
93658.537
89302.326
91428.571
96000.0
91428.571
92530.12
92530.12
92530.12
91428.571
137142.857
71111.111
86292.135
130169.492
93658.537
71775.701
88275.862
90352.941
91428.571
139636.364
73846.154
89302.326
125901.639
69818.182
90352.941
91428.571
142222.222
74563.107
89302.326
108169.014
75294.118
142222.222
72452.83
89302.326
109714.286
79175.258
93658.537
123870.968
108169.014
76039.604
91428.571
93658.537
94814.815
92530.12
96000.0
92530.12
92530.12
94814.815
92530.12
91428.571
90352.941
118153.846
74563.107
93658.537
89302.326
93658.537
90352.941
93658.537
91428.571
94814.815
91428.571
91428.571
93658.537
94814.815
93658.537
91428.571
94814.815
91428.571
93658.537
91428.571
91428.571
91428.571
89302.326
91428.571
90352.941
91428.571
90352.941
92530.12
92530.12
92530.12
93658.537
91428.571
94814.815
92530.12
92530.12
91428.571
92530.12
92530.12
92530.12
90352.941
88275.862
88275.862
88275.862
87272.727
90352.941
91428.571
92530.12
93658.537
92530.12
94814.815
96000.0
94814.815
96000.0
139636.364
77575.758
93658.537
130169.492
74563.107
96000.0
97215.19
99740.26
98461.538
97215.19
99740.26
97215.19
96000.0
98461.538
94814.815
97215.19
94814.815
92530.12
96000.0
91428.571
121904.762
75294.118
92530.12
132413.793
106666.667
61935.484
93658.537
130169.492
72452.83
96000.0
128000.0
76800.0
98461.538
125901.639
80842.105
101052.632
128000.0
83478.261
153600.0
284444.444
99740.26
102400.0
98461.538
99740.26
274285.714
153600.0
98461.538
142222.222
365714.286
99740.26
98461.538
98461.538
99740.26
98461.538
98461.538
213333.333
182857.143
142222.222
78367.347
96000.0
97215.19
98461.538
109714.286
853333.333
98461.538
97215.19
98461.538
97215.19
99740.26
98461.538
97215.19
101052.632
108169.014
1280000.0
98461.538
99740.26
98461.538
99740.26
99740.26
98461.538
97215.19
97215.19
134736.842
93658.537
451764.706
96000.0
96000.0
94814.815
96000.0
96000.0
139636.364
284444.444
105205.479
93658.537
94814.815
96000.0
97215.19
98461.538
150588.235
284444.444
99740.26
99740.26
102400.0
137142.857
174545.455
156734.694
213333.333
182857.143
178604.651
240000.0
156734.694
284444.444
99740.26
103783.784
99740.26
102400.0
137142.857
121904.762
256000.0
102400.0
178604.651
232727.273
103783.784
101052.632
102400.0
139636.364
84395.604
98461.538
264827.586
219428.571
84395.604
99740.26
101052.632
98461.538
99740.26
101052.632
99740.26
187317.073
213333.333
101052.632
101052.632
99740.26
98461.538
99740.26
98461.538
98461.538
98461.538
98461.538
98461.538
98461.538
99740.26
97215.19
207567.568
196923.077
98461.538
98461.538
99740.26
98461.538
99740.26
99740.26
98461.538
137142.857
80842.105
97215.19
147692.308
284444.444
99740.26
97215.19
98461.538
97215.19
97215.19
97215.19
97215.19
96000.0
134736.842
76039.604
92530.12
333913.043
130169.492
93658.537
295384.615
142222.222
94814.815
92530.12
109714.286
768000.0
96000.0
97215.19
98461.538
98461.538
99740.26
101052.632
99740.26
101052.632
320000.0
144905.66
98461.538
98461.538
101052.632
98461.538
96000.0
96000.0
147692.308
75294.118
91428.571
132413.793
99740.26
74563.107
92530.12
93658.537
139636.364
76800.0
105205.479
108169.014
76039.604
132413.793
64000.0
125901.639
67964.602
90352.941
92530.12
139636.364
77575.758
93658.537
94814.815
142222.222
78367.347
94814.815
120000.0
111304.348
79175.258
93658.537
94814.815
96000.0
94814.815
139636.364
72452.83
86292.135
114626.866
365714.286
85333.333
156734.694
192000.0
89302.326
91428.571
142222.222
73846.154
90352.941
92530.12
333913.043
139636.364
94814.815
96000.0
94814.815
96000.0
274285.714
142222.222
92530.12
92530.12
93658.537
91428.571
89302.326
88275.862
91428.571
89302.326
144905.66
73142.857
90352.941
91428.571
91428.571
93658.537
93658.537
94814.815
93658.537
92530.12
93658.537
90352.941
92530.12
93658.537
142222.222
76039.604
91428.571
132413.793
77575.758
93658.537
93658.537
93658.537
90352.941
91428.571
89302.326
91428.571
90352.941
91428.571
92530.12
92530.12
92530.12
92530.12
92530.12
91428.571
91428.571
91428.571
88275.862
91428.571
88275.862
89302.326
91428.571
89302.326
90352.941
102400.0
81702.128
92530.12
94814.815
93658.537
94814.815
93658.537
94814.815
93658.537
93658.537
93658.537
93658.537
91428.571
89302.326
89302.326
88275.862
86292.135
120000.0
67964.602
88275.862
88275.862
91428.571
90352.941
91428.571
91428.571
91428.571
91428.571
93658.537
92530.12
92530.12
92530.12
93658.537
91428.571
92530.12
92530.12
92530.12
92530.12
93658.537
93658.537
93658.537
93658.537
94814.815
120000.0
77575.758
94814.815
94814.815
97215.19
97215.19
96000.0
98461.538
93658.537
97215.19
94814.815
97215.19
93658.537
96000.0
96000.0
93658.537
137142.857
76800.0
93658.537
121904.762
76800.0
97215.19
150588.235
264827.586
97215.19
96000.0
97215.19
97215.19
139636.364
80000.0
97215.19
2560000.0
125901.639
77575.758
98461.538
96000.0
101052.632
307200.0
147692.308
99740.26
98461.538
144905.66
111304.348
71775.701
98461.538
99740.26
101052.632
99740.26
101052.632
202105.263
192000.0
102400.0
99740.26
102400.0
101052.632
102400.0
102400.0
101052.632
333913.043
150588.235
102400.0
99740.26
98461.538
99740.26
123870.968
82580.645
97215.19
101052.632
99740.26
101052.632
99740.26
99740.26
295384.615
150588.235
99740.26
98461.538
121904.762
81702.128
97215.19
99740.26
240000.0
170666.667
98461.538
99740.26
99740.26
98461.538
98461.538
96000.0
96000.0
94814.815
144905.66
64537.815
78367.347
120000.0
60472.441
121904.762
64000.0
88275.862
89302.326
93658.537
96000.0
118153.846
78367.347
132413.793
76039.604
99740.26
99740.26
101052.632
99740.26
132413.793
81702.128
134736.842
78367.347
101052.632
99740.26
130169.492
78367.347
99740.26
98461.538
130169.492
74563.107
97215.19
97215.19
94814.815
94814.815
120000.0
118153.846
76039.604
123870.968
70458.716
92530.12
92530.12
96000.0
93658.537
96000.0
93658.537
96000.0
93658.537
94814.815
93658.537
93658.537
91428.571
92530.12
91428.571
92530.12
92530.12
93658.537
92530.12
94814.815
94814.815
97215.19
94814.815
97215.19
97215.19
96000.0
99740.26
96000.0
97215.19
96000.0
97215.19
94814.815
94814.815
91428.571
94814.815
92530.12
92530.12
91428.571
137142.857
73846.154
87272.727
88275.862
89302.326
90352.941
90352.941
137142.857
73846.154
88275.862
92530.12
91428.571
89302.326
92530.12
134736.842
75294.118
87272.727
125901.639
71111.111
91428.571
92530.12
93658.537
92530.12
137142.857
75294.118
92530.12
91428.571
89302.326
92530.12
89302.326
139636.364
125901.639
60472.441
89302.326
92530.12
92530.12
92530.12
92530.12
134736.842
76800.0
90352.941
92530.12
93658.537
89302.326
92530.12
134736.842
73142.857
89302.326
101052.632
83478.261
307200.0
247741.935
75294.118
92530.12
93658.537
96000.0
94814.815
94814.815
134736.842
76800.0
91428.571
92530.12
92530.12
91428.571
92530.12
137142.857
75294.118
90352.941
106666.667
80000.0
91428.571
94814.815
94814.815
93658.537
94814.815
93658.537
93658.537
93658.537
139636.364
320000.0
98461.538
93658.537
94814.815
94814.815
93658.537
93658.537
134736.842
73846.154
94814.815
83478.261
88275.862
90352.941
90352.941
90352.941
90352.941
90352.941
91428.571
91428.571
307200.0
132413.793
92530.12
134736.842
75294.118
90352.941
114626.866
76800.0
92530.12
94814.815
94814.815
94814.815
94814.815
94814.815
94814.815
93658.537
137142.857
76039.604
92530.12
123870.968
72452.83
144905.66
274285.714
94814.815
97215.19
96000.0
96000.0
94814.815
97215.19
94814.815
137142.857
76800.0
139636.364
264827.586
120000.0
73142.857
92530.12
93658.537
96000.0
94814.815
93658.537
94814.815
96000.0
93658.537
94814.815
94814.815
92530.12
93658.537
91428.571
92530.12
93658.537
163404.255
213333.333
94814.815
96000.0
96000.0
96000.0
94814.815
99740.26
96000.0
98461.538
98461.538
97215.19
99740.26
96000.0
96000.0
96000.0
96000.0
96000.0
93658.537
93658.537
91428.571
142222.222
76800.0
91428.571
114626.866
80842.105
94814.815
96000.0
96000.0
96000.0
94814.815
94814.815
94814.815
94814.815
94814.815
97215.19
96000.0
94814.815
97215.19
94814.815
93658.537
94814.815
94814.815
96000.0
125901.639
78367.347
98461.538
99740.26
99740.26
101052.632
102400.0
99740.26
101052.632
99740.26
98461.538
99740.26
97215.19
96000.0
93658.537
94814.815
94814.815
93658.537
163404.255
590769.231
144905.66
147692.308
94814.815
96000.0
98461.538
98461.538
99740.26
99740.26
99740.26
101052.632
101052.632
102400.0
102400.0
101052.632
101052.632
202105.263
192000.0
264827.586
163404.255
101052.632
101052.632
125901.639
81702.128
320000.0
150588.235
106666.667
2560000.0
102400.0
101052.632
102400.0
102400.0
101052.632
102400.0
102400.0
98461.538
99740.26
97215.19
98461.538
94814.815
98461.538
92530.12
96000.0
123870.968
105205.479
103783.784
69189.189
93658.537
130169.492
75294.118
118153.846
81702.128
121904.762
80000.0
97215.19
137142.857
106666.667
72452.83
94814.815
101052.632
97215.19
98461.538
116363.636
86292.135
121904.762
84395.604
103783.784
101052.632
102400.0
102400.0
112941.176
90352.941
118153.846
82580.645
101052.632
93658.537
96000.0
94814.815
137142.857
77575.758
94814.815
96000.0
96000.0
94814.815
128000.0
404210.526
94814.815
93658.537
137142.857
76039.604
92530.12
92530.12
92530.12
94814.815
93658.537
132413.793
77575.758
93658.537
93658.537
94814.815
93658.537
170666.667
202105.263
93658.537
93658.537
93658.537
92530.12
93658.537
96000.0
92530.12
96000.0
94814.815
94814.815
94814.815
96000.0
320000.0
139636.364
94814.815
96000.0
96000.0
93658.537
93658.537
111304.348
590769.231
93658.537
93658.537
94814.815
92530.12
102400.0
853333.333
92530.12
91428.571
91428.571
93658.537
92530.12
93658.537
94814.815
97215.19
94814.815
96000.0
97215.19
96000.0
96000.0
320000.0
130169.492
94814.815
96000.0
94814.815
94814.815
93658.537
99740.26
3840000.0
256000.0
142222.222
91428.571
89302.326
116363.636
71775.701
89302.326
93658.537
91428.571
96000.0
139636.364
76039.604
89302.326
320000.0
134736.842
94814.815
93658.537
139636.364
76800.0
91428.571
93658.537
92530.12
320000.0
125901.639
91428.571
90352.941
89302.326
88275.862
85333.333
320000.0
123870.968
88275.862
88275.862
89302.326
144905.66
72452.83
97215.19
853333.333
91428.571
91428.571
91428.571
90352.941
92530.12
91428.571
91428.571
93658.537
91428.571
93658.537
94814.815
94814.815
116363.636
80842.105
94814.815
94814.815
97215.19
98461.538
96000.0
97215.19
99740.26
97215.19
97215.19
96000.0
97215.19
97215.19
134736.842
349090.909
264827.586
153600.0
97215.19
97215.19
97215.19
96000.0
96000.0
166956.522
384000.0
101052.632
480000.0
97215.19
96000.0
98461.538
98461.538
98461.538
96000.0
98461.538
94814.815
96000.0
91428.571
93658.537
90352.941
88275.862
128000.0
63471.074
84395.604
111304.348
67368.421
84395.604
87272.727
89302.326
89302.326
80000.0
71775.701
128000.0
54084.507
81702.128
83478.261
84395.604
87272.727
89302.326
91428.571
90352.941
92530.12
92530.12
94814.815
94814.815
96000.0
93658.537
92530.12
94814.815
93658.537
92530.12
93658.537
93658.537
94814.815
92530.12
92530.12
94814.815
93658.537
94814.815
94814.815
96000.0
96000.0
97215.19
98461.538
99740.26
98461.538
99740.26
101052.632
99740.26
99740.26
99740.26
98461.538
97215.19
96000.0
96000.0
91428.571
93658.537
93658.537
92530.12
90352.941
90352.941
99740.26
84395.604
91428.571
93658.537
94814.815
92530.12
92530.12
94814.815
96000.0
92530.12
93658.537
93658.537
94814.815
93658.537
92530.12
93658.537
94814.815
91428.571
93658.537
92530.12
91428.571
90352.941
90352.941
89302.326
91428.571
86292.135
89302.326
85333.333
88275.862
103783.784
76800.0
92530.12
91428.571
92530.12
93658.537
93658.537
90352.941
93658.537
93658.537
93658.537
94814.815
93658.537
91428.571
94814.815
89302.326
91428.571
89302.326
92530.12
90352.941
92530.12
92530.12
96000.0
94814.815
94814.815
94814.815
97215.19
94814.815
96000.0
96000.0
96000.0
96000.0
94814.815
96000.0
94814.815
93658.537
96000.0
97215.19
93658.537
94814.815
105205.479
87272.727
96000.0
94814.815
98461.538
98461.538
97215.19
97215.19
99740.26
97215.19
98461.538
99740.26
97215.19
97215.19
98461.538
98461.538
137142.857
320000.0
96000.0
97215.19
96000.0
97215.19
99740.26
92530.12
103783.784
1536000.0
93658.537
94814.815
96000.0
93658.537
93658.537
91428.571
90352.941
92530.12
90352.941
88275.862
139636.364
71775.701
88275.862
87272.727
91428.571
91428.571
92530.12
134736.842
76039.604
89302.326
125901.639
70458.716
91428.571
91428.571
137142.857
73846.154
90352.941
120000.0
71775.701
93658.537
98461.538
125901.639
79175.258
112941.176
80000.0
109714.286
84395.604
134736.842
97215.19
111304.348
65641.026
94814.815
94814.815
96000.0
96000.0
132413.793
76039.604
120000.0
73846.154
93658.537
94814.815
94814.815
97215.19
96000.0
92530.12
96000.0
92530.12
142222.222
73142.857
89302.326
91428.571
90352.941
91428.571
91428.571
92530.12
94814.815
94814.815
91428.571
96000.0
94814.815
94814.815
93658.537
94814.815
93658.537
137142.857
76039.604
93658.537
91428.571
92530.12
93658.537
93658.537
137142.857
76800.0
91428.571
93658.537
92530.12
94814.815
94814.815
94814.815
93658.537
93658.537
96000.0
93658.537
139636.364
77575.758
96000.0
96000.0
96000.0
98461.538
98461.538
98461.538
99740.26
98461.538
99740.26
99740.26
98461.538
99740.26
101052.632
99740.26
139636.364
111304.348
74563.107
99740.26
99740.26
99740.26
99740.26
99740.26
101052.632
