63471.074
65084.746
66206.897
63471.074
61935.484
62439.024
65084.746
65084.746
62439.024
61935.484
63471.074
65641.026
63471.074
63471.074
64000.0
65084.746
67368.421
65641.026
64537.815
63471.074
65084.746
67964.602
65084.746
63471.074
63471.074
65641.026
65641.026
64537.815
61935.484
64000.0
65084.746
67368.421
65084.746
64000.0
64000.0
66782.609
66206.897
62950.82
61935.484
61440.0
65084.746
64537.815
64000.0
61935.484
62950.82
64000.0
98461.538
55652.174
62439.024
65084.746
66206.897
67964.602
67368.421
66206.897
96000.0
48607.595
66206.897
67368.421
66782.609
66206.897
67368.421
67368.421
64537.815
62950.82
61440.0
63471.074
65084.746
62439.024
91428.571
47701.863
65641.026
68571.429
69189.189
68571.429
66782.609
68571.429
67964.602
66782.609
64537.815
63471.074
64537.815
64537.815
63471.074
62439.024
63471.074
65084.746
65084.746
64537.815
63471.074
62950.82
66206.897
66206.897
66206.897
64537.815
64537.815
66782.609
66206.897
66206.897
65641.026
65641.026
67368.421
66782.609
65084.746
64537.815
64537.815
66782.609
65641.026
65084.746
64000.0
66206.897
66206.897
65641.026
66206.897
66782.609
67964.602
69189.189
67964.602
66206.897
67368.421
66782.609
65084.746
65084.746
65641.026
66782.609
65641.026
65641.026
65084.746
67368.421
67964.602
65641.026
64537.815
62950.82
65084.746
66206.897
65084.746
62950.82
62950.82
65084.746
65641.026
64537.815
61935.484
61935.484
64000.0
65084.746
61935.484
61440.0
61935.484
64537.815
65084.746
63471.074
62439.024
93658.537
49230.769
66206.897
67964.602
67368.421
67964.602
69189.189
65641.026
65641.026
64000.0
66782.609
65641.026
65641.026
64537.815
65641.026
66782.609
64537.815
63471.074
63471.074
65641.026
66782.609
98461.538
48000.0
64537.815
67964.602
67964.602
67368.421
65641.026
65641.026
66206.897
64000.0
64537.815
64000.0
66782.609
67368.421
65641.026
65084.746
64000.0
66206.897
67368.421
62950.82
64000.0
64537.815
66206.897
66782.609
64537.815
64537.815
65084.746
67368.421
67368.421
66206.897
65084.746
64537.815
66782.609
66782.609
65641.026
64537.815
65641.026
65641.026
64000.0
64000.0
65084.746
66206.897
64537.815
63471.074
61935.484
64537.815
65641.026
94814.815
49870.13
64000.0
68571.429
67368.421
67368.421
66206.897
67368.421
69189.189
66206.897
64537.815
65084.746
65641.026
66782.609
97215.19
48607.595
65084.746
68571.429
68571.429
67368.421
66206.897
64537.815
65641.026
66206.897
64000.0
61935.484
62439.024
66206.897
66206.897
65641.026
65084.746
64537.815
67368.421
66782.609
66206.897
64537.815
66206.897
66782.609
66782.609
64537.815
64000.0
65084.746
66782.609
108169.014
55251.799
63471.074
66206.897
69818.182
69189.189
66782.609
66782.609
97215.19
50526.316
67368.421
66782.609
66206.897
66782.609
67368.421
64537.815
62950.82
64000.0
65084.746
64000.0
65641.026
65084.746
66206.897
67368.421
65084.746
64000.0
64537.815
66782.609
66206.897
65641.026
106666.667
46829.268
66782.609
66782.609
66782.609
65084.746
67368.421
68571.429
65641.026
64000.0
63471.074
65641.026
67368.421
64537.815
64537.815
66206.897
66782.609
65641.026
66782.609
68571.429
71111.111
71775.701
71111.111
71111.111
71111.111
105205.479
50860.927
69189.189
71111.111
73142.857
73142.857
74563.107
73846.154
73142.857
73846.154
69818.182
69818.182
67368.421
67964.602
67368.421
65641.026
65641.026
66782.609
66782.609
66206.897
65641.026
66206.897
66782.609
105205.479
47701.863
64000.0
67368.421
69189.189
67368.421
66206.897
65084.746
66206.897
66782.609
65084.746
62950.82
64000.0
66206.897
65641.026
90352.941
49548.387
64000.0
67368.421
66206.897
65641.026
65084.746
67368.421
101052.632
49870.13
65084.746
66206.897
67964.602
67368.421
66782.609
64537.815
66206.897
66206.897
62950.82
60952.381
62950.82
66206.897
65084.746
65084.746
64000.0
66206.897
67368.421
66206.897
98461.538
48000.0
66206.897
67964.602
66782.609
65084.746
65641.026
66206.897
65084.746
61935.484
60952.381
64000.0
62950.82
65084.746
64000.0
63471.074
66206.897
66782.609
65641.026
64000.0
63471.074
65641.026
66206.897
64537.815
63471.074
66206.897
66782.609
64537.815
63471.074
64000.0
66206.897
65641.026
64537.815
64000.0
67964.602
68571.429
93658.537
53706.294
66782.609
69189.189
69818.182
68571.429
67964.602
66206.897
67964.602
67368.421
64537.815
62950.82
62950.82
65641.026
65641.026
89302.326
51200.0
66206.897
69189.189
67964.602
68571.429
67964.602
69818.182
70458.716
67964.602
65084.746
62439.024
64537.815
65641.026
62950.82
62950.82
64537.815
65641.026
62950.82
62950.82
61935.484
66206.897
99740.26
56470.588
63471.074
64537.815
66206.897
67368.421
66782.609
65084.746
65084.746
66782.609
67964.602
66782.609
65084.746
67368.421
67368.421
101052.632
47116.564
62439.024
67368.421
67964.602
68571.429
66206.897
64537.815
66206.897
66782.609
65641.026
64537.815
66206.897
66206.897
66206.897
64537.815
66782.609
67964.602
65641.026
102400.0
48301.887
67368.421
108169.014
56888.889
62950.82
66206.897
68571.429
67964.602
65641.026
64000.0
66206.897
66782.609
64000.0
62950.82
64000.0
66782.609
64537.815
64537.815
65641.026
66782.609
67964.602
66206.897
66206.897
65641.026
67368.421
66206.897
64537.815
64537.815
65641.026
66782.609
105205.479
46265.06
62950.82
67368.421
67368.421
65084.746
63471.074
64000.0
65641.026
69818.182
71111.111
73142.857
75294.118
76039.604
77575.758
78367.347
80000.0
81702.128
81702.128
83478.261
83478.261
84395.604
84395.604
83478.261
81702.128
80000.0
77575.758
76039.604
74563.107
71111.111
69818.182
71111.111
71111.111
71111.111
69818.182
67964.602
69818.182
69818.182
68571.429
66206.897
64537.815
66782.609
66782.609
65084.746
64000.0
64537.815
65084.746
65641.026
62439.024
62950.82
66206.897
66782.609
66782.609
65084.746
65641.026
66206.897
66206.897
65084.746
64537.815
65641.026
66782.609
68571.429
66782.609
64537.815
65084.746
66206.897
65084.746
62950.82
60952.381
62950.82
64537.815
63471.074
62950.82
62950.82
65084.746
66206.897
64537.815
64000.0
65084.746
68571.429
70458.716
72452.83
73142.857
74563.107
73846.154
74563.107
73846.154
75294.118
73846.154
73142.857
71111.111
67368.421
67964.602
67964.602
67368.421
64537.815
65084.746
66206.897
64537.815
62439.024
61935.484
64537.815
66206.897
65641.026
65641.026
66206.897
67964.602
66782.609
66782.609
66206.897
65641.026
66206.897
65641.026
64537.815
63471.074
64000.0
65641.026
97215.19
48607.595
64537.815
67368.421
68571.429
69189.189
67964.602
65641.026
65084.746
65641.026
64000.0
63471.074
62439.024
65084.746
66206.897
65641.026
65084.746
65641.026
66206.897
66782.609
65084.746
64537.815
66206.897
66206.897
66206.897
64537.815
63471.074
65641.026
67368.421
66206.897
65641.026
64537.815
66782.609
66782.609
64537.815
62950.82
63471.074
65641.026
66206.897
65084.746
63471.074
64000.0
67368.421
65084.746
64000.0
65641.026
66782.609
66782.609
65641.026
65641.026
66782.609
66782.609
66782.609
62439.024
60952.381
61935.484
63471.074
60952.381
59534.884
61935.484
65641.026
94814.815
50526.316
65641.026
69189.189
69189.189
66206.897
64537.815
64000.0
65641.026
62950.82
64537.815
64000.0
66206.897
66782.609
65641.026
101052.632
48917.197
67964.602
69189.189
68571.429
66782.609
66206.897
66206.897
64537.815
63471.074
62950.82
65641.026
66782.609
66206.897
64537.815
65641.026
67368.421
66782.609
66782.609
66206.897
67368.421
69818.182
96000.0
54857.143
69818.182
71775.701
72452.83
71111.111
67964.602
66782.609
65641.026
64000.0
60952.381
58625.954
102400.0
45176.471
63471.074
64000.0
63471.074
64000.0
66206.897
67368.421
65084.746
64537.815
62950.82
64000.0
65641.026
65084.746
64000.0
63471.074
65084.746
65641.026
65084.746
65084.746
63471.074
66206.897
66782.609
66206.897
65084.746
65084.746
66206.897
67964.602
65641.026
65641.026
64537.815
65641.026
66206.897
65641.026
65084.746
62950.82
63471.074
65641.026
64537.815
63471.074
65641.026
67368.421
68571.429
67368.421
66206.897
67964.602
67964.602
66206.897
65641.026
64537.815
66782.609
66782.609
64000.0
62950.82
64000.0
66782.609
66782.609
65084.746
62950.82
65084.746
66782.609
64537.815
63471.074
62439.024
65084.746
65084.746
64000.0
62950.82
61935.484
94814.815
50196.078
65084.746
66206.897
66782.609
66782.609
65641.026
64537.815
102400.0
46545.455
65641.026
65084.746
63471.074
63471.074
65084.746
65084.746
62950.82
62950.82
63471.074
65641.026
66206.897
63471.074
63471.074
64537.815
66206.897
67368.421
66782.609
64537.815
64000.0
66206.897
65641.026
64000.0
62950.82
66206.897
67368.421
65641.026
64537.815
63471.074
65084.746
65641.026
64000.0
61935.484
62950.82
94814.815
51200.0
66206.897
66782.609
66206.897
68571.429
67964.602
66206.897
64000.0
66206.897
67368.421
66206.897
65084.746
65084.746
66206.897
96000.0
51543.624
66206.897
65641.026
67964.602
67368.421
65641.026
65084.746
66206.897
66782.609
65084.746
63471.074
64000.0
65641.026
96000.0
48607.595
62439.024
66206.897
66782.609
64000.0
62439.024
62439.024
64537.815
66782.609
65641.026
64000.0
63471.074
65641.026
91428.571
52244.898
65084.746
66782.609
67964.602
66206.897
65641.026
64000.0
66206.897
66782.609
64537.815
64000.0
62439.024
67368.421
65641.026
63471.074
63471.074
64000.0
66206.897
111304.348
54468.085
62439.024
63471.074
66206.897
109714.286
57313.433
64537.815
66206.897
67368.421
66782.609
66206.897
66206.897
66206.897
67368.421
65084.746
64000.0
64537.815
66206.897
64537.815
62439.024
62439.024
65641.026
66206.897
66206.897
64537.815
64000.0
66206.897
67368.421
65641.026
65084.746
89302.326
52965.517
66782.609
67368.421
66206.897
66782.609
67964.602
67964.602
65641.026
64537.815
66206.897
66206.897
65084.746
64000.0
62950.82
65641.026
66782.609
64537.815
65084.746
65084.746
65641.026
67964.602
94814.815
50860.927
65084.746
67964.602
69189.189
66206.897
64537.815
64537.815
66206.897
66782.609
64537.815
63471.074
65641.026
66206.897
67964.602
65641.026
64537.815
65641.026
67964.602
66206.897
66206.897
66782.609
68571.429
69818.182
67368.421
66206.897
65084.746
66782.609
66782.609
65084.746
64000.0
65641.026
67368.421
66206.897
65084.746
64000.0
66782.609
67368.421
65641.026
64000.0
63471.074
65641.026
93658.537
49870.13
62950.82
65641.026
66782.609
64000.0
62439.024
61935.484
65641.026
67368.421
65641.026
65641.026
64537.815
67368.421
105205.479
47701.863
64537.815
67964.602
68571.429
66782.609
66782.609
65084.746
102400.0
50526.316
66782.609
66206.897
67368.421
68571.429
67368.421
64537.815
63471.074
65084.746
66206.897
64000.0
62950.82
61440.0
96000.0
50526.316
66206.897
65641.026
65641.026
67964.602
106666.667
54468.085
61440.0
62950.82
65084.746
64000.0
64000.0
62950.82
65084.746
67368.421
67368.421
65641.026
65084.746
65641.026
67964.602
65641.026
64537.815
64000.0
65641.026
106666.667
54084.507
61935.484
64537.815
66782.609
66782.609
65084.746
97215.19
48607.595
66782.609
66782.609
65641.026
64537.815
66782.609
66782.609
65641.026
62950.82
63471.074
65641.026
67368.421
65641.026
65084.746
102400.0
48301.887
66206.897
67368.421
65641.026
66206.897
67368.421
103783.784
47116.564
63471.074
66206.897
67964.602
65084.746
62950.82
62950.82
65084.746
66206.897
64000.0
62439.024
62439.024
64537.815
98461.538
49230.769
63471.074
67964.602
68571.429
67964.602
67368.421
66782.609
67964.602
69818.182
67964.602
66782.609
65084.746
66206.897
67368.421
64537.815
62439.024
65641.026
67368.421
66206.897
63471.074
64537.815
65641.026
66206.897
64000.0
64537.815
65084.746
67368.421
65641.026
65084.746
64537.815
67368.421
68571.429
66206.897
66206.897
65641.026
66206.897
67964.602
66206.897
65641.026
65084.746
67368.421
67964.602
65084.746
64000.0
66782.609
67368.421
67368.421
67964.602
68571.429
70458.716
71775.701
71775.701
72452.83
71111.111
71111.111
72452.83
71775.701
71111.111
71111.111
71775.701
69818.182
69189.189
69189.189
66206.897
65084.746
64537.815
65641.026
65084.746
63471.074
62950.82
62439.024
65084.746
65641.026
65641.026
64537.815
65641.026
66782.609
67964.602
66206.897
66206.897
65084.746
67964.602
68571.429
67964.602
67368.421
65641.026
67964.602
67964.602
67964.602
67368.421
66206.897
66782.609
67964.602
67368.421
106666.667
48000.0
67368.421
69818.182
68571.429
66782.609
66782.609
66782.609
67368.421
64537.815
62439.024
62439.024
64000.0
65084.746
64000.0
61935.484
63471.074
97215.19
49548.387
64000.0
64000.0
65641.026
67368.421
67964.602
65641.026
65641.026
66206.897
66206.897
66206.897
64537.815
63471.074
64537.815
66206.897
64537.815
64000.0
64000.0
66206.897
67368.421
66206.897
65084.746
65641.026
93658.537
52965.517
67964.602
69189.189
69189.189
69818.182
69818.182
67964.602
67368.421
66206.897
65084.746
61935.484
60472.441
62439.024
64537.815
97215.19
46829.268
64000.0
67368.421
67368.421
66782.609
65084.746
65641.026
66782.609
66206.897
66206.897
65641.026
67368.421
67368.421
66206.897
64000.0
64537.815
65084.746
63471.074
62439.024
60952.381
63471.074
90352.941
51200.0
64537.815
66206.897
67964.602
68571.429
67964.602
66206.897
64537.815
66782.609
67368.421
65641.026
64537.815
64537.815
67368.421
68571.429
67964.602
66206.897
66206.897
67368.421
66206.897
66206.897
64000.0
65641.026
66782.609
66206.897
64537.815
64537.815
66206.897
66782.609
64537.815
64000.0
65641.026
67368.421
108169.014
56888.889
66206.897
67964.602
68571.429
69818.182
70458.716
71775.701
73846.154
73846.154
73846.154
71775.701
71775.701
70458.716
71111.111
71775.701
71111.111
71775.701
71111.111
70458.716
68571.429
68571.429
67368.421
65084.746
64000.0
63471.074
64537.815
62950.82
62439.024
63471.074
64537.815
64000.0
63471.074
64537.815
66206.897
93658.537
49548.387
65641.026
68571.429
67964.602
66782.609
65641.026
65084.746
98461.538
47701.863
63471.074
66782.609
65641.026
65641.026
65084.746
106666.667
47701.863
64537.815
65641.026
66782.609
66782.609
65641.026
64537.815
65641.026
65641.026
64537.815
62950.82
63471.074
64537.815
65084.746
64000.0
62950.82
63471.074
63471.074
64000.0
63471.074
64537.815
63471.074
64000.0
63471.074
65084.746
65084.746
65084.746
65084.746
66206.897
66782.609
64000.0
62439.024
64000.0
64537.815
64537.815
63471.074
63471.074
64537.815
64537.815
63471.074
93658.537
48917.197
63471.074
66206.897
66782.609
67964.602
68571.429
65641.026
65084.746
65641.026
66206.897
64000.0
63471.074
62439.024
65084.746
65641.026
64537.815
64537.815
66206.897
66206.897
64537.815
106666.667
46545.455
66206.897
66782.609
65084.746
65084.746
66206.897
65641.026
64000.0
64000.0
65084.746
64000.0
62439.024
61935.484
64000.0
65084.746
62950.82
61935.484
62439.024
65641.026
65641.026
64537.815
64537.815
65641.026
67964.602
65641.026
64537.815
64537.815
67368.421
67368.421
67368.421
66206.897
67368.421
67368.421
66782.609
65641.026
96000.0
49870.13
66206.897
65641.026
64000.0
65641.026
66206.897
64000.0
62950.82
62950.82
64000.0
65084.746
64537.815
64000.0
66206.897
66782.609
66206.897
65084.746
64000.0
65641.026
66206.897
63471.074
61440.0
62950.82
65641.026
65084.746
65084.746
65084.746
94814.815
53706.294
67964.602
68571.429
67964.602
68571.429
69189.189
69189.189
67368.421
66782.609
67964.602
97215.19
52244.898
66782.609
67964.602
67964.602
68571.429
66782.609
65084.746
64537.815
65084.746
64537.815
62439.024
62439.024
64537.815
65641.026
97215.19
48607.595
65084.746
67368.421
67964.602
67964.602
67964.602
67964.602
68571.429
68571.429
66782.609
65084.746
102400.0
49870.13
65084.746
65641.026
66782.609
67368.421
66206.897
65084.746
64537.815
65641.026
67368.421
105205.479
48301.887
65641.026
68571.429
69189.189
68571.429
66782.609
66206.897
93658.537
52602.74
64537.815
66206.897
66782.609
68571.429
67964.602
66206.897
63471.074
65641.026
66206.897
66206.897
62950.82
63471.074
65084.746
65641.026
64537.815
62439.024
63471.074
65084.746
66206.897
64537.815
62950.82
64000.0
65084.746
66206.897
64537.815
64000.0
103783.784
48000.0
65084.746
66206.897
65641.026
66782.609
67964.602
65641.026
64537.815
65641.026
65641.026
65084.746
62439.024
63471.074
65084.746
66206.897
65641.026
65641.026
65641.026
66782.609
66782.609
65641.026
64000.0
65641.026
66782.609
94814.815
50196.078
65641.026
67964.602
68571.429
66206.897
65641.026
66206.897
67964.602
66206.897
66206.897
64000.0
65084.746
67368.421
67368.421
65641.026
64537.815
66206.897
67964.602
64000.0
61935.484
62950.82
65641.026
66782.609
66206.897
65641.026
67368.421
67964.602
68571.429
66782.609
99740.26
49548.387
67964.602
70458.716
71775.701
72452.83
74563.107
75294.118
76800.0
77575.758
76039.604
75294.118
72452.83
69818.182
69189.189
66782.609
65084.746
65084.746
66782.609
65641.026
65084.746
65084.746
67368.421
68571.429
66782.609
67964.602
66782.609
69189.189
70458.716
69818.182
69189.189
70458.716
70458.716
71111.111
71111.111
71775.701
72452.83
71111.111
70458.716
69189.189
68571.429
69189.189
68571.429
69189.189
71111.111
71775.701
72452.83
73142.857
71775.701
71775.701
69189.189
66206.897
64537.815
62439.024
65084.746
65084.746
63471.074
62439.024
62950.82
62950.82
64000.0
62439.024
62950.82
63471.074
66782.609
66782.609
66782.609
66782.609
68571.429
66206.897
65641.026
63471.074
65084.746
65084.746
63471.074
62439.024
62950.82
65641.026
88275.862
51200.0
65084.746
66782.609
67368.421
67368.421
66206.897
105205.479
48000.0
64537.815
65084.746
64537.815
64537.815
65641.026
64537.815
64000.0
62950.82
64537.815
65084.746
65084.746
64000.0
65084.746
66206.897
96000.0
48917.197
65084.746
66206.897
66782.609
65084.746
63471.074
64000.0
64537.815
63471.074
60952.381
60952.381
61935.484
62950.82
61935.484
61440.0
62439.024
64537.815
65641.026
64537.815
64537.815
65641.026
94814.815
51891.892
66206.897
66782.609
69189.189
70458.716
70458.716
71111.111
93658.537
57744.361
71111.111
71775.701
70458.716
71111.111
69818.182
67964.602
66206.897
66206.897
65641.026
65084.746
65084.746
66206.897
67368.421
66206.897
65641.026
66206.897
66206.897
65084.746
63471.074
63471.074
96000.0
48917.197
64537.815
65641.026
66782.609
66782.609
66206.897
66782.609
65084.746
66782.609
67964.602
67964.602
67368.421
66782.609
67964.602
68571.429
66782.609
65641.026
64000.0
65641.026
65641.026
64000.0
63471.074
65641.026
66206.897
65084.746
64000.0
66206.897
66782.609
65641.026
65084.746
64000.0
65641.026
67368.421
67368.421
67368.421
66206.897
67368.421
67964.602
66206.897
65084.746
62439.024
87272.727
51543.624
64537.815
65641.026
65641.026
67368.421
67368.421
66782.609
64000.0
65641.026
65084.746
65641.026
63471.074
62950.82
103783.784
47407.407
63471.074
65084.746
66206.897
67368.421
67964.602
66782.609
66206.897
65084.746
67964.602
66782.609
66782.609
65641.026
66782.609
66206.897
65084.746
62950.82
64000.0
66206.897
66206.897
66206.897
65084.746
66782.609
68571.429
69818.182
69189.189
69189.189
70458.716
96000.0
54084.507
69818.182
69818.182
71111.111
70458.716
68571.429
67964.602
93658.537
54084.507
69818.182
71111.111
72452.83
71775.701
70458.716
67964.602
66206.897
65084.746
65084.746
62950.82
64537.815
66206.897
65641.026
66206.897
98461.538
50196.078
68571.429
68571.429
69189.189
67964.602
67964.602
68571.429
65641.026
62950.82
61935.484
62950.82
63471.074
63471.074
63471.074
98461.538
46265.06
63471.074
66782.609
66782.609
67368.421
69189.189
97215.19
51200.0
66782.609
67964.602
69189.189
67964.602
65641.026
64537.815
64000.0
65641.026
64537.815
64537.815
64000.0
64537.815
66206.897
65084.746
63471.074
62950.82
64537.815
65641.026
63471.074
108169.014
45714.286
65084.746
67368.421
66206.897
65084.746
63471.074
65641.026
66782.609
66206.897
66206.897
64537.815
65641.026
64537.815
106666.667
44912.281
64000.0
66206.897
67964.602
66782.609
66782.609
66206.897
66206.897
66782.609
64000.0
64537.815
64537.815
64537.815
64537.815
63471.074
61935.484
