104895.105
97402.597
98039.216
96774.194
97402.597
97402.597
96774.194
97402.597
96774.194
96774.194
98039.216
96153.846
97402.597
96774.194
97402.597
97402.597
97402.597
97402.597
97402.597
97402.597
97402.597
97402.597
98039.216
98039.216
98039.216
98039.216
98039.216
97402.597
97402.597
97402.597
98039.216
98039.216
98039.216
97402.597
98684.211
98039.216
98039.216
98684.211
98039.216
140186.916
76142.132
97402.597
98039.216
98039.216
98039.216
98684.211
98684.211
98039.216
97402.597
97402.597
96774.194
98039.216
98039.216
98039.216
97402.597
98039.216
98039.216
97402.597
97402.597
102040.816
93167.702
96774.194
98039.216
97402.597
97402.597
98039.216
97402.597
97402.597
117187.5
84269.663
98039.216
97402.597
98039.216
98039.216
97402.597
97402.597
97402.597
96774.194
98039.216
132743.363
77319.588
96774.194
96774.194
96774.194
96774.194
97402.597
97402.597
138888.889
75757.576
97402.597
96153.846
97402.597
97402.597
96774.194
97402.597
96774.194
96153.846
96774.194
96153.846
96774.194
95541.401
96774.194
96153.846
96153.846
96153.846
95541.401
95541.401
96153.846
95541.401
95541.401
95541.401
96153.846
96153.846
96153.846
96153.846
96774.194
96774.194
96153.846
96774.194
96153.846
96774.194
96774.194
96774.194
96774.194
96774.194
96774.194
96774.194
96774.194
96774.194
96774.194
97402.597
96774.194
97402.597
97402.597
98039.216
98039.216
98039.216
98039.216
98039.216
97402.597
98039.216
98039.216
99337.748
98039.216
99337.748
98684.211
99337.748
99337.748
99337.748
98684.211
99337.748
98684.211
99337.748
99337.748
99337.748
100000.0
100000.0
99337.748
100000.0
99337.748
99337.748
135135.135
80213.904
98684.211
98684.211
99337.748
98684.211
98684.211
98684.211
98684.211
99337.748
98684.211
131578.947
81081.081
98039.216
99337.748
100000.0
99337.748
100000.0
99337.748
98684.211
99337.748
99337.748
98039.216
98039.216
97402.597
96774.194
96153.846
96774.194
96153.846
96774.194
96774.194
97402.597
97402.597
98684.211
98684.211
98684.211
99337.748
99337.748
99337.748
99337.748
99337.748
98684.211
99337.748
99337.748
112781.955
89285.714
99337.748
99337.748
99337.748
99337.748
100000.0
99337.748
99337.748
100000.0
99337.748
99337.748
99337.748
98684.211
99337.748
100000.0
98684.211
99337.748
99337.748
98684.211
99337.748
99337.748
98684.211
100000.0
99337.748
100671.141
100000.0
100000.0
100000.0
100671.141
100000.0
99337.748
100000.0
100000.0
100000.0
99337.748
100000.0
99337.748
99337.748
99337.748
100000.0
99337.748
99337.748
99337.748
99337.748
99337.748
99337.748
98684.211
100000.0
99337.748
99337.748
99337.748
100000.0
99337.748
100671.141
99337.748
100000.0
100671.141
100000.0
100000.0
100000.0
100000.0
100671.141
100671.141
100000.0
100671.141
100671.141
100000.0
100000.0
100000.0
100000.0
100000.0
100671.141
100000.0
99337.748
100000.0
100000.0
100000.0
100000.0
100671.141
100671.141
100000.0
100000.0
100000.0
98684.211
99337.748
98684.211
98684.211
99337.748
99337.748
98039.216
98684.211
135135.135
78947.368
98684.211
99337.748
98684.211
99337.748
99337.748
113636.364
90361.446
100671.141
100671.141
100671.141
101351.351
100671.141
100671.141
138888.889
80213.904
98684.211
100671.141
100000.0
100671.141
100671.141
100000.0
100000.0
100000.0
99337.748
98684.211
99337.748
100000.0
98684.211
99337.748
98684.211
100000.0
129310.345
81081.081
98684.211
99337.748
99337.748
99337.748
99337.748
100000.0
101351.351
100000.0
100000.0
100000.0
100671.141
100671.141
100671.141
100671.141
100671.141
100000.0
100671.141
100671.141
100000.0
100000.0
99337.748
135135.135
79787.234
98039.216
98684.211
99337.748
98684.211
137614.679
78125.0
97402.597
98039.216
98684.211
98039.216
103448.276
93750.0
97402.597
97402.597
98684.211
98684.211
98684.211
99337.748
99337.748
137614.679
78534.031
98684.211
99337.748
99337.748
99337.748
132743.363
81521.739
99337.748
100000.0
100671.141
100671.141
100000.0
100000.0
100000.0
100671.141
98684.211
99337.748
98684.211
99337.748
98039.216
98039.216
98039.216
98039.216
98684.211
157894.737
72115.385
97402.597
98684.211
99337.748
99337.748
98684.211
99337.748
99337.748
100000.0
98684.211
98039.216
98684.211
98039.216
101351.351
95541.401
97402.597
98684.211
98684.211
98039.216
98684.211
99337.748
98684.211
98039.216
98684.211
99337.748
100000.0
98684.211
99337.748
100000.0
99337.748
99337.748
99337.748
100000.0
99337.748
99337.748
98684.211
99337.748
99337.748
98684.211
99337.748
99337.748
99337.748
99337.748
100000.0
100000.0
99337.748
99337.748
99337.748
99337.748
99337.748
136363.636
78947.368
98039.216
99337.748
99337.748
100000.0
100000.0
99337.748
100000.0
100671.141
100671.141
100671.141
100671.141
101351.351
100671.141
101351.351
140186.916
156250.0
63291.139
98684.211
102040.816
101351.351
102040.816
102040.816
102040.816
100671.141
101351.351
101351.351
132743.363
80645.161
99337.748
99337.748
99337.748
99337.748
99337.748
99337.748
100000.0
99337.748
98684.211
132743.363
79787.234
100671.141
96774.194
98684.211
99337.748
99337.748
100000.0
98684.211
99337.748
99337.748
100000.0
132743.363
185185.185
220588.235
288461.538
217391.304
283018.868
263157.895
288461.538
254237.288
250000.0
306122.449
272727.273
241935.484
258620.69
294117.647
234375.0
258620.69
312500.0
267857.143
245901.639
283018.868
250000.0
288461.538
254237.288
283018.868
250000.0
294117.647
258620.69
319148.936
300000.0
241935.484
300000.0
250000.0
288461.538
294117.647
272727.273
263157.895
241935.484
217391.304
306122.449
258620.69
277777.778
245901.639
312500.0
272727.273
277777.778
306122.449
223880.597
254237.288
306122.449
238095.238
312500.0
234375.0
652173.913
311.837
