87272.727
87272.727
86292.135
89302.326
87272.727
87272.727
87272.727
88275.862
86292.135
87272.727
99740.26
80000.0
86292.135
99740.26
80000.0
86292.135
105205.479
76800.0
88275.862
87272.727
134736.842
106666.667
134736.842
109714.286
150588.235
111304.348
69818.182
80842.105
86292.135
86292.135
87272.727
88275.862
147692.308
75294.118
82580.645
87272.727
103783.784
76800.0
87272.727
101052.632
79175.258
85333.333
106666.667
78367.347
85333.333
88275.862
88275.862
86292.135
87272.727
88275.862
87272.727
87272.727
87272.727
101052.632
150588.235
73142.857
84395.604
86292.135
86292.135
84395.604
90352.941
87272.727
85333.333
89302.326
87272.727
86292.135
88275.862
88275.862
88275.862
86292.135
87272.727
87272.727
86292.135
87272.727
88275.862
86292.135
109714.286
76039.604
86292.135
88275.862
87272.727
89302.326
150588.235
74563.107
83478.261
88275.862
87272.727
87272.727
87272.727
87272.727
88275.862
94814.815
150588.235
73846.154
83478.261
86292.135
88275.862
87272.727
87272.727
147692.308
73142.857
85333.333
86292.135
88275.862
87272.727
86292.135
87272.727
88275.862
87272.727
86292.135
88275.862
88275.862
86292.135
88275.862
88275.862
87272.727
87272.727
91428.571
147692.308
72452.83
85333.333
86292.135
85333.333
88275.862
89302.326
85333.333
86292.135
96000.0
80842.105
86292.135
86292.135
89302.326
91428.571
147692.308
72452.83
84395.604
84395.604
87272.727
87272.727
86292.135
86292.135
87272.727
86292.135
99740.26
79175.258
87272.727
85333.333
87272.727
111304.348
75294.118
85333.333
88275.862
86292.135
86292.135
88275.862
98461.538
77575.758
87272.727
87272.727
86292.135
111304.348
75294.118
85333.333
97215.19
150588.235
73846.154
84395.604
85333.333
102400.0
77575.758
86292.135
98461.538
79175.258
86292.135
86292.135
86292.135
87272.727
87272.727
86292.135
88275.862
87272.727
87272.727
87272.727
87272.727
86292.135
86292.135
88275.862
87272.727
86292.135
87272.727
90352.941
84395.604
86292.135
87272.727
88275.862
86292.135
87272.727
128000.0
51891.892
83478.261
84395.604
85333.333
88275.862
87272.727
86292.135
89302.326
153600.0
73846.154
82580.645
88275.862
106666.667
76039.604
86292.135
99740.26
78367.347
86292.135
98461.538
147692.308
74563.107
82580.645
86292.135
102400.0
76039.604
87272.727
86292.135
86292.135
90352.941
150588.235
74563.107
81702.128
87272.727
114626.866
71775.701
86292.135
86292.135
84395.604
91428.571
150588.235
73142.857
82580.645
87272.727
89302.326
83478.261
88275.862
97215.19
153600.0
74563.107
82580.645
87272.727
88275.862
83478.261
86292.135
98461.538
77575.758
87272.727
86292.135
85333.333
88275.862
88275.862
85333.333
147692.308
72452.83
83478.261
85333.333
87272.727
86292.135
85333.333
87272.727
87272.727
96000.0
78367.347
87272.727
99740.26
150588.235
73846.154
82580.645
86292.135
89302.326
147692.308
73142.857
81702.128
87272.727
86292.135
86292.135
86292.135
97215.19
78367.347
86292.135
102400.0
78367.347
85333.333
88275.862
87272.727
88275.862
153600.0
73142.857
84395.604
86292.135
91428.571
82580.645
86292.135
87272.727
87272.727
87272.727
85333.333
88275.862
87272.727
86292.135
88275.862
106666.667
76039.604
87272.727
87272.727
87272.727
85333.333
88275.862
98461.538
78367.347
87272.727
97215.19
78367.347
88275.862
86292.135
86292.135
88275.862
87272.727
96000.0
80000.0
87272.727
86292.135
86292.135
87272.727
87272.727
97215.19
79175.258
87272.727
97215.19
79175.258
87272.727
97215.19
79175.258
87272.727
98461.538
79175.258
86292.135
98461.538
78367.347
87272.727
87272.727
86292.135
86292.135
88275.862
94814.815
80842.105
87272.727
88275.862
87272.727
87272.727
87272.727
97215.19
79175.258
86292.135
88275.862
87272.727
86292.135
87272.727
87272.727
101052.632
77575.758
87272.727
102400.0
78367.347
87272.727
102400.0
78367.347
86292.135
101052.632
79175.258
85333.333
99740.26
78367.347
86292.135
102400.0
78367.347
85333.333
99740.26
80000.0
86292.135
99740.26
78367.347
87272.727
99740.26
78367.347
87272.727
99740.26
78367.347
85333.333
97215.19
80000.0
85333.333
88275.862
87272.727
87272.727
87272.727
102400.0
78367.347
86292.135
101052.632
78367.347
85333.333
105205.479
76800.0
85333.333
103783.784
77575.758
85333.333
99740.26
147692.308
72452.83
83478.261
87272.727
90352.941
147692.308
109714.286
69818.182
82580.645
84395.604
118153.846
71775.701
83478.261
102400.0
150588.235
73142.857
81702.128
86292.135
88275.862
147692.308
71775.701
83478.261
84395.604
102400.0
76800.0
86292.135
96000.0
80000.0
84395.604
97215.19
79175.258
85333.333
86292.135
88275.862
88275.862
144905.66
72452.83
84395.604
85333.333
89302.326
150588.235
72452.83
81702.128
87272.727
86292.135
85333.333
87272.727
153600.0
72452.83
82580.645
86292.135
102400.0
76039.604
87272.727
87272.727
85333.333
111304.348
75294.118
85333.333
87272.727
86292.135
123870.968
71111.111
85333.333
101052.632
76800.0
87272.727
86292.135
85333.333
109714.286
75294.118
85333.333
87272.727
87272.727
85333.333
87272.727
99740.26
77575.758
86292.135
99740.26
78367.347
87272.727
87272.727
87272.727
86292.135
150588.235
72452.83
83478.261
86292.135
108169.014
73846.154
86292.135
87272.727
85333.333
88275.862
85333.333
86292.135
87272.727
87272.727
114626.866
72452.83
86292.135
87272.727
85333.333
89302.326
84395.604
86292.135
87272.727
87272.727
89302.326
150588.235
72452.83
83478.261
86292.135
86292.135
87272.727
94814.815
80000.0
87272.727
85333.333
88275.862
90352.941
82580.645
87272.727
86292.135
86292.135
87272.727
87272.727
86292.135
88275.862
86292.135
87272.727
86292.135
88275.862
87272.727
134736.842
71775.701
85333.333
85333.333
116363.636
73142.857
83478.261
87272.727
86292.135
116363.636
71775.701
87272.727
87272.727
87272.727
87272.727
86292.135
87272.727
85333.333
88275.862
89302.326
84395.604
86292.135
87272.727
87272.727
92530.12
82580.645
87272.727
86292.135
87272.727
87272.727
86292.135
88275.862
87272.727
87272.727
86292.135
87272.727
86292.135
86292.135
87272.727
116363.636
72452.83
87272.727
87272.727
86292.135
87272.727
87272.727
86292.135
87272.727
87272.727
86292.135
87272.727
87272.727
99740.26
77575.758
87272.727
108169.014
76039.604
86292.135
87272.727
87272.727
86292.135
87272.727
99740.26
78367.347
87272.727
87272.727
87272.727
87272.727
87272.727
89302.326
147692.308
73142.857
84395.604
86292.135
114626.866
73846.154
84395.604
87272.727
87272.727
87272.727
103783.784
77575.758
86292.135
97215.19
80000.0
86292.135
85333.333
88275.862
88275.862
147692.308
73142.857
84395.604
85333.333
87272.727
150588.235
72452.83
83478.261
85333.333
120000.0
72452.83
83478.261
88275.862
86292.135
85333.333
103783.784
77575.758
85333.333
105205.479
77575.758
86292.135
99740.26
79175.258
86292.135
86292.135
87272.727
86292.135
86292.135
88275.862
114626.866
72452.83
88275.862
85333.333
87272.727
88275.862
87272.727
86292.135
125901.639
72452.83
83478.261
88275.862
139636.364
109714.286
69189.189
83478.261
106666.667
75294.118
84395.604
99740.26
78367.347
86292.135
99740.26
78367.347
87272.727
98461.538
79175.258
86292.135
101052.632
76800.0
87272.727
101052.632
76800.0
87272.727
99740.26
78367.347
86292.135
86292.135
86292.135
88275.862
150588.235
72452.83
83478.261
86292.135
99740.26
77575.758
87272.727
87272.727
85333.333
88275.862
87272.727
86292.135
114626.866
73846.154
85333.333
102400.0
77575.758
86292.135
101052.632
77575.758
86292.135
103783.784
76800.0
86292.135
101052.632
76800.0
87272.727
98461.538
78367.347
87272.727
101052.632
77575.758
87272.727
98461.538
109714.286
137142.857
71111.111
82580.645
108169.014
73846.154
85333.333
99740.26
78367.347
84395.604
88275.862
86292.135
86292.135
105205.479
77575.758
85333.333
86292.135
87272.727
87272.727
105205.479
75294.118
87272.727
85333.333
118153.846
73846.154
84395.604
87272.727
102400.0
76800.0
88275.862
86292.135
109714.286
74563.107
86292.135
99740.26
77575.758
87272.727
97215.19
78367.347
88275.862
99740.26
77575.758
88275.862
103783.784
76800.0
88275.862
98461.538
79175.258
86292.135
102400.0
78367.347
85333.333
87272.727
111304.348
74563.107
86292.135
99740.26
150588.235
73846.154
83478.261
87272.727
101052.632
78367.347
86292.135
109714.286
74563.107
87272.727
99740.26
77575.758
87272.727
99740.26
153600.0
72452.83
85333.333
84395.604
89302.326
153600.0
73142.857
83478.261
86292.135
118153.846
72452.83
85333.333
87272.727
87272.727
86292.135
137142.857
106666.667
68571.429
85333.333
86292.135
84395.604
88275.862
108169.014
75294.118
87272.727
103783.784
76800.0
86292.135
101052.632
77575.758
85333.333
98461.538
79175.258
86292.135
87272.727
86292.135
87272.727
139636.364
106666.667
68571.429
86292.135
111304.348
73142.857
86292.135
86292.135
86292.135
86292.135
150588.235
109714.286
150588.235
111304.348
67964.602
82580.645
83478.261
105205.479
76800.0
83478.261
87272.727
87272.727
87272.727
153600.0
73846.154
82580.645
86292.135
91428.571
82580.645
85333.333
88275.862
147692.308
73846.154
84395.604
87272.727
109714.286
74563.107
85333.333
86292.135
86292.135
150588.235
73142.857
83478.261
98461.538
156734.694
73142.857
82580.645
86292.135
114626.866
72452.83
86292.135
87272.727
85333.333
150588.235
73846.154
83478.261
85333.333
87272.727
86292.135
150588.235
73846.154
85333.333
84395.604
106666.667
76800.0
85333.333
101052.632
78367.347
87272.727
86292.135
87272.727
150588.235
72452.83
84395.604
86292.135
86292.135
105205.479
76039.604
87272.727
85333.333
123870.968
73846.154
83478.261
88275.862
139636.364
142222.222
71111.111
84395.604
105205.479
75294.118
84395.604
101052.632
78367.347
85333.333
99740.26
80000.0
85333.333
88275.862
87272.727
90352.941
83478.261
88275.862
87272.727
87272.727
87272.727
87272.727
86292.135
87272.727
87272.727
88275.862
105205.479
76800.0
86292.135
87272.727
87272.727
88275.862
147692.308
73142.857
84395.604
85333.333
87272.727
87272.727
89302.326
150588.235
73142.857
83478.261
85333.333
108169.014
76039.604
84395.604
102400.0
79175.258
85333.333
96000.0
82580.645
86292.135
99740.26
79175.258
86292.135
101052.632
79175.258
86292.135
87272.727
87272.727
102400.0
78367.347
87272.727
101052.632
78367.347
88275.862
102400.0
79175.258
85333.333
88275.862
88275.862
87272.727
147692.308
111304.348
70458.716
83478.261
102400.0
153600.0
73846.154
81702.128
87272.727
87272.727
86292.135
87272.727
147692.308
108169.014
68571.429
85333.333
85333.333
85333.333
88275.862
87272.727
85333.333
88275.862
88275.862
86292.135
88275.862
87272.727
88275.862
86292.135
88275.862
88275.862
85333.333
88275.862
96000.0
80842.105
85333.333
101052.632
147692.308
73142.857
84395.604
88275.862
114626.866
73142.857
86292.135
103783.784
76800.0
88275.862
102400.0
77575.758
86292.135
88275.862
86292.135
92530.12
83478.261
85333.333
108169.014
77575.758
85333.333
101052.632
80000.0
86292.135
101052.632
79175.258
86292.135
102400.0
79175.258
85333.333
118153.846
73846.154
85333.333
106666.667
76039.604
87272.727
114626.866
73142.857
87272.727
101052.632
77575.758
86292.135
105205.479
75294.118
87272.727
118153.846
71775.701
87272.727
103783.784
76039.604
86292.135
118153.846
73846.154
84395.604
105205.479
77575.758
85333.333
103783.784
78367.347
85333.333
103783.784
77575.758
86292.135
103783.784
76800.0
88275.862
116363.636
72452.83
88275.862
118153.846
71775.701
87272.727
86292.135
86292.135
88275.862
87272.727
86292.135
87272.727
87272.727
87272.727
86292.135
88275.862
88275.862
153600.0
73846.154
83478.261
87272.727
92530.12
81702.128
86292.135
101052.632
77575.758
87272.727
103783.784
77575.758
86292.135
103783.784
77575.758
85333.333
98461.538
80842.105
86292.135
94814.815
81702.128
86292.135
87272.727
103783.784
97215.19
73142.857
88275.862
118153.846
73846.154
82580.645
108169.014
77575.758
85333.333
98461.538
80842.105
86292.135
102400.0
78367.347
87272.727
94814.815
80000.0
87272.727
88275.862
85333.333
88275.862
87272.727
86292.135
88275.862
88275.862
97215.19
80842.105
86292.135
87272.727
106666.667
77575.758
84395.604
87272.727
108169.014
76039.604
87272.727
87272.727
106666.667
76039.604
87272.727
88275.862
89302.326
85333.333
87272.727
87272.727
88275.862
87272.727
87272.727
88275.862
87272.727
85333.333
88275.862
87272.727
87272.727
88275.862
88275.862
86292.135
89302.326
88275.862
87272.727
87272.727
88275.862
88275.862
85333.333
89302.326
88275.862
87272.727
87272.727
88275.862
87272.727
86292.135
101052.632
80000.0
87272.727
88275.862
88275.862
88275.862
87272.727
88275.862
88275.862
87272.727
88275.862
87272.727
106666.667
76800.0
87272.727
87272.727
89302.326
87272.727
86292.135
96000.0
82580.645
87272.727
102400.0
79175.258
88275.862
86292.135
88275.862
88275.862
87272.727
88275.862
88275.862
89302.326
87272.727
88275.862
88275.862
87272.727
88275.862
89302.326
88275.862
89302.326
86292.135
89302.326
99740.26
80842.105
86292.135
87272.727
89302.326
87272.727
88275.862
88275.862
88275.862
87272.727
106666.667
79175.258
86292.135
89302.326
87272.727
87272.727
89302.326
88275.862
86292.135
89302.326
88275.862
86292.135
90352.941
88275.862
91428.571
84395.604
88275.862
101052.632
79175.258
88275.862
105205.479
76800.0
88275.862
103783.784
77575.758
88275.862
88275.862
87272.727
106666.667
79175.258
86292.135
89302.326
88275.862
87272.727
88275.862
87272.727
91428.571
84395.604
87272.727
102400.0
77575.758
88275.862
88275.862
86292.135
88275.862
88275.862
88275.862
94814.815
81702.128
88275.862
97215.19
80000.0
87272.727
101052.632
78367.347
88275.862
103783.784
77575.758
87272.727
103783.784
77575.758
89302.326
99740.26
79175.258
88275.862
101052.632
79175.258
87272.727
88275.862
88275.862
86292.135
87272.727
88275.862
86292.135
88275.862
88275.862
88275.862
99740.26
80842.105
87272.727
98461.538
80842.105
86292.135
99740.26
80842.105
86292.135
99740.26
80000.0
87272.727
87272.727
89302.326
91428.571
84395.604
87272.727
89302.326
88275.862
87272.727
89302.326
101052.632
79175.258
88275.862
101052.632
79175.258
88275.862
101052.632
79175.258
88275.862
99740.26
79175.258
88275.862
105205.479
78367.347
86292.135
105205.479
78367.347
87272.727
102400.0
79175.258
86292.135
88275.862
88275.862
93658.537
80842.105
89302.326
102400.0
77575.758
89302.326
102400.0
78367.347
88275.862
103783.784
78367.347
87272.727
103783.784
78367.347
86292.135
101052.632
80000.0
86292.135
103783.784
78367.347
86292.135
102400.0
79175.258
88275.862
102400.0
78367.347
88275.862
111304.348
73846.154
87272.727
103783.784
76800.0
88275.862
103783.784
77575.758
89302.326
105205.479
77575.758
87272.727
106666.667
78367.347
86292.135
103783.784
80000.0
85333.333
112941.176
76800.0
85333.333
103783.784
79175.258
86292.135
88275.862
88275.862
88275.862
88275.862
88275.862
98461.538
80000.0
88275.862
101052.632
79175.258
87272.727
89302.326
87272.727
87272.727
89302.326
87272.727
93658.537
83478.261
88275.862
112941.176
75294.118
87272.727
99740.26
80000.0
87272.727
105205.479
76800.0
88275.862
102400.0
78367.347
89302.326
105205.479
77575.758
89302.326
103783.784
78367.347
87272.727
105205.479
79175.258
86292.135
105205.479
78367.347
85333.333
105205.479
78367.347
85333.333
105205.479
77575.758
86292.135
106666.667
77575.758
87272.727
103783.784
78367.347
87272.727
102400.0
77575.758
87272.727
103783.784
77575.758
89302.326
103783.784
76800.0
90352.941
103783.784
76800.0
90352.941
101052.632
79175.258
88275.862
108169.014
147692.308
73142.857
84395.604
87272.727
103783.784
78367.347
85333.333
105205.479
79175.258
86292.135
103783.784
78367.347
88275.862
102400.0
77575.758
89302.326
103783.784
77575.758
89302.326
103783.784
77575.758
90352.941
102400.0
78367.347
87272.727
87272.727
88275.862
90352.941
87272.727
88275.862
106666.667
78367.347
86292.135
106666.667
78367.347
87272.727
103783.784
79175.258
87272.727
101052.632
80000.0
88275.862
105205.479
76800.0
90352.941
112941.176
75294.118
90352.941
105205.479
77575.758
89302.326
103783.784
78367.347
87272.727
105205.479
79175.258
86292.135
106666.667
78367.347
87272.727
105205.479
78367.347
87272.727
105205.479
78367.347
88275.862
102400.0
78367.347
89302.326
105205.479
76800.0
89302.326
103783.784
78367.347
88275.862
105205.479
79175.258
86292.135
103783.784
80000.0
87272.727
114626.866
150588.235
73142.857
85333.333
87272.727
90352.941
86292.135
86292.135
114626.866
76039.604
86292.135
101052.632
80842.105
87272.727
103783.784
79175.258
89302.326
99740.26
80842.105
88275.862
101052.632
78367.347
90352.941
103783.784
78367.347
89302.326
103783.784
78367.347
89302.326
103783.784
79175.258
89302.326
102400.0
79175.258
89302.326
102400.0
78367.347
89302.326
102400.0
78367.347
88275.862
101052.632
81702.128
87272.727
103783.784
80000.0
89302.326
87272.727
128000.0
109714.286
144905.66
71775.701
83478.261
88275.862
102400.0
79175.258
85333.333
89302.326
88275.862
87272.727
87272.727
90352.941
123870.968
73846.154
85333.333
106666.667
77575.758
87272.727
102400.0
78367.347
89302.326
99740.26
80000.0
88275.862
105205.479
79175.258
85333.333
106666.667
79175.258
87272.727
103783.784
80000.0
86292.135
105205.479
80000.0
86292.135
105205.479
77575.758
88275.862
105205.479
77575.758
89302.326
103783.784
78367.347
89302.326
103783.784
79175.258
89302.326
102400.0
79175.258
86292.135
105205.479
79175.258
88275.862
102400.0
79175.258
87272.727
102400.0
79175.258
89302.326
103783.784
77575.758
90352.941
106666.667
78367.347
86292.135
105205.479
80000.0
86292.135
105205.479
79175.258
88275.862
102400.0
79175.258
90352.941
106666.667
76800.0
90352.941
102400.0
78367.347
89302.326
106666.667
77575.758
87272.727
106666.667
78367.347
86292.135
102400.0
80000.0
86292.135
103783.784
78367.347
90352.941
98461.538
80842.105
90352.941
96000.0
150588.235
74563.107
85333.333
88275.862
105205.479
76800.0
88275.862
94814.815
147692.308
73142.857
87272.727
87272.727
87272.727
89302.326
89302.326
147692.308
75294.118
84395.604
88275.862
101052.632
79175.258
87272.727
96000.0
156734.694
73142.857
84395.604
88275.862
88275.862
121904.762
73142.857
87272.727
88275.862
87272.727
89302.326
111304.348
75294.118
90352.941
87272.727
87272.727
90352.941
88275.862
88275.862
87272.727
91428.571
88275.862
88275.862
90352.941
89302.326
88275.862
89302.326
96000.0
81702.128
88275.862
89302.326
89302.326
114626.866
75294.118
86292.135
87272.727
137142.857
112941.176
71775.701
84395.604
89302.326
108169.014
76800.0
89302.326
88275.862
89302.326
98461.538
80842.105
88275.862
87272.727
90352.941
108169.014
78367.347
88275.862
98461.538
147692.308
76039.604
86292.135
89302.326
87272.727
88275.862
89302.326
147692.308
73142.857
86292.135
87272.727
86292.135
88275.862
89302.326
150588.235
73142.857
87272.727
86292.135
87272.727
89302.326
87272.727
87272.727
90352.941
116363.636
73846.154
86292.135
89302.326
87272.727
87272.727
89302.326
88275.862
108169.014
76039.604
90352.941
89302.326
87272.727
88275.862
90352.941
87272.727
88275.862
88275.862
90352.941
89302.326
142222.222
72452.83
88275.862
87272.727
99740.26
80000.0
88275.862
111304.348
76039.604
89302.326
111304.348
75294.118
88275.862
102400.0
78367.347
89302.326
98461.538
147692.308
75294.118
85333.333
87272.727
88275.862
88275.862
89302.326
86292.135
101052.632
80842.105
86292.135
88275.862
89302.326
88275.862
88275.862
128000.0
112941.176
70458.716
84395.604
88275.862
87272.727
87272.727
90352.941
87272.727
88275.862
90352.941
87272.727
88275.862
86292.135
90352.941
88275.862
88275.862
89302.326
88275.862
105205.479
76800.0
91428.571
87272.727
88275.862
121904.762
74563.107
86292.135
88275.862
90352.941
88275.862
87272.727
90352.941
88275.862
88275.862
139636.364
112941.176
70458.716
85333.333
89302.326
88275.862
87272.727
90352.941
88275.862
86292.135
88275.862
90352.941
87272.727
89302.326
88275.862
90352.941
87272.727
89302.326
142222.222
73142.857
84395.604
87272.727
89302.326
88275.862
88275.862
88275.862
88275.862
92530.12
84395.604
88275.862
97215.19
147692.308
74563.107
85333.333
86292.135
87272.727
88275.862
86292.135
90352.941
98461.538
79175.258
91428.571
87272.727
88275.862
90352.941
87272.727
108169.014
76039.604
90352.941
98461.538
150588.235
73846.154
86292.135
87272.727
87272.727
87272.727
90352.941
87272.727
87272.727
108169.014
78367.347
87272.727
97215.19
150588.235
74563.107
84395.604
86292.135
88275.862
89302.326
87272.727
89302.326
89302.326
111304.348
75294.118
89302.326
87272.727
87272.727
90352.941
108169.014
76800.0
87272.727
97215.19
147692.308
74563.107
83478.261
89302.326
116363.636
74563.107
86292.135
89302.326
89302.326
88275.862
89302.326
125901.639
73846.154
85333.333
89302.326
139636.364
134736.842
156734.694
73142.857
86292.135
87272.727
87272.727
89302.326
88275.862
144905.66
73142.857
86292.135
87272.727
87272.727
89302.326
89302.326
88275.862
88275.862
89302.326
89302.326
88275.862
90352.941
89302.326
106666.667
99740.26
75294.118
88275.862
88275.862
88275.862
90352.941
87272.727
89302.326
90352.941
88275.862
94814.815
82580.645
89302.326
87272.727
89302.326
89302.326
88275.862
89302.326
89302.326
88275.862
88275.862
89302.326
88275.862
87272.727
89302.326
88275.862
92530.12
82580.645
89302.326
88275.862
88275.862
90352.941
87272.727
98461.538
81702.128
88275.862
88275.862
88275.862
90352.941
88275.862
87272.727
89302.326
88275.862
89302.326
87272.727
90352.941
89302.326
87272.727
90352.941
88275.862
89302.326
88275.862
90352.941
89302.326
87272.727
88275.862
89302.326
88275.862
87272.727
90352.941
87272.727
89302.326
87272.727
90352.941
88275.862
89302.326
88275.862
89302.326
89302.326
87272.727
90352.941
89302.326
87272.727
90352.941
88275.862
88275.862
89302.326
90352.941
87272.727
88275.862
123870.968
75294.118
86292.135
87272.727
89302.326
88275.862
88275.862
89302.326
90352.941
88275.862
88275.862
90352.941
88275.862
87272.727
89302.326
90352.941
89302.326
89302.326
89302.326
89302.326
94814.815
82580.645
91428.571
92530.12
82580.645
91428.571
89302.326
88275.862
90352.941
147692.308
73142.857
86292.135
89302.326
88275.862
88275.862
90352.941
89302.326
97215.19
80842.105
90352.941
92530.12
147692.308
74563.107
86292.135
87272.727
86292.135
90352.941
106666.667
77575.758
88275.862
88275.862
90352.941
88275.862
89302.326
86292.135
91428.571
88275.862
88275.862
89302.326
88275.862
87272.727
89302.326
88275.862
88275.862
90352.941
88275.862
87272.727
91428.571
86292.135
102400.0
80000.0
86292.135
87272.727
88275.862
90352.941
88275.862
87272.727
91428.571
83478.261
89302.326
86292.135
90352.941
87272.727
87272.727
90352.941
88275.862
88275.862
88275.862
88275.862
87272.727
89302.326
86292.135
90352.941
87272.727
87272.727
88275.862
88275.862
87272.727
90352.941
88275.862
91428.571
83478.261
90352.941
87272.727
89302.326
87272.727
89302.326
87272.727
88275.862
87272.727
89302.326
86292.135
91428.571
88275.862
87272.727
88275.862
90352.941
88275.862
91428.571
147692.308
73142.857
85333.333
87272.727
88275.862
88275.862
87272.727
90352.941
87272.727
87272.727
90352.941
88275.862
87272.727
91428.571
87272.727
90352.941
87272.727
88275.862
87272.727
90352.941
87272.727
88275.862
88275.862
90352.941
86292.135
90352.941
86292.135
88275.862
88275.862
89302.326
121904.762
71775.701
87272.727
86292.135
87272.727
89302.326
132413.793
105205.479
70458.716
84395.604
85333.333
88275.862
87272.727
87272.727
137142.857
137142.857
160000.0
73142.857
82580.645
86292.135
85333.333
86292.135
87272.727
88275.862
86292.135
89302.326
87272.727
86292.135
88275.862
87272.727
88275.862
86292.135
86292.135
90352.941
86292.135
87272.727
86292.135
89302.326
85333.333
88275.862
87272.727
86292.135
89302.326
86292.135
87272.727
86292.135
89302.326
86292.135
88275.862
87272.727
89302.326
86292.135
89302.326
87272.727
86292.135
88275.862
87272.727
87272.727
87272.727
87272.727
87272.727
89302.326
87272.727
89302.326
85333.333
89302.326
85333.333
120000.0
73142.857
84395.604
87272.727
89302.326
85333.333
91428.571
83478.261
89302.326
85333.333
88275.862
88275.862
90352.941
84395.604
91428.571
87272.727
134736.842
105205.479
69818.182
83478.261
86292.135
88275.862
87272.727
87272.727
86292.135
90352.941
87272.727
86292.135
89302.326
88275.862
88275.862
87272.727
90352.941
86292.135
89302.326
86292.135
89302.326
85333.333
89302.326
86292.135
89302.326
87272.727
87272.727
89302.326
87272.727
88275.862
88275.862
86292.135
88275.862
88275.862
86292.135
88275.862
128000.0
72452.83
84395.604
86292.135
89302.326
86292.135
87272.727
90352.941
87272.727
89302.326
105205.479
77575.758
87272.727
86292.135
90352.941
86292.135
89302.326
89302.326
88275.862
88275.862
89302.326
85333.333
90352.941
86292.135
89302.326
88275.862
88275.862
88275.862
89302.326
86292.135
88275.862
88275.862
86292.135
87272.727
89302.326
86292.135
88275.862
96000.0
97215.19
76800.0
89302.326
89302.326
85333.333
89302.326
88275.862
88275.862
86292.135
89302.326
88275.862
147692.308
71111.111
86292.135
86292.135
86292.135
88275.862
88275.862
89302.326
86292.135
90352.941
86292.135
88275.862
89302.326
88275.862
86292.135
89302.326
88275.862
87272.727
89302.326
87272.727
90352.941
86292.135
88275.862
89302.326
89302.326
87272.727
89302.326
90352.941
86292.135
89302.326
92530.12
83478.261
89302.326
87272.727
90352.941
86292.135
88275.862
88275.862
89302.326
88275.862
87272.727
90352.941
86292.135
89302.326
86292.135
89302.326
88275.862
91428.571
83478.261
88275.862
87272.727
142222.222
103783.784
69818.182
83478.261
87272.727
86292.135
87272.727
87272.727
89302.326
85333.333
97215.19
80842.105
84395.604
88275.862
88275.862
88275.862
85333.333
88275.862
89302.326
123870.968
71111.111
84395.604
88275.862
85333.333
88275.862
88275.862
88275.862
102400.0
76800.0
89302.326
83478.261
90352.941
88275.862
86292.135
88275.862
89302.326
87272.727
89302.326
87272.727
92530.12
83478.261
87272.727
87272.727
87272.727
87272.727
87272.727
105205.479
74563.107
87272.727
86292.135
87272.727
86292.135
87272.727
86292.135
105205.479
74563.107
87272.727
87272.727
84395.604
87272.727
87272.727
88275.862
87272.727
90352.941
88275.862
88275.862
89302.326
89302.326
86292.135
105205.479
150588.235
74563.107
82580.645
89302.326
87272.727
87272.727
88275.862
123870.968
92530.12
147692.308
116363.636
67964.602
83478.261
81702.128
90352.941
86292.135
87272.727
88275.862
86292.135
86292.135
86292.135
91428.571
85333.333
86292.135
86292.135
88275.862
87272.727
89302.326
85333.333
87272.727
86292.135
89302.326
88275.862
86292.135
86292.135
89302.326
87272.727
86292.135
88275.862
130169.492
105205.479
68571.429
84395.604
85333.333
86292.135
88275.862
85333.333
88275.862
102400.0
78367.347
87272.727
89302.326
85333.333
88275.862
88275.862
88275.862
86292.135
87272.727
89302.326
99740.26
78367.347
89302.326
89302.326
87272.727
88275.862
88275.862
88275.862
123870.968
71111.111
85333.333
86292.135
87272.727
87272.727
88275.862
86292.135
88275.862
123870.968
71775.701
83478.261
89302.326
86292.135
87272.727
89302.326
87272.727
87272.727
90352.941
85333.333
83478.261
89302.326
