75294.118
43146.067
82580.645
44137.931
84395.604
41967.213
57744.361
58625.954
56888.889
60472.441
64000.0
121904.762
111304.348
63471.074
63471.074
196923.077
89302.326
59534.884
59076.923
59076.923
144905.66
99740.26
79175.258
96000.0
98461.538
89302.326
45714.286
56888.889
47701.863
56888.889
47116.564
81702.128
43146.067
60472.441
57313.433
62439.024
51200.0
55251.799
58181.818
58181.818
53333.333
56470.588
56470.588
57313.433
56470.588
57313.433
56470.588
56888.889
58625.954
59534.884
60000.0
61935.484
60952.381
60000.0
58181.818
55652.174
75294.118
78367.347
49870.13
49230.769
49548.387
51543.624
52965.517
69189.189
43389.831
65084.746
53706.294
60000.0
56470.588
57313.433
58181.818
57313.433
57313.433
57313.433
56888.889
57313.433
57313.433
55652.174
57313.433
57313.433
56470.588
56470.588
58181.818
57313.433
58181.818
56470.588
56470.588
57313.433
56470.588
55652.174
57313.433
56058.394
56470.588
55652.174
56470.588
56058.394
56470.588
56058.394
54857.143
56470.588
72452.83
39792.746
59076.923
56888.889
53706.294
56470.588
55652.174
55251.799
54857.143
56058.394
56888.889
56058.394
56058.394
56058.394
57313.433
56470.588
55652.174
58625.954
56058.394
58181.818
59534.884
59076.923
60000.0
57313.433
57744.361
55652.174
56470.588
57744.361
56470.588
57744.361
56470.588
58625.954
58625.954
56470.588
56058.394
56470.588
54857.143
55251.799
55251.799
54468.085
55251.799
54857.143
55652.174
55652.174
57744.361
54468.085
54468.085
57313.433
121904.762
39183.673
58625.954
61935.484
57744.361
57313.433
57744.361
56888.889
57313.433
58181.818
56888.889
67964.602
52965.517
46265.06
58625.954
57744.361
56058.394
56888.889
56470.588
56470.588
57744.361
57313.433
58181.818
56058.394
57313.433
56470.588
56470.588
57313.433
55652.174
55652.174
57313.433
55251.799
56470.588
56888.889
55652.174
57744.361
56470.588
56470.588
57313.433
55251.799
56058.394
56470.588
55251.799
56470.588
56888.889
62439.024
50196.078
56470.588
58181.818
58181.818
57744.361
56888.889
56058.394
56470.588
55251.799
56888.889
55652.174
56470.588
58625.954
56058.394
56470.588
56470.588
57744.361
56058.394
56888.889
56888.889
134736.842
38400.0
52244.898
56470.588
56058.394
57313.433
56888.889
57744.361
57744.361
57313.433
56470.588
56888.889
56888.889
55652.174
56470.588
55652.174
56058.394
56888.889
56058.394
97215.19
43636.364
50860.927
56888.889
56888.889
56888.889
56888.889
56470.588
55652.174
56058.394
56470.588
54468.085
57313.433
55652.174
56470.588
56058.394
56888.889
56058.394
57313.433
56470.588
56888.889
56470.588
56058.394
56888.889
56470.588
56058.394
56888.889
55652.174
56888.889
56470.588
56058.394
55652.174
56888.889
56470.588
56058.394
56888.889
56058.394
56888.889
57744.361
56470.588
57744.361
56470.588
56888.889
57744.361
56058.394
59534.884
54857.143
56058.394
57744.361
56058.394
57744.361
56058.394
55251.799
57313.433
56058.394
55652.174
56888.889
55251.799
58181.818
56888.889
56470.588
56888.889
56058.394
56470.588
57313.433
57313.433
57313.433
57313.433
56470.588
57744.361
56470.588
57313.433
57744.361
54857.143
56470.588
55652.174
54857.143
56058.394
55251.799
57313.433
56888.889
56470.588
56470.588
56058.394
55251.799
55652.174
56058.394
56058.394
55251.799
56888.889
56470.588
93658.537
41739.13
50860.927
58625.954
80842.105
40634.921
59076.923
56058.394
55251.799
57313.433
54857.143
56058.394
55251.799
54857.143
54468.085
54084.507
54857.143
53333.333
53706.294
55251.799
54857.143
55652.174
55652.174
54468.085
55251.799
55652.174
54857.143
54857.143
55652.174
54084.507
54468.085
55251.799
54857.143
56058.394
85333.333
41739.13
54857.143
60952.381
55251.799
59534.884
73142.857
52602.74
58625.954
59076.923
59076.923
57744.361
59076.923
57744.361
59076.923
56888.889
108169.014
40209.424
57313.433
59534.884
56058.394
54857.143
56470.588
55251.799
55251.799
52965.517
52602.74
52244.898
51543.624
51891.892
53706.294
32268.908
57744.361
58625.954
61440.0
50860.927
50860.927
55652.174
54857.143
57313.433
55251.799
55652.174
55652.174
54084.507
55251.799
54857.143
51891.892
58625.954
50860.927
32542.373
58181.818
59076.923
56058.394
58181.818
55251.799
56058.394
52602.74
53333.333
56470.588
54468.085
57313.433
86292.135
47116.564
35068.493
59076.923
60472.441
60472.441
60000.0
60000.0
59076.923
37647.059
54084.507
58625.954
59076.923
59534.884
59076.923
60952.381
57744.361
58625.954
59076.923
58625.954
59534.884
57744.361
99740.26
42905.028
58181.818
61440.0
60000.0
60000.0
93658.537
45988.024
59076.923
61935.484
60000.0
59534.884
59534.884
59534.884
59534.884
139636.364
38984.772
55652.174
60000.0
58625.954
58625.954
57744.361
56058.394
58181.818
108169.014
39384.615
56888.889
59076.923
57744.361
59534.884
105205.479
51891.892
57313.433
57313.433
57744.361
56888.889
57313.433
55652.174
116363.636
38019.802
52244.898
58625.954
55652.174
57313.433
56888.889
59534.884
57744.361
57744.361
58181.818
57744.361
58625.954
87272.727
46829.268
64000.0
53706.294
57744.361
59534.884
58181.818
59534.884
57313.433
58625.954
57313.433
134736.842
39384.615
54468.085
59076.923
56470.588
57744.361
57744.361
56888.889
57744.361
58625.954
58181.818
93658.537
42666.667
56470.588
59534.884
57313.433
59534.884
57744.361
57744.361
109714.286
39792.746
66206.897
51200.0
73846.154
333913.043
54857.143
67368.421
50196.078
67368.421
1280000.0
45443.787
75294.118
44912.281
74563.107
43636.364
85333.333
44912.281
60952.381
83478.261
65084.746
38019.802
33982.301
56470.588
57744.361
56470.588
59076.923
62439.024
54084.507
62950.82
50860.927
62439.024
52602.74
61440.0
89302.326
38592.965
75294.118
41290.323
81702.128
43146.067
84395.604
41739.13
59076.923
51200.0
68571.429
39587.629
69189.189
40851.064
59076.923
55652.174
54084.507
54857.143
56058.394
57313.433
57744.361
59534.884
57744.361
57744.361
77575.758
46265.06
58625.954
57313.433
56058.394
54857.143
55251.799
54084.507
52602.74
54084.507
52602.74
53333.333
53706.294
52602.74
54857.143
54857.143
56888.889
43636.364
42197.802
54857.143
52965.517
48917.197
67368.421
44137.931
51200.0
57744.361
57744.361
42197.802
84395.604
45176.471
52965.517
60472.441
57744.361
50860.927
71775.701
51200.0
59534.884
59076.923
55652.174
52965.517
43389.831
56470.588
48000.0
39792.746
70458.716
37463.415
64537.815
39183.673
64537.815
39587.629
65084.746
38787.879
64537.815
40209.424
67368.421
39587.629
65641.026
39587.629
66206.897
40209.424
66782.609
40421.053
67368.421
39792.746
66206.897
48607.595
52602.74
58181.818
55251.799
137142.857
38208.955
50196.078
57313.433
56058.394
56888.889
57313.433
56058.394
55652.174
57313.433
57313.433
58625.954
60472.441
56058.394
57744.361
55652.174
54857.143
55652.174
55652.174
55251.799
56058.394
56058.394
56470.588
55652.174
108169.014
39384.615
53333.333
109714.286
40000.0
57744.361
60000.0
60952.381
59076.923
103783.784
40000.0
53333.333
56888.889
53706.294
52244.898
50526.316
48301.887
47407.407
49230.769
47701.863
49870.13
55652.174
38400.0
61935.484
49548.387
70458.716
45714.286
80842.105
48301.887
69189.189
44393.064
71111.111
40851.064
61440.0
46829.268
57313.433
50526.316
70458.716
54857.143
39384.615
56058.394
56058.394
54857.143
56058.394
55251.799
57744.361
51891.892
53706.294
93658.537
40209.424
56058.394
54857.143
33982.301
57744.361
57313.433
56058.394
56058.394
55652.174
56888.889
56888.889
320000.0
66782.609
58625.954
56058.394
58181.818
307200.0
71111.111
58181.818
57313.433
106666.667
39587.629
57313.433
58625.954
58181.818
57744.361
59076.923
57744.361
58625.954
58625.954
58625.954
68571.429
53333.333
57744.361
59534.884
65641.026
55652.174
97215.19
44651.163
74563.107
55251.799
59534.884
60952.381
76039.604
53706.294
60472.441
57744.361
73846.154
53706.294
66206.897
55652.174
79175.258
55251.799
60000.0
61440.0
61935.484
76800.0
56888.889
61935.484
60000.0
73846.154
56888.889
64000.0
59076.923
60952.381
60000.0
60952.381
60472.441
128000.0
40634.921
57744.361
59076.923
60000.0
60952.381
139636.364
41069.519
59076.923
61935.484
61935.484
61440.0
61440.0
60952.381
60952.381
61935.484
125901.639
44137.931
59076.923
62439.024
60952.381
65084.746
59534.884
61440.0
295384.615
68571.429
52244.898
73142.857
51543.624
247741.935
73846.154
74563.107
51543.624
65084.746
55251.799
70458.716
54084.507
71111.111
53706.294
74563.107
52244.898
57744.361
58625.954
56888.889
59534.884
59076.923
58181.818
68571.429
46829.268
73846.154
49548.387
78367.347
50526.316
58181.818
57313.433
59076.923
80842.105
52602.74
70458.716
51543.624
74563.107
50860.927
80842.105
52602.74
58625.954
54084.507
59534.884
54084.507
69818.182
49870.13
77575.758
48607.595
66206.897
49230.769
55251.799
57744.361
58181.818
123870.968
39792.746
58625.954
60000.0
59534.884
59534.884
59076.923
58625.954
57744.361
57744.361
56058.394
56058.394
57744.361
58181.818
64000.0
56888.889
66782.609
55251.799
58181.818
59076.923
59076.923
58625.954
76039.604
45714.286
79175.258
49870.13
70458.716
51543.624
68571.429
51200.0
73142.857
51200.0
72452.83
81702.128
43885.714
56470.588
58625.954
55251.799
57744.361
58625.954
57744.361
57313.433
57313.433
58181.818
55652.174
54468.085
56470.588
57744.361
58181.818
57744.361
58625.954
59076.923
59076.923
60000.0
62439.024
56888.889
60000.0
59076.923
60000.0
58625.954
58181.818
58625.954
57744.361
57744.361
58181.818
120000.0
38984.772
61935.484
53706.294
56470.588
57313.433
56470.588
68571.429
49548.387
71775.701
49230.769
69818.182
50860.927
67964.602
50196.078
66206.897
51200.0
66206.897
52244.898
65084.746
53706.294
65084.746
55652.174
60472.441
56888.889
65084.746
54857.143
57744.361
56470.588
57313.433
56888.889
58625.954
57313.433
57744.361
106666.667
44651.163
48000.0
72452.83
44137.931
74563.107
49230.769
54084.507
58625.954
96000.0
33832.599
53333.333
59076.923
59534.884
61935.484
61440.0
60472.441
60952.381
60952.381
59534.884
60000.0
59534.884
59076.923
58625.954
57744.361
58181.818
58625.954
56888.889
58181.818
58625.954
58625.954
59076.923
71775.701
54468.085
74563.107
50196.078
65641.026
47701.863
74563.107
43146.067
80000.0
46829.268
77575.758
47116.564
76800.0
42666.667
86292.135
45714.286
73846.154
42666.667
85333.333
43885.714
69189.189
44912.281
82580.645
46265.06
59076.923
54084.507
69818.182
46265.06
83478.261
47701.863
76800.0
48000.0
52602.74
65641.026
40209.424
60472.441
50860.927
51891.892
53706.294
55251.799
54468.085
52602.74
51543.624
52602.74
53706.294
65641.026
39587.629
66206.897
39587.629
78367.347
39384.615
61440.0
58625.954
60952.381
61440.0
57313.433
56470.588
55251.799
87272.727
45988.024
46545.455
56470.588
58181.818
58625.954
57313.433
60000.0
54468.085
62950.82
49870.13
57313.433
56888.889
55652.174
56470.588
55652.174
55251.799
51891.892
62439.024
43146.067
45176.471
52244.898
56058.394
41513.514
58181.818
59534.884
121904.762
37463.415
50860.927
34594.595
66206.897
40421.053
59534.884
55652.174
52602.74
53706.294
55652.174
57313.433
60952.381
57313.433
60000.0
54857.143
56888.889
56058.394
54468.085
57313.433
56058.394
56058.394
55652.174
57313.433
56470.588
56888.889
57313.433
57744.361
57744.361
55652.174
57313.433
56058.394
56888.889
55251.799
56888.889
56470.588
56470.588
55251.799
56470.588
56058.394
60000.0
51891.892
57313.433
57313.433
59076.923
60000.0
60000.0
63471.074
89302.326
112941.176
39792.746
60000.0
59534.884
59534.884
59534.884
60952.381
60000.0
97215.19
40851.064
56058.394
56888.889
52602.74
55251.799
54468.085
54857.143
54468.085
52965.517
53706.294
40851.064
49548.387
56058.394
40851.064
69818.182
48000.0
52244.898
57744.361
57313.433
46265.06
38984.772
52965.517
57313.433
56888.889
57313.433
55251.799
80000.0
47407.407
45714.286
42197.802
118153.846
34594.595
60472.441
60000.0
56888.889
62439.024
51543.624
55652.174
58625.954
58181.818
57744.361
56058.394
57313.433
56470.588
60472.441
52602.74
56888.889
60000.0
60000.0
225882.353
82580.645
60000.0
60472.441
59076.923
116363.636
118153.846
58625.954
59534.884
58181.818
58181.818
90352.941
43636.364
58625.954
61440.0
59076.923
59076.923
106666.667
41069.519
56058.394
59076.923
56888.889
56470.588
54857.143
56470.588
55251.799
55652.174
61440.0
53706.294
57744.361
56470.588
53706.294
121904.762
38592.965
52965.517
67368.421
51200.0
58181.818
57313.433
55652.174
58625.954
59534.884
57744.361
58625.954
57313.433
73142.857
45176.471
56470.588
56888.889
56470.588
60000.0
58625.954
60952.381
59534.884
58625.954
105205.479
39384.615
52965.517
56470.588
54084.507
54468.085
52244.898
52965.517
51543.624
55251.799
46829.268
52244.898
56470.588
56470.588
56058.394
57744.361
58181.818
57744.361
59076.923
56888.889
54857.143
54084.507
57744.361
51891.892
52602.74
55251.799
40851.064
36226.415
58625.954
59534.884
52965.517
53333.333
55652.174
55251.799
60000.0
55251.799
55652.174
58625.954
54084.507
57313.433
56470.588
58181.818
60472.441
103783.784
59076.923
166956.522
62950.82
62950.82
60472.441
59076.923
264827.586
77575.758
58625.954
59076.923
58625.954
58181.818
56888.889
116363.636
47701.863
41513.514
59076.923
59534.884
58625.954
60472.441
101052.632
61440.0
128000.0
58181.818
60952.381
58181.818
105205.479
144905.66
56888.889
59076.923
61935.484
58625.954
59076.923
59076.923
57313.433
58625.954
114626.866
39384.615
55652.174
61440.0
58181.818
57744.361
56058.394
137142.857
38787.879
54084.507
60000.0
57313.433
57313.433
57744.361
58625.954
57313.433
94814.815
43146.067
58181.818
61440.0
57313.433
58181.818
96000.0
43146.067
58181.818
62439.024
58625.954
59076.923
93658.537
42666.667
57313.433
61440.0
54468.085
59076.923
108169.014
40421.053
61440.0
62950.82
62950.82
59534.884
97215.19
187317.073
56058.394
58625.954
61440.0
59076.923
2560000.0
59076.923
102400.0
42430.939
59076.923
61440.0
59076.923
59534.884
144905.66
38592.965
56058.394
61440.0
57744.361
59534.884
103783.784
41290.323
59076.923
61935.484
56058.394
56470.588
57313.433
56470.588
60472.441
58625.954
105205.479
40634.921
56058.394
60952.381
58181.818
59534.884
58625.954
58181.818
56470.588
114626.866
39384.615
59076.923
60952.381
57744.361
58181.818
118153.846
39384.615
55652.174
61935.484
59076.923
58625.954
58625.954
98461.538
42905.028
56888.889
61935.484
106666.667
137142.857
58625.954
102400.0
42430.939
76039.604
219428.571
61440.0
57313.433
58625.954
109714.286
40421.053
57313.433
61440.0
57744.361
97215.19
139636.364
118153.846
112941.176
60472.441
56470.588
61440.0
58181.818
320000.0
69818.182
58625.954
103783.784
41513.514
58181.818
61935.484
57744.361
59534.884
114626.866
40634.921
56888.889
60952.381
59076.923
59534.884
106666.667
41290.323
57744.361
60472.441
225882.353
80842.105
59534.884
112941.176
41513.514
57744.361
61440.0
60472.441
60000.0
105205.479
42430.939
58181.818
61440.0
60000.0
61935.484
103783.784
43146.067
59534.884
62439.024
61935.484
61440.0
58181.818
60000.0
60000.0
59076.923
56888.889
56058.394
116363.636
39183.673
54468.085
61440.0
58625.954
60472.441
61440.0
96000.0
44137.931
64537.815
50196.078
56470.588
56470.588
57744.361
58625.954
109714.286
40421.053
54084.507
60000.0
55652.174
57744.361
55652.174
56470.588
57313.433
102400.0
40000.0
54468.085
60000.0
57313.433
58181.818
59076.923
60000.0
57313.433
96000.0
42197.802
56888.889
60472.441
53333.333
53333.333
53706.294
50860.927
50526.316
47116.564
49870.13
49548.387
49230.769
50860.927
49870.13
49230.769
62439.024
44912.281
47701.863
51543.624
60952.381
39183.673
88275.862
46265.06
51200.0
48000.0
46829.268
61440.0
36571.429
66782.609
60952.381
63471.074
64000.0
98461.538
47116.564
57744.361
64000.0
56888.889
55652.174
112941.176
40000.0
51891.892
57744.361
51200.0
56058.394
56058.394
52602.74
55652.174
49870.13
50526.316
84395.604
106666.667
63471.074
64000.0
51891.892
92530.12
264827.586
65641.026
160000.0
112941.176
66206.897
202105.263
101052.632
65084.746
67368.421
160000.0
111304.348
65641.026
66782.609
62950.82
60952.381
62950.82
92530.12
49870.13
61440.0
66782.609
1280000.0
62950.82
61935.484
96000.0
45176.471
58625.954
62439.024
58181.818
59076.923
59076.923
99740.26
41513.514
59076.923
60952.381
59534.884
59534.884
144905.66
40000.0
83478.261
47116.564
58181.818
59076.923
60000.0
56888.889
94814.815
41739.13
58181.818
60472.441
57744.361
59076.923
134736.842
38787.879
54857.143
61440.0
56888.889
60000.0
57744.361
59076.923
60472.441
103783.784
41513.514
59076.923
61440.0
59534.884
58625.954
144905.66
39183.673
58181.818
61935.484
59076.923
61440.0
96000.0
44912.281
61935.484
62439.024
59534.884
60952.381
58625.954
137142.857
39384.615
57313.433
62439.024
153600.0
96000.0
61935.484
96000.0
44137.931
60472.441
60000.0
60000.0
59534.884
59076.923
99740.26
41290.323
60000.0
61935.484
60472.441
60472.441
144905.66
40421.053
59534.884
60952.381
61440.0
59076.923
101052.632
41290.323
59076.923
59076.923
33982.301
56888.889
56470.588
57313.433
139636.364
38592.965
51891.892
56058.394
57744.361
123870.968
38208.955
74563.107
40421.053
59534.884
58181.818
59076.923
60000.0
63471.074
55652.174
61935.484
53706.294
65084.746
50860.927
67964.602
42905.028
68571.429
48607.595
55652.174
59076.923
56470.588
58181.818
59076.923
33391.304
58625.954
59076.923
58181.818
58181.818
111304.348
45988.024
40000.0
60000.0
57744.361
57744.361
58181.818
56888.889
58625.954
105205.479
39183.673
56888.889
59534.884
57313.433
