52602.74
50196.078
91428.571
37832.512
52965.517
103783.784
36746.411
52244.898
114626.866
37281.553
56058.394
55251.799
55652.174
54857.143
54468.085
54084.507
53706.294
53333.333
52244.898
51543.624
51891.892
51200.0
52965.517
51543.624
52602.74
51200.0
52965.517
51200.0
53706.294
52244.898
53333.333
52965.517
52602.74
51891.892
52965.517
52965.517
54084.507
52602.74
53706.294
52965.517
53333.333
52602.74
52244.898
52244.898
53333.333
52965.517
54468.085
52602.74
53706.294
52602.74
53706.294
52244.898
53333.333
52244.898
52965.517
51891.892
53706.294
51543.624
53706.294
52244.898
52965.517
52602.74
52965.517
51543.624
52244.898
51891.892
53333.333
53706.294
54468.085
52602.74
53706.294
52965.517
52965.517
52965.517
53706.294
52602.74
52965.517
51891.892
52244.898
51543.624
53333.333
52602.74
53706.294
52965.517
53706.294
54468.085
53706.294
52244.898
53706.294
52244.898
52965.517
51891.892
53706.294
51543.624
54084.507
52602.74
52965.517
51543.624
52965.517
52244.898
53333.333
86292.135
38592.965
54084.507
96000.0
39587.629
53706.294
101052.632
39183.673
56058.394
54084.507
56058.394
54084.507
52965.517
53706.294
52965.517
53333.333
52244.898
99740.26
36746.411
54857.143
92530.12
40000.0
54857.143
56470.588
55251.799
54857.143
54468.085
52965.517
53333.333
51543.624
53706.294
51891.892
53333.333
52602.74
52602.74
50526.316
52602.74
50196.078
52602.74
90352.941
37463.415
51543.624
118153.846
80000.0
65084.746
54468.085
54857.143
52602.74
53333.333
51891.892
53333.333
52244.898
94814.815
36923.077
51891.892
116363.636
80000.0
64537.815
116363.636
36746.411
55652.174
54857.143
55652.174
54857.143
56058.394
54468.085
54468.085
53333.333
52244.898
53333.333
51891.892
52244.898
51891.892
96000.0
38019.802
53706.294
101052.632
38019.802
52965.517
106666.667
37281.553
54468.085
56058.394
118153.846
36746.411
53706.294
108169.014
38019.802
56470.588
55652.174
54857.143
53333.333
52965.517
52602.74
52602.74
51543.624
51543.624
106666.667
78367.347
61935.484
51543.624
101052.632
35720.93
51891.892
116363.636
80842.105
64537.815
56888.889
55251.799
56888.889
55251.799
54857.143
53706.294
54468.085
52965.517
52244.898
52244.898
52602.74
54468.085
55251.799
55652.174
55251.799
56058.394
53706.294
54084.507
51891.892
53333.333
52244.898
52602.74
50860.927
89302.326
37281.553
51891.892
109714.286
37281.553
57744.361
59534.884
58181.818
56888.889
56058.394
55251.799
54468.085
52244.898
52244.898
51200.0
52602.74
51543.624
54084.507
54857.143
54084.507
54468.085
54468.085
55652.174
55652.174
56888.889
55652.174
54857.143
55652.174
54857.143
55251.799
54468.085
54084.507
53706.294
54084.507
53706.294
52602.74
52602.74
50860.927
53706.294
52244.898
54084.507
53706.294
54084.507
52602.74
54084.507
51891.892
53333.333
51891.892
52602.74
52602.74
53706.294
52965.517
51891.892
51543.624
93658.537
36056.338
52602.74
109714.286
37101.449
55652.174
56058.394
57744.361
56888.889
56888.889
56058.394
56888.889
54857.143
55652.174
54084.507
55251.799
53706.294
54084.507
54468.085
53706.294
54084.507
55251.799
53333.333
54084.507
52965.517
54857.143
52965.517
54084.507
52965.517
53706.294
52965.517
54468.085
53333.333
54857.143
54084.507
55652.174
54857.143
56058.394
55652.174
57313.433
57313.433
58181.818
59076.923
59534.884
56058.394
56058.394
56058.394
55251.799
56470.588
55251.799
56470.588
54468.085
55652.174
54468.085
55251.799
53706.294
55251.799
54084.507
55652.174
54468.085
55251.799
53706.294
55251.799
52965.517
54084.507
51891.892
53706.294
51543.624
54084.507
54084.507
54468.085
52965.517
54084.507
52965.517
54084.507
53333.333
54857.143
52602.74
54468.085
52965.517
52965.517
51200.0
52244.898
50860.927
52244.898
51543.624
101052.632
36571.429
53333.333
102400.0
37281.553
52244.898
111304.348
37281.553
56058.394
55251.799
56470.588
54468.085
53706.294
49548.387
50196.078
109714.286
78367.347
60952.381
112941.176
35068.493
50860.927
53333.333
53333.333
52602.74
54084.507
51891.892
52602.74
52965.517
53333.333
52965.517
53333.333
53706.294
53333.333
52602.74
52244.898
51543.624
51543.624
51200.0
52244.898
51543.624
106666.667
35720.93
54468.085
55652.174
118153.846
37463.415
55652.174
56470.588
57313.433
55251.799
54857.143
52602.74
52244.898
93658.537
35555.556
49870.13
52965.517
52965.517
54084.507
53706.294
53706.294
52602.74
53333.333
52244.898
52244.898
50860.927
52244.898
51891.892
52244.898
51891.892
51543.624
102400.0
35391.705
52602.74
111304.348
79175.258
66782.609
54468.085
56058.394
55251.799
54857.143
54084.507
51891.892
50526.316
106666.667
35068.493
52602.74
111304.348
77575.758
65084.746
54468.085
53706.294
52965.517
52244.898
51543.624
50860.927
52244.898
51891.892
52602.74
52244.898
52244.898
96000.0
37281.553
52965.517
108169.014
37101.449
54857.143
56058.394
118153.846
37647.059
56888.889
57744.361
56888.889
55652.174
54857.143
54084.507
52965.517
53333.333
52244.898
52965.517
52244.898
86292.135
39183.673
54084.507
97215.19
38592.965
52965.517
111304.348
37647.059
55652.174
57744.361
56058.394
57744.361
56058.394
56470.588
54857.143
53706.294
53333.333
52602.74
53333.333
53333.333
53333.333
52602.74
53706.294
52602.74
54084.507
52965.517
53706.294
52965.517
54084.507
67964.602
264827.586
320000.0
68571.429
101052.632
142222.222
232727.273
83478.261
61935.484
240000.0
240000.0
132413.793
63471.074
61935.484
62950.82
61440.0
64537.815
64000.0
63471.074
65084.746
64000.0
65641.026
65084.746
65084.746
65641.026
65641.026
66782.609
66206.897
66782.609
66206.897
65641.026
65641.026
64537.815
63471.074
64000.0
62439.024
63471.074
62439.024
64000.0
64537.815
64537.815
63471.074
64000.0
65084.746
65641.026
65641.026
67368.421
66782.609
66782.609
65641.026
65084.746
62950.82
62950.82
63471.074
62950.82
62439.024
62950.82
65641.026
66206.897
65641.026
65084.746
65641.026
65084.746
64537.815
65084.746
65084.746
65641.026
66782.609
67964.602
66206.897
67368.421
67368.421
67368.421
65641.026
66782.609
66782.609
64537.815
65641.026
66206.897
66206.897
66206.897
67368.421
65641.026
65641.026
65641.026
66206.897
67368.421
66782.609
67964.602
66206.897
67368.421
66782.609
68571.429
67964.602
68571.429
67368.421
67368.421
67964.602
66782.609
67964.602
67368.421
67368.421
66782.609
66782.609
67964.602
66782.609
67368.421
66782.609
66782.609
66206.897
65084.746
66206.897
66206.897
66206.897
66782.609
67368.421
66782.609
67964.602
67368.421
67368.421
67368.421
66782.609
67964.602
67368.421
67964.602
68571.429
67964.602
68571.429
68571.429
68571.429
67964.602
67964.602
67368.421
66782.609
66206.897
67368.421
66782.609
67368.421
66782.609
67964.602
67368.421
67964.602
67368.421
67368.421
67368.421
67368.421
67368.421
66782.609
65641.026
63471.074
65084.746
64000.0
61935.484
61440.0
61935.484
63471.074
63471.074
64000.0
66206.897
66206.897
65641.026
65084.746
64000.0
65641.026
65641.026
65084.746
66206.897
65084.746
65641.026
65641.026
65084.746
65641.026
64537.815
65641.026
66782.609
66206.897
66782.609
66782.609
67368.421
67368.421
67964.602
66782.609
66782.609
66206.897
65641.026
66782.609
66206.897
66782.609
66782.609
66206.897
67368.421
67368.421
67368.421
67964.602
67964.602
67964.602
67964.602
68571.429
67964.602
69189.189
69189.189
69818.182
69818.182
69818.182
70458.716
70458.716
70458.716
69818.182
68571.429
69818.182
69189.189
68571.429
69189.189
68571.429
69189.189
69818.182
69189.189
70458.716
69818.182
71111.111
70458.716
70458.716
71111.111
70458.716
70458.716
71111.111
70458.716
70458.716
71111.111
69818.182
71111.111
69818.182
69818.182
69189.189
68571.429
68571.429
67964.602
69189.189
68571.429
68571.429
69189.189
69189.189
69818.182
69189.189
69818.182
69818.182
70458.716
69818.182
69189.189
68571.429
67964.602
68571.429
68571.429
68571.429
68571.429
69189.189
69189.189
69818.182
69818.182
69818.182
69818.182
69818.182
68571.429
69818.182
69189.189
69189.189
69189.189
67964.602
69189.189
66782.609
67964.602
67368.421
67368.421
66782.609
66782.609
67368.421
66782.609
67368.421
66782.609
66782.609
67964.602
67964.602
67368.421
67964.602
66782.609
68571.429
67964.602
68571.429
67368.421
69189.189
68571.429
68571.429
69189.189
69189.189
69189.189
68571.429
68571.429
68571.429
67964.602
68571.429
67964.602
66782.609
67368.421
65641.026
66206.897
66206.897
66206.897
65641.026
65641.026
65084.746
65084.746
64537.815
64537.815
64537.815
64537.815
65084.746
65084.746
66206.897
65084.746
66782.609
65641.026
65641.026
64537.815
65641.026
63471.074
64537.815
64537.815
65084.746
65641.026
65084.746
65641.026
65084.746
66782.609
66206.897
66206.897
66206.897
65084.746
66206.897
64537.815
65641.026
65084.746
64000.0
63471.074
61440.0
62950.82
61440.0
61440.0
60952.381
60472.441
60472.441
60472.441
61440.0
61440.0
62950.82
62439.024
63471.074
63471.074
62439.024
62950.82
62439.024
62439.024
61935.484
62439.024
62439.024
62950.82
64000.0
63471.074
64000.0
62950.82
64000.0
62950.82
63471.074
62950.82
62439.024
63471.074
61935.484
63471.074
62439.024
64000.0
62950.82
65084.746
64000.0
63471.074
62950.82
61935.484
64000.0
63471.074
64537.815
64000.0
64000.0
66206.897
65084.746
65641.026
66206.897
247741.935
88275.862
67368.421
67368.421
67368.421
67964.602
67964.602
67368.421
66782.609
66206.897
67368.421
67368.421
67368.421
66206.897
66782.609
67368.421
66206.897
66782.609
67964.602
68571.429
69818.182
69189.189
69189.189
70458.716
69818.182
69189.189
70458.716
69189.189
70458.716
68571.429
93658.537
247741.935
67964.602
69189.189
118153.846
384000.0
284444.444
69818.182
96000.0
349090.909
1536000.0
70458.716
71111.111
121904.762
174545.455
71111.111
106666.667
202105.263
71775.701
70458.716
72452.83
71111.111
71111.111
71111.111
71775.701
120000.0
53706.294
76800.0
64000.0
70458.716
72452.83
73142.857
73846.154
116363.636
51891.892
69818.182
153600.0
144905.66
74563.107
73846.154
114626.866
51891.892
70458.716
71775.701
73142.857
73846.154
111304.348
53706.294
71111.111
74563.107
118153.846
53333.333
70458.716
74563.107
125901.639
66782.609
232727.273
71775.701
74563.107
112941.176
73142.857
232727.273
73142.857
144905.66
156734.694
207567.568
120000.0
76039.604
77575.758
295384.615
174545.455
60472.441
102400.0
61935.484
75294.118
94814.815
480000.0
77575.758
79175.258
76800.0
76800.0
76800.0
120000.0
202105.263
75294.118
76039.604
163404.255
768000.0
166956.522
75294.118
76039.604
125901.639
202105.263
75294.118
91428.571
480000.0
75294.118
114626.866
55652.174
74563.107
96000.0
118153.846
120000.0
121904.762
121904.762
121904.762
120000.0
116363.636
111304.348
106666.667
112941.176
106666.667
106666.667
62439.024
72452.83
72452.83
73846.154
132413.793
48917.197
70458.716
72452.83
74563.107
73142.857
112941.176
53706.294
71111.111
73846.154
130169.492
49548.387
71111.111
72452.83
73846.154
72452.83
116363.636
50860.927
69818.182
71775.701
72452.83
72452.83
134736.842
47116.564
70458.716
71775.701
72452.83
73142.857
137142.857
48000.0
70458.716
73846.154
74563.107
74563.107
75294.118
74563.107
71775.701
71775.701
71111.111
69189.189
70458.716
67964.602
69189.189
69818.182
69189.189
69818.182
69189.189
69189.189
68571.429
68571.429
68571.429
67368.421
69189.189
68571.429
67964.602
69189.189
67964.602
68571.429
69189.189
67964.602
68571.429
68571.429
68571.429
67964.602
67964.602
68571.429
67368.421
67964.602
67964.602
67368.421
65641.026
67368.421
67368.421
65084.746
66782.609
65641.026
65641.026
65641.026
64537.815
66206.897
66206.897
67368.421
66206.897
67368.421
67368.421
67368.421
67368.421
67368.421
66782.609
67368.421
66782.609
67964.602
68571.429
68571.429
67964.602
66782.609
67964.602
66782.609
67964.602
67368.421
65641.026
67964.602
66782.609
66782.609
65641.026
160000.0
240000.0
207567.568
67964.602
137142.857
134736.842
70458.716
70458.716
121904.762
240000.0
590769.231
70458.716
71111.111
70458.716
71775.701
69818.182
132413.793
45714.286
68571.429
68571.429
68571.429
70458.716
67964.602
69189.189
67964.602
67964.602
67964.602
67368.421
67368.421
67368.421
67964.602
67964.602
67368.421
66206.897
64537.815
65084.746
64000.0
65641.026
65084.746
65084.746
64000.0
66782.609
65084.746
65084.746
66206.897
65084.746
66782.609
66206.897
64537.815
65084.746
63471.074
64537.815
63471.074
64000.0
63471.074
63471.074
64537.815
64537.815
65084.746
65084.746
65084.746
65084.746
65084.746
65084.746
64000.0
64000.0
63471.074
64000.0
61935.484
64537.815
62950.82
63471.074
63471.074
62439.024
64537.815
62439.024
62439.024
62950.82
63471.074
62439.024
62439.024
63471.074
61935.484
64000.0
61440.0
62950.82
61440.0
62439.024
62950.82
63471.074
62439.024
62439.024
61935.484
61935.484
64000.0
62439.024
64000.0
64000.0
62950.82
62439.024
62950.82
62439.024
61935.484
62950.82
61440.0
62950.82
61935.484
62439.024
64000.0
62439.024
62950.82
62950.82
62950.82
62950.82
62950.82
62950.82
61440.0
64000.0
62439.024
64000.0
63471.074
63471.074
62439.024
61440.0
63471.074
62439.024
64537.815
63471.074
65084.746
64000.0
62950.82
64537.815
62439.024
64537.815
62950.82
62439.024
64000.0
61440.0
64537.815
64000.0
63471.074
64000.0
63471.074
64000.0
64000.0
64537.815
64000.0
62439.024
64000.0
62950.82
64537.815
64537.815
63471.074
65084.746
62950.82
64537.815
64000.0
64000.0
64000.0
62950.82
64537.815
62439.024
64537.815
64000.0
63471.074
64000.0
62950.82
62950.82
63471.074
121904.762
43146.067
62950.82
64537.815
121904.762
43885.714
63471.074
65641.026
120000.0
44912.281
64537.815
65641.026
116363.636
44912.281
61935.484
65641.026
120000.0
43389.831
61440.0
62950.82
65084.746
63471.074
108169.014
44651.163
60952.381
64000.0
62950.82
64000.0
62950.82
62439.024
62950.82
61440.0
64537.815
65084.746
65084.746
65641.026
65641.026
67964.602
64537.815
65084.746
63471.074
65084.746
62439.024
62439.024
62950.82
61440.0
63471.074
60952.381
63471.074
61935.484
62950.82
62439.024
60952.381
62950.82
59534.884
62950.82
60000.0
61440.0
61935.484
60952.381
62950.82
60952.381
61440.0
62439.024
61440.0
62439.024
61440.0
63471.074
61935.484
62950.82
61440.0
62439.024
62439.024
59534.884
62439.024
61440.0
62950.82
61440.0
63471.074
61935.484
62950.82
63471.074
61440.0
62950.82
61935.484
63471.074
61935.484
64537.815
64537.815
64000.0
63471.074
63471.074
64537.815
62950.82
64000.0
63471.074
61935.484
61440.0
60000.0
62439.024
59534.884
60472.441
60952.381
59534.884
60952.381
60472.441
60472.441
60952.381
59534.884
61440.0
59534.884
60952.381
60000.0
61935.484
60952.381
60000.0
61440.0
58625.954
59534.884
60000.0
58625.954
60472.441
60472.441
60000.0
60000.0
59076.923
60952.381
59534.884
60952.381
60952.381
60952.381
61440.0
60472.441
60952.381
60000.0
61440.0
59076.923
62950.82
63471.074
61935.484
64000.0
65084.746
65084.746
65641.026
64000.0
63471.074
64000.0
61440.0
63471.074
60472.441
62439.024
60000.0
61935.484
61935.484
60472.441
60952.381
60000.0
61440.0
60952.381
61440.0
59534.884
60000.0
61935.484
59534.884
61440.0
60472.441
59534.884
60472.441
59534.884
61935.484
59534.884
62950.82
60952.381
61935.484
60472.441
60952.381
59534.884
61440.0
60000.0
59534.884
60952.381
60000.0
61440.0
60000.0
60472.441
59534.884
61440.0
59534.884
60472.441
59534.884
61440.0
59534.884
61440.0
60952.381
60472.441
61935.484
59076.923
61935.484
59534.884
61440.0
60000.0
58625.954
60000.0
59534.884
61440.0
60000.0
61935.484
60472.441
60472.441
59534.884
60952.381
60000.0
59076.923
61440.0
59076.923
61440.0
59076.923
60472.441
59076.923
60472.441
60952.381
59076.923
60952.381
59534.884
61935.484
60000.0
60952.381
60952.381
60952.381
61440.0
60000.0
61440.0
60000.0
61440.0
60472.441
60472.441
60952.381
59076.923
59076.923
58625.954
59534.884
59534.884
60472.441
60000.0
59076.923
60472.441
59076.923
61935.484
60000.0
61935.484
60000.0
61440.0
60472.441
59534.884
62439.024
59534.884
60952.381
60952.381
61935.484
60472.441
61935.484
61440.0
59534.884
61440.0
59534.884
60952.381
59076.923
60472.441
61440.0
60952.381
62439.024
60472.441
62439.024
60472.441
62950.82
60952.381
61935.484
60952.381
60000.0
60952.381
58625.954
60472.441
60000.0
61440.0
60952.381
60952.381
60952.381
59076.923
60472.441
59076.923
59534.884
58625.954
60000.0
60952.381
58625.954
60952.381
59534.884
60952.381
60000.0
60000.0
61935.484
60000.0
61935.484
60952.381
61440.0
60952.381
60000.0
61440.0
59076.923
61440.0
59534.884
60472.441
60952.381
60000.0
61440.0
60472.441
62439.024
109714.286
144905.66
60952.381
120000.0
42905.028
61935.484
63471.074
64000.0
62439.024
62439.024
58625.954
118153.846
42905.028
60472.441
64000.0
61935.484
62439.024
62950.82
60000.0
62439.024
56888.889
64537.815
61935.484
60472.441
61935.484
60472.441
61935.484
60952.381
60472.441
60952.381
56470.588
62950.82
57313.433
62950.82
62439.024
60472.441
60952.381
60472.441
60952.381
61440.0
59534.884
60952.381
60952.381
60952.381
60472.441
57744.361
60472.441
59534.884
59534.884
60472.441
58625.954
60952.381
59076.923
60952.381
60952.381
61440.0
61935.484
60952.381
62439.024
61440.0
63471.074
62439.024
61935.484
61935.484
60000.0
61935.484
60000.0
61440.0
59076.923
60952.381
60472.441
60472.441
61440.0
59076.923
61440.0
58625.954
60952.381
60952.381
60952.381
60952.381
61440.0
61440.0
59534.884
61935.484
60472.441
60000.0
60472.441
60472.441
62439.024
60952.381
61935.484
61440.0
61440.0
62439.024
60952.381
61935.484
60952.381
61935.484
60472.441
58181.818
60000.0
58181.818
60472.441
58625.954
61440.0
60000.0
60472.441
59534.884
59534.884
60952.381
59076.923
60472.441
60000.0
59076.923
59076.923
57744.361
60472.441
58625.954
60952.381
59076.923
60472.441
59076.923
60472.441
58625.954
59076.923
60000.0
58625.954
61440.0
60000.0
61935.484
60472.441
59534.884
60000.0
58181.818
60472.441
60000.0
60472.441
60472.441
60000.0
60000.0
59076.923
59534.884
56888.889
60472.441
59076.923
59534.884
57744.361
60000.0
59076.923
59534.884
60000.0
59534.884
60000.0
59076.923
60952.381
58625.954
61440.0
60000.0
60472.441
59534.884
59076.923
60472.441
60000.0
60952.381
59076.923
60000.0
58181.818
58625.954
60952.381
57744.361
60000.0
59534.884
60000.0
60952.381
57313.433
60472.441
59534.884
59076.923
59076.923
60000.0
60000.0
59076.923
60472.441
59534.884
60472.441
60000.0
59076.923
60000.0
58181.818
61440.0
60952.381
59534.884
60472.441
57744.361
60472.441
59534.884
60472.441
61935.484
60472.441
61440.0
61935.484
62439.024
61440.0
62439.024
56470.588
64000.0
56470.588
60952.381
60472.441
58625.954
59534.884
58181.818
60472.441
60000.0
59076.923
58625.954
57313.433
57744.361
57313.433
