76039.604
73142.857
75294.118
74563.107
73846.154
90352.941
60952.381
76800.0
74563.107
74563.107
116363.636
55652.174
73846.154
73846.154
96000.0
61935.484
74563.107
73142.857
73142.857
72452.83
73142.857
75294.118
73846.154
74563.107
76039.604
73846.154
73142.857
73142.857
75294.118
97215.19
156734.694
65641.026
70458.716
73142.857
72452.83
72452.83
72452.83
73846.154
72452.83
73846.154
121904.762
52965.517
98461.538
59076.923
73142.857
74563.107
74563.107
74563.107
73846.154
76039.604
73846.154
73846.154
73142.857
75294.118
99740.26
62439.024
72452.83
73142.857
73846.154
73846.154
73846.154
76039.604
74563.107
75294.118
73846.154
81702.128
66206.897
108169.014
58181.818
74563.107
73142.857
76039.604
73846.154
73142.857
73142.857
76039.604
74563.107
74563.107
73142.857
73846.154
74563.107
73846.154
76039.604
73846.154
76039.604
73846.154
73846.154
72452.83
73142.857
90352.941
64000.0
73142.857
114626.866
54084.507
73846.154
71775.701
75294.118
75294.118
74563.107
73142.857
73142.857
73846.154
74563.107
75294.118
73846.154
74563.107
74563.107
74563.107
73142.857
71775.701
76800.0
74563.107
73846.154
73846.154
73142.857
74563.107
74563.107
103783.784
111304.348
156734.694
76039.604
73846.154
71775.701
73846.154
73142.857
73846.154
74563.107
73142.857
73846.154
73846.154
74563.107
74563.107
73142.857
75294.118
73142.857
73142.857
72452.83
73846.154
90352.941
63471.074
73846.154
89302.326
63471.074
73142.857
76039.604
90352.941
63471.074
75294.118
72452.83
101052.632
62950.82
71775.701
73142.857
73846.154
74563.107
73846.154
73142.857
76039.604
87272.727
65641.026
73142.857
84395.604
64537.815
74563.107
76039.604
73846.154
73846.154
75294.118
88275.862
62950.82
74563.107
76800.0
75294.118
73846.154
73846.154
94814.815
62950.82
73142.857
74563.107
102400.0
62950.82
73142.857
73846.154
73142.857
73846.154
76039.604
84395.604
65084.746
74563.107
85333.333
65084.746
72452.83
76039.604
92530.12
99740.26
170666.667
49548.387
71111.111
73846.154
71111.111
73142.857
72452.83
73142.857
73846.154
73846.154
73142.857
73142.857
73846.154
73846.154
73846.154
73846.154
74563.107
73846.154
73142.857
72452.83
73846.154
76039.604
73142.857
73142.857
75294.118
73142.857
91428.571
61935.484
73846.154
74563.107
74563.107
72452.83
72452.83
73846.154
73142.857
74563.107
72452.83
93658.537
62439.024
72452.83
71775.701
73846.154
75294.118
74563.107
120000.0
52965.517
73846.154
73846.154
72452.83
71775.701
77575.758
74563.107
74563.107
73846.154
74563.107
73846.154
73846.154
73846.154
73142.857
76800.0
73142.857
73142.857
72452.83
73846.154
75294.118
75294.118
73142.857
74563.107
74563.107
73142.857
71775.701
75294.118
74563.107
73846.154
73142.857
73142.857
73142.857
73142.857
73846.154
73846.154
75294.118
73846.154
73846.154
73142.857
73846.154
73846.154
76800.0
73142.857
74563.107
74563.107
73846.154
73142.857
74563.107
74563.107
76039.604
73142.857
73846.154
75294.118
73846.154
71775.701
73142.857
76800.0
74563.107
73846.154
73142.857
73142.857
74563.107
73846.154
71775.701
76039.604
74563.107
74563.107
73846.154
72452.83
73846.154
73846.154
72452.83
76039.604
74563.107
87272.727
65084.746
74563.107
73846.154
73846.154
75294.118
76039.604
73142.857
76039.604
74563.107
72452.83
73142.857
72452.83
73846.154
76800.0
73142.857
75294.118
74563.107
73846.154
72452.83
73142.857
75294.118
75294.118
73846.154
75294.118
74563.107
73846.154
71775.701
75294.118
76800.0
73846.154
73846.154
74563.107
73846.154
73846.154
73142.857
76039.604
75294.118
74563.107
72452.83
75294.118
73846.154
73142.857
74563.107
75294.118
74563.107
75294.118
73846.154
72452.83
75294.118
74563.107
74563.107
73846.154
75294.118
74563.107
73142.857
73846.154
73846.154
73142.857
73846.154
73142.857
75294.118
74563.107
73142.857
73142.857
73846.154
73142.857
76039.604
73846.154
73846.154
75294.118
73846.154
73142.857
73142.857
73846.154
77575.758
74563.107
73846.154
75294.118
73846.154
73142.857
72452.83
75294.118
77575.758
73846.154
74563.107
76039.604
73846.154
73846.154
72452.83
75294.118
78367.347
73846.154
73846.154
76039.604
73846.154
73142.857
73846.154
75294.118
76800.0
75294.118
73846.154
73142.857
76039.604
73846.154
73142.857
76039.604
75294.118
96000.0
60952.381
73142.857
74563.107
74563.107
73846.154
108169.014
56888.889
76039.604
74563.107
73846.154
73846.154
74563.107
74563.107
72452.83
75294.118
76800.0
74563.107
74563.107
73846.154
74563.107
74563.107
73142.857
73142.857
78367.347
75294.118
73846.154
74563.107
106666.667
56058.394
109714.286
153600.0
86292.135
76800.0
75294.118
74563.107
73142.857
74563.107
74563.107
73846.154
73142.857
77575.758
74563.107
75294.118
73846.154
72452.83
75294.118
74563.107
73142.857
74563.107
76039.604
74563.107
74563.107
73846.154
73846.154
73846.154
74563.107
75294.118
75294.118
74563.107
75294.118
73142.857
73846.154
73846.154
74563.107
109714.286
56470.588
76039.604
75294.118
73142.857
73142.857
75294.118
85333.333
65084.746
76039.604
76039.604
75294.118
74563.107
73142.857
75294.118
74563.107
73142.857
73846.154
77575.758
74563.107
75294.118
73846.154
73846.154
75294.118
73846.154
72452.83
77575.758
75294.118
74563.107
102400.0
60472.441
71775.701
73846.154
71775.701
73846.154
78367.347
74563.107
74563.107
74563.107
74563.107
74563.107
75294.118
73142.857
73846.154
77575.758
75294.118
74563.107
74563.107
74563.107
74563.107
73846.154
73142.857
75294.118
77575.758
74563.107
74563.107
75294.118
74563.107
74563.107
73142.857
72452.83
74563.107
75294.118
75294.118
73846.154
75294.118
75294.118
73846.154
73142.857
74563.107
74563.107
73846.154
118153.846
55251.799
76039.604
74563.107
74563.107
73846.154
80000.0
70458.716
74563.107
73846.154
77575.758
76800.0
74563.107
94814.815
61935.484
75294.118
73142.857
73846.154
76039.604
75294.118
74563.107
73846.154
92530.12
62950.82
73846.154
106666.667
56470.588
103783.784
60000.0
74563.107
73846.154
75294.118
75294.118
72452.83
73846.154
90352.941
65641.026
76039.604
73846.154
75294.118
75294.118
74563.107
72452.83
74563.107
81702.128
69818.182
75294.118
84395.604
67964.602
75294.118
86292.135
64000.0
74563.107
92530.12
64537.815
74563.107
73846.154
94814.815
61935.484
73142.857
71775.701
75294.118
77575.758
74563.107
73846.154
74563.107
73846.154
75294.118
73142.857
73142.857
77575.758
75294.118
73142.857
76039.604
73846.154
73846.154
73142.857
74563.107
76800.0
76039.604
73846.154
73142.857
75294.118
73846.154
72452.83
73142.857
75294.118
76039.604
74563.107
73142.857
75294.118
94814.815
61440.0
71775.701
74563.107
76800.0
73846.154
73846.154
73142.857
74563.107
73846.154
72452.83
73846.154
77575.758
75294.118
73846.154
73846.154
74563.107
74563.107
73142.857
73142.857
77575.758
75294.118
74563.107
97215.19
61440.0
71775.701
73142.857
76039.604
103783.784
61440.0
72452.83
71775.701
73846.154
74563.107
73142.857
75294.118
75294.118
96000.0
62950.82
73142.857
72452.83
73846.154
76800.0
73142.857
76039.604
75294.118
73142.857
73142.857
74563.107
73846.154
77575.758
73846.154
73846.154
93658.537
62439.024
72452.83
73142.857
76039.604
74563.107
118153.846
54084.507
73846.154
73142.857
73142.857
71775.701
77575.758
85333.333
65641.026
74563.107
73846.154
73846.154
73142.857
73142.857
76800.0
89302.326
64537.815
72452.83
74563.107
74563.107
72452.83
72452.83
76800.0
108169.014
56888.889
73142.857
73846.154
74563.107
73846.154
73142.857
74563.107
91428.571
64000.0
74563.107
106666.667
55652.174
74563.107
86292.135
106666.667
52244.898
74563.107
73846.154
73846.154
71775.701
75294.118
92530.12
63471.074
73142.857
118153.846
53706.294
73846.154
72452.83
75294.118
76039.604
74563.107
73142.857
73142.857
75294.118
73142.857
73846.154
76039.604
75294.118
75294.118
73846.154
72452.83
74563.107
74563.107
75294.118
73142.857
75294.118
74563.107
73846.154
82580.645
65084.746
75294.118
75294.118
73846.154
73142.857
86292.135
64537.815
73846.154
76039.604
73846.154
75294.118
74563.107
108169.014
54857.143
74563.107
76039.604
74563.107
73142.857
74563.107
73846.154
74563.107
72452.83
75294.118
76800.0
73846.154
109714.286
55652.174
74563.107
73846.154
73142.857
75294.118
75294.118
74563.107
73142.857
74563.107
74563.107
73142.857
74563.107
74563.107
74563.107
74563.107
109714.286
54468.085
101052.632
58181.818
75294.118
73846.154
75294.118
73846.154
73846.154
72452.83
75294.118
76800.0
74563.107
73142.857
76039.604
74563.107
73846.154
73142.857
75294.118
76039.604
75294.118
73846.154
74563.107
74563.107
73846.154
72452.83
76800.0
75294.118
74563.107
114626.866
153600.0
81702.128
74563.107
114626.866
52965.517
76800.0
74563.107
75294.118
73142.857
108169.014
54857.143
73846.154
76039.604
73142.857
73142.857
75294.118
73846.154
73142.857
72452.83
74563.107
77575.758
73846.154
73142.857
75294.118
74563.107
72452.83
73142.857
76039.604
88275.862
64000.0
73846.154
73142.857
74563.107
73142.857
91428.571
144905.66
50526.316
71111.111
73142.857
71111.111
71775.701
76800.0
73142.857
72452.83
75294.118
73846.154
72452.83
72452.83
76039.604
74563.107
75294.118
73142.857
73846.154
73846.154
72452.83
72452.83
77575.758
83478.261
65641.026
73142.857
73846.154
74563.107
73142.857
73846.154
118153.846
54084.507
74563.107
73142.857
73142.857
73142.857
74563.107
74563.107
73846.154
74563.107
74563.107
72452.83
73142.857
74563.107
76039.604
73846.154
73846.154
89302.326
63471.074
73846.154
71775.701
74563.107
76800.0
73846.154
75294.118
92530.12
62439.024
73142.857
73142.857
76800.0
84395.604
65641.026
74563.107
73846.154
73846.154
71775.701
76039.604
81702.128
68571.429
73846.154
74563.107
91428.571
62950.82
71775.701
74563.107
74563.107
73142.857
72452.83
73846.154
73846.154
73142.857
76039.604
73142.857
75294.118
73846.154
73142.857
71775.701
75294.118
85333.333
66782.609
73142.857
74563.107
91428.571
62439.024
71111.111
73142.857
78367.347
73142.857
73142.857
73846.154
96000.0
61935.484
72452.83
74563.107
73846.154
73142.857
71775.701
74563.107
94814.815
62950.82
72452.83
74563.107
73846.154
73142.857
73142.857
73846.154
73846.154
73142.857
75294.118
78367.347
69818.182
72452.83
114626.866
156734.694
81702.128
73846.154
74563.107
75294.118
73846.154
73846.154
72452.83
74563.107
73846.154
76039.604
72452.83
75294.118
74563.107
72452.83
73142.857
73846.154
77575.758
72452.83
73846.154
89302.326
62950.82
73846.154
71111.111
76800.0
85333.333
65084.746
73846.154
73846.154
73846.154
72452.83
75294.118
84395.604
66782.609
73846.154
72452.83
74563.107
74563.107
75294.118
73142.857
74563.107
94814.815
62950.82
73142.857
73142.857
73846.154
73142.857
74563.107
73846.154
73142.857
73846.154
74563.107
73142.857
74563.107
75294.118
71775.701
73142.857
74563.107
82580.645
67368.421
73846.154
73846.154
90352.941
62439.024
71775.701
76039.604
91428.571
61935.484
73142.857
73846.154
73142.857
73142.857
73846.154
74563.107
87272.727
64537.815
72452.83
73846.154
73846.154
72452.83
75294.118
84395.604
66782.609
74563.107
72452.83
72452.83
74563.107
76039.604
72452.83
73846.154
86292.135
64000.0
73142.857
71775.701
76039.604
87272.727
64000.0
72452.83
73846.154
73846.154
73142.857
75294.118
73846.154
74563.107
73846.154
72452.83
72452.83
74563.107
76039.604
74563.107
73142.857
74563.107
74563.107
74563.107
71775.701
76039.604
75294.118
74563.107
72452.83
71775.701
73846.154
73142.857
73846.154
75294.118
73846.154
75294.118
73846.154
72452.83
73846.154
73142.857
76800.0
73142.857
73846.154
73846.154
73846.154
71775.701
72452.83
74563.107
76039.604
73846.154
73142.857
74563.107
73846.154
73142.857
72452.83
76800.0
74563.107
73846.154
72452.83
73846.154
73142.857
72452.83
75294.118
74563.107
75294.118
73142.857
72452.83
73846.154
73142.857
73846.154
73846.154
73846.154
74563.107
108169.014
54468.085
75294.118
74563.107
121904.762
53333.333
76039.604
73142.857
73846.154
73142.857
74563.107
80000.0
70458.716
73142.857
74563.107
74563.107
72452.83
73846.154
75294.118
74563.107
73846.154
73846.154
71111.111
74563.107
73846.154
75294.118
73142.857
73142.857
73846.154
73846.154
71775.701
71775.701
77575.758
92530.12
60952.381
73142.857
74563.107
73142.857
72452.83
75294.118
88275.862
64537.815
106666.667
55251.799
74563.107
73846.154
76039.604
72452.83
108169.014
147692.308
90352.941
74563.107
71775.701
73846.154
77575.758
103783.784
163404.255
85333.333
75294.118
73142.857
73142.857
73142.857
75294.118
74563.107
74563.107
73142.857
74563.107
73846.154
72452.83
73142.857
108169.014
56888.889
73846.154
73142.857
73846.154
83478.261
65084.746
75294.118
75294.118
74563.107
73142.857
72452.83
74563.107
73142.857
75294.118
73846.154
74563.107
74563.107
74563.107
72452.83
73142.857
75294.118
75294.118
73846.154
73142.857
74563.107
73846.154
72452.83
75294.118
75294.118
74563.107
72452.83
73846.154
74563.107
73142.857
73846.154
73846.154
73846.154
74563.107
71775.701
71775.701
73846.154
73142.857
75294.118
73846.154
74563.107
73846.154
73142.857
72452.83
73846.154
74563.107
76039.604
72452.83
75294.118
73846.154
73846.154
72452.83
72452.83
76800.0
75294.118
73846.154
73142.857
73846.154
73846.154
73846.154
98461.538
61440.0
73846.154
73846.154
106666.667
61935.484
71775.701
72452.83
72452.83
72452.83
73846.154
73142.857
73142.857
71775.701
77575.758
74563.107
72452.83
109714.286
54857.143
73846.154
72452.83
73142.857
76800.0
74563.107
73846.154
73142.857
72452.83
73846.154
72452.83
73846.154
74563.107
72452.83
74563.107
73142.857
72452.83
72452.83
73846.154
90352.941
64000.0
73142.857
114626.866
54084.507
73142.857
71775.701
71775.701
75294.118
74563.107
74563.107
72452.83
73846.154
84395.604
65084.746
73846.154
73846.154
98461.538
62439.024
72452.83
71775.701
71775.701
76039.604
73846.154
73142.857
75294.118
73142.857
73142.857
72452.83
76800.0
84395.604
116363.636
60952.381
71111.111
73142.857
71775.701
101052.632
61935.484
72452.83
72452.83
71775.701
103783.784
55652.174
74563.107
114626.866
53333.333
74563.107
72452.83
71775.701
72452.83
89302.326
64537.815
73846.154
112941.176
53706.294
73846.154
71111.111
73142.857
76039.604
73846.154
73142.857
72452.83
73846.154
73846.154
71775.701
75294.118
92530.12
62950.82
73846.154
73142.857
73846.154
73846.154
76039.604
73142.857
75294.118
86292.135
64000.0
72452.83
75294.118
94814.815
62950.82
72452.83
73846.154
73846.154
72452.83
76800.0
74563.107
74563.107
72452.83
73846.154
73142.857
73846.154
75294.118
73846.154
74563.107
75294.118
72452.83
72452.83
74563.107
76800.0
72452.83
74563.107
75294.118
73142.857
72452.83
73142.857
75294.118
75294.118
74563.107
72452.83
74563.107
73846.154
72452.83
72452.83
76800.0
73846.154
73846.154
72452.83
73846.154
73846.154
73142.857
75294.118
74563.107
74563.107
73846.154
73142.857
71775.701
74563.107
75294.118
73142.857
73846.154
75294.118
72452.83
71775.701
73846.154
73846.154
76039.604
73142.857
74563.107
74563.107
73142.857
71775.701
75294.118
76800.0
73142.857
120000.0
53333.333
73846.154
72452.83
73142.857
75294.118
76039.604
73846.154
105205.479
56058.394
74563.107
96000.0
58625.954
75294.118
102400.0
56888.889
73142.857
73846.154
74563.107
76039.604
73142.857
74563.107
87272.727
109714.286
52244.898
71775.701
92530.12
153600.0
101052.632
73846.154
101052.632
66782.609
61935.484
76039.604
74563.107
75294.118
116363.636
163404.255
80000.0
74563.107
76039.604
93658.537
60472.441
73846.154
90352.941
61440.0
73142.857
75294.118
88275.862
64000.0
76800.0
90352.941
63471.074
76800.0
76800.0
75294.118
74563.107
76800.0
80842.105
71111.111
77575.758
78367.347
103783.784
247741.935
74563.107
73846.154
96000.0
66782.609
76800.0
91428.571
65641.026
38400.0
93658.537
65084.746
76039.604
97215.19
65084.746
76039.604
89302.326
69189.189
96000.0
61440.0
77575.758
76800.0
76039.604
89302.326
67964.602
74563.107
75294.118
92530.12
66782.609
76039.604
92530.12
65641.026
73846.154
78367.347
82580.645
71111.111
77575.758
83478.261
69189.189
80000.0
78367.347
76039.604
76039.604
79175.258
76800.0
77575.758
77575.758
77575.758
76800.0
75294.118
76800.0
77575.758
77575.758
75294.118
77575.758
76800.0
76039.604
74563.107
80842.105
77575.758
76039.604
75294.118
77575.758
75294.118
76800.0
77575.758
73846.154
77575.758
76800.0
73846.154
73142.857
77575.758
79175.258
74563.107
106666.667
59534.884
75294.118
76800.0
76039.604
77575.758
76039.604
76800.0
76800.0
76039.604
73846.154
76800.0
77575.758
76800.0
74563.107
76800.0
75294.118
76039.604
109714.286
56888.889
76800.0
76039.604
73142.857
73846.154
76039.604
72452.83
77575.758
77575.758
76039.604
74563.107
74563.107
76039.604
76800.0
76039.604
75294.118
77575.758
76039.604
72452.83
75294.118
80000.0
75294.118
76039.604
78367.347
75294.118
74563.107
76039.604
79175.258
76800.0
75294.118
74563.107
76800.0
76039.604
73846.154
76039.604
76800.0
76800.0
74563.107
73142.857
76039.604
76039.604
76039.604
73142.857
75294.118
74563.107
73142.857
71111.111
125901.639
52965.517
73846.154
71775.701
69818.182
73142.857
73142.857
71111.111
71111.111
78367.347
75294.118
73142.857
76039.604
75294.118
73846.154
75294.118
77575.758
76800.0
76039.604
76039.604
75294.118
76039.604
77575.758
76039.604
75294.118
75294.118
75294.118
74563.107
73142.857
76039.604
76039.604
75294.118
73846.154
73142.857
74563.107
77575.758
73846.154
73142.857
74563.107
75294.118
71775.701
76039.604
79175.258
71775.701
75294.118
112941.176
163404.255
85333.333
106666.667
166956.522
91428.571
76800.0
74563.107
74563.107
76039.604
76039.604
111304.348
56888.889
76800.0
76800.0
73142.857
75294.118
75294.118
72452.83
75294.118
76800.0
76039.604
73846.154
76039.604
74563.107
76800.0
76800.0
74563.107
74563.107
76800.0
74563.107
112941.176
56888.889
76039.604
75294.118
76039.604
73846.154
72452.83
75294.118
76800.0
74563.107
73846.154
73142.857
109714.286
57313.433
76800.0
76039.604
76800.0
74563.107
73846.154
76039.604
75294.118
76800.0
73846.154
73846.154
76039.604
74563.107
74563.107
76039.604
73846.154
73846.154
75294.118
75294.118
71775.701
72452.83
77575.758
81702.128
68571.429
73142.857
73846.154
75294.118
80000.0
153600.0
128000.0
84395.604
67964.602
73142.857
75294.118
74563.107
120000.0
54468.085
75294.118
74563.107
72452.83
73846.154
106666.667
166956.522
87272.727
76039.604
84395.604
67368.421
74563.107
73142.857
75294.118
79175.258
76039.604
77575.758
75294.118
75294.118
75294.118
76800.0
77575.758
76800.0
76800.0
73846.154
76039.604
76039.604
78367.347
74563.107
74563.107
75294.118
74563.107
74563.107
73142.857
75294.118
76039.604
75294.118
74563.107
73846.154
73846.154
76800.0
75294.118
73846.154
75294.118
80842.105
66206.897
76800.0
76039.604
94814.815
60472.441
76039.604
73846.154
73846.154
76039.604
84395.604
67964.602
73142.857
73846.154
74563.107
77575.758
71775.701
74563.107
74563.107
74563.107
71775.701
73142.857
76039.604
97215.19
62439.024
153600.0
134736.842
73846.154
73846.154
72452.83
76039.604
76039.604
74563.107
73846.154
73846.154
73846.154
74563.107
77575.758
72452.83
73846.154
75294.118
74563.107
71775.701
76039.604
88275.862
66206.897
76039.604
82580.645
67368.421
114626.866
56888.889
75294.118
73846.154
75294.118
75294.118
114626.866
54084.507
73846.154
76039.604
75294.118
74563.107
72452.83
74563.107
77575.758
75294.118
73142.857
74563.107
75294.118
73846.154
73846.154
75294.118
75294.118
74563.107
74563.107
114626.866
53333.333
78367.347
73142.857
73846.154
75294.118
94814.815
59534.884
75294.118
76800.0
74563.107
75294.118
73142.857
75294.118
109714.286
59076.923
74563.107
74563.107
101052.632
59534.884
72452.83
71775.701
78367.347
89302.326
62950.82
73142.857
73846.154
73846.154
73846.154
73142.857
75294.118
74563.107
73846.154
71775.701
73846.154
76039.604
73142.857
73142.857
73846.154
94814.815
62439.024
73846.154
96000.0
62439.024
72452.83
75294.118
93658.537
62439.024
73846.154
75294.118
74563.107
74563.107
72452.83
73142.857
77575.758
74563.107
74563.107
73142.857
74563.107
73142.857
73142.857
73846.154
74563.107
94814.815
61935.484
70458.716
73142.857
76039.604
74563.107
73846.154
72452.83
75294.118
73846.154
74563.107
75294.118
96000.0
61935.484
73846.154
72452.83
73846.154
74563.107
73846.154
73142.857
75294.118
85333.333
64000.0
76039.604
77575.758
73142.857
75294.118
73142.857
75294.118
74563.107
76800.0
72452.83
96000.0
61440.0
73142.857
71111.111
75294.118
76800.0
72452.83
73142.857
74563.107
94814.815
61935.484
69818.182
75294.118
74563.107
73846.154
71775.701
74563.107
73846.154
76800.0
74563.107
71775.701
73846.154
73846.154
72452.83
71775.701
75294.118
85333.333
65084.746
73142.857
71111.111
74563.107
76039.604
73142.857
73142.857
74563.107
93658.537
61935.484
73142.857
74563.107
111304.348
61440.0
71111.111
72452.83
71111.111
76800.0
75294.118
73846.154
74563.107
74563.107
71775.701
76039.604
76039.604
74563.107
73142.857
73142.857
73142.857
73846.154
77575.758
72452.83
73846.154
74563.107
74563.107
71775.701
73142.857
76039.604
74563.107
73846.154
72452.83
73846.154
92530.12
62439.024
73142.857
75294.118
91428.571
62950.82
72452.83
73142.857
73846.154
77575.758
71775.701
73846.154
74563.107
73142.857
109714.286
54468.085
76800.0
74563.107
76039.604
72452.83
72452.83
74563.107
73846.154
76039.604
73142.857
74563.107
73846.154
73846.154
71111.111
73846.154
76039.604
73846.154
73142.857
73846.154
73846.154
73846.154
94814.815
59534.884
75294.118
74563.107
73142.857
71775.701
73142.857
97215.19
60952.381
73846.154
73142.857
74563.107
73142.857
71775.701
75294.118
85333.333
65084.746
74563.107
84395.604
65084.746
75294.118
102400.0
60952.381
75294.118
92530.12
132413.793
50526.316
73142.857
105205.479
166956.522
103783.784
62950.82
73846.154
91428.571
64000.0
72452.83
74563.107
97215.19
61440.0
73142.857
71111.111
75294.118
73846.154
71775.701
72452.83
72452.83
71775.701
71111.111
75294.118
108169.014
54857.143
73142.857
73142.857
73846.154
76800.0
72452.83
73846.154
73846.154
73142.857
72452.83
72452.83
76800.0
87272.727
64537.815
72452.83
74563.107
74563.107
74563.107
72452.83
73846.154
73846.154
73142.857
71775.701
73142.857
81702.128
69189.189
72452.83
72452.83
75294.118
93658.537
61935.484
72452.83
72452.83
75294.118
74563.107
71775.701
72452.83
73846.154
76039.604
71775.701
73142.857
74563.107
73846.154
71775.701
71775.701
76039.604
93658.537
61440.0
73142.857
73142.857
72452.83
72452.83
76039.604
74563.107
99740.26
57744.361
75294.118
73142.857
73142.857
