73142.857
71775.701
71111.111
72452.83
71775.701
72452.83
71775.701
71111.111
72452.83
71775.701
71111.111
73142.857
71775.701
71775.701
71775.701
73142.857
71775.701
71775.701
72452.83
71111.111
72452.83
71111.111
70458.716
72452.83
71111.111
69818.182
71775.701
70458.716
69818.182
70458.716
69818.182
70458.716
69818.182
69818.182
71111.111
69818.182
71111.111
70458.716
69189.189
71111.111
69189.189
70458.716
70458.716
69189.189
70458.716
69189.189
71111.111
69818.182
69818.182
69818.182
69189.189
70458.716
70458.716
69818.182
71775.701
70458.716
71775.701
70458.716
109714.286
50526.316
60952.381
61935.484
65641.026
65084.746
66206.897
67368.421
65641.026
67368.421
67368.421
67964.602
67964.602
66782.609
68571.429
69189.189
68571.429
69818.182
68571.429
69818.182
68571.429
67964.602
69189.189
68571.429
67368.421
67964.602
103783.784
48607.595
59076.923
60472.441
62439.024
62950.82
64000.0
62950.82
65084.746
63471.074
64000.0
62950.82
64000.0
63471.074
102400.0
48917.197
58625.954
62439.024
62950.82
65641.026
66206.897
66782.609
68571.429
90352.941
55251.799
64537.815
67964.602
69189.189
68571.429
70458.716
69189.189
71111.111
70458.716
69818.182
70458.716
69818.182
70458.716
120000.0
48607.595
60000.0
61935.484
65641.026
65641.026
67368.421
67964.602
120000.0
49230.769
60952.381
63471.074
65641.026
65641.026
67964.602
67368.421
68571.429
68571.429
68571.429
68571.429
67964.602
69818.182
68571.429
69818.182
67964.602
69818.182
68571.429
68571.429
70458.716
68571.429
69818.182
69189.189
68571.429
70458.716
69189.189
68571.429
70458.716
67964.602
69818.182
69189.189
68571.429
69818.182
67964.602
70458.716
68571.429
67964.602
69189.189
67964.602
69189.189
68571.429
67368.421
69189.189
68571.429
69189.189
69818.182
67964.602
69189.189
67964.602
69818.182
67964.602
69818.182
67964.602
69189.189
68571.429
69189.189
67368.421
69818.182
67964.602
69189.189
69189.189
67964.602
69189.189
67964.602
69189.189
68571.429
71111.111
69189.189
70458.716
70458.716
70458.716
71111.111
71775.701
70458.716
70458.716
71775.701
71775.701
99740.26
52244.898
62439.024
64000.0
67368.421
67368.421
68571.429
69189.189
67964.602
69818.182
69189.189
69818.182
69818.182
69189.189
70458.716
69189.189
71111.111
69189.189
70458.716
69818.182
68571.429
70458.716
67964.602
69189.189
67964.602
69189.189
67964.602
68571.429
68571.429
68571.429
69189.189
67964.602
68571.429
69189.189
67964.602
69818.182
67964.602
70458.716
68571.429
69818.182
68571.429
69818.182
67964.602
70458.716
69189.189
70458.716
69189.189
67964.602
69818.182
67964.602
69189.189
114626.866
47701.863
59076.923
60000.0
64000.0
63471.074
66206.897
109714.286
48000.0
60000.0
61440.0
65084.746
66206.897
66782.609
67368.421
69189.189
67964.602
70458.716
70458.716
68571.429
71111.111
70458.716
67964.602
71111.111
69189.189
67964.602
70458.716
69189.189
67964.602
69818.182
68571.429
69189.189
69189.189
68571.429
69818.182
69189.189
68571.429
70458.716
67964.602
69189.189
68571.429
67964.602
69818.182
67964.602
69818.182
68571.429
67964.602
69818.182
67964.602
68571.429
67964.602
67368.421
68571.429
67368.421
68571.429
68571.429
67964.602
68571.429
68571.429
67368.421
69818.182
68571.429
68571.429
68571.429
68571.429
69818.182
67964.602
67964.602
69818.182
68571.429
67368.421
69818.182
67368.421
68571.429
67368.421
66206.897
68571.429
66782.609
67368.421
67368.421
66206.897
67964.602
66206.897
67368.421
67368.421
66206.897
67964.602
66782.609
68571.429
67368.421
66782.609
69189.189
67368.421
69189.189
67368.421
68571.429
67964.602
66782.609
68571.429
66782.609
68571.429
67368.421
66782.609
67964.602
66782.609
67964.602
67368.421
66782.609
67368.421
66782.609
68571.429
66782.609
68571.429
67964.602
67964.602
68571.429
67368.421
66782.609
67964.602
67368.421
68571.429
111304.348
48917.197
66206.897
67368.421
69189.189
67964.602
68571.429
68571.429
67368.421
69818.182
67964.602
69189.189
68571.429
67964.602
68571.429
67368.421
69189.189
67368.421
69818.182
67368.421
69189.189
66782.609
66782.609
69818.182
67368.421
67964.602
68571.429
67368.421
69189.189
67964.602
67964.602
67964.602
66782.609
68571.429
66782.609
68571.429
67964.602
67964.602
68571.429
67368.421
69818.182
67368.421
102400.0
48917.197
58181.818
61440.0
64000.0
63471.074
65084.746
64537.815
66782.609
65084.746
67964.602
65641.026
67964.602
120000.0
49230.769
59534.884
60952.381
64000.0
64000.0
65084.746
65641.026
64537.815
66782.609
65641.026
66782.609
66782.609
66206.897
66782.609
65641.026
67964.602
66782.609
67368.421
67368.421
66782.609
69189.189
66782.609
67964.602
67368.421
66782.609
68571.429
66782.609
68571.429
66782.609
67964.602
67368.421
67368.421
68571.429
67368.421
68571.429
66782.609
65641.026
68571.429
66782.609
67368.421
66206.897
65084.746
67964.602
65641.026
66782.609
66782.609
65084.746
67964.602
66206.897
65641.026
67368.421
66206.897
67368.421
66206.897
65641.026
68571.429
66206.897
67368.421
67368.421
66206.897
68571.429
66782.609
66782.609
66782.609
65641.026
67368.421
66782.609
66206.897
67964.602
66206.897
67368.421
66782.609
66206.897
67368.421
66206.897
68571.429
65641.026
66206.897
66782.609
66206.897
67964.602
66206.897
66206.897
68571.429
66206.897
68571.429
66782.609
67368.421
67368.421
65641.026
69189.189
116363.636
46829.268
58625.954
60000.0
63471.074
62950.82
65084.746
65084.746
64537.815
65084.746
64000.0
65641.026
64537.815
65641.026
65084.746
64000.0
65641.026
65084.746
66206.897
65641.026
66206.897
66206.897
112941.176
48301.887
56888.889
59076.923
61935.484
62439.024
64537.815
64000.0
63471.074
64537.815
63471.074
65641.026
64537.815
64537.815
65641.026
64537.815
66206.897
65641.026
65084.746
66782.609
64537.815
66782.609
65641.026
65641.026
65641.026
64537.815
66782.609
65084.746
64537.815
66782.609
65084.746
65641.026
66206.897
64537.815
66782.609
65084.746
65084.746
65084.746
64000.0
66782.609
64537.815
66782.609
65084.746
64537.815
66206.897
64537.815
66206.897
65084.746
64537.815
65084.746
65084.746
66782.609
64537.815
65084.746
65641.026
64537.815
66206.897
64537.815
65084.746
65641.026
65084.746
66782.609
64537.815
66206.897
65084.746
64537.815
66782.609
64537.815
65084.746
65084.746
64000.0
66206.897
64000.0
62950.82
65084.746
64000.0
64000.0
65084.746
64000.0
66206.897
64000.0
65641.026
64537.815
64000.0
65641.026
64537.815
64537.815
64537.815
64000.0
65641.026
64537.815
65641.026
64000.0
63471.074
66782.609
63471.074
64537.815
65084.746
64000.0
66206.897
64537.815
64537.815
65641.026
64537.815
66206.897
65084.746
63471.074
66206.897
64537.815
65084.746
97215.19
46265.06
56888.889
57744.361
61440.0
60952.381
63471.074
63471.074
62950.82
64000.0
62439.024
63471.074
62950.82
63471.074
64000.0
64000.0
63471.074
62950.82
64537.815
62950.82
63471.074
62950.82
62439.024
64000.0
62950.82
62950.82
64000.0
63471.074
64537.815
63471.074
64537.815
63471.074
63471.074
65084.746
63471.074
65084.746
63471.074
64537.815
64537.815
63471.074
66206.897
64000.0
65084.746
64000.0
62950.82
65641.026
64000.0
64000.0
64537.815
93658.537
47116.564
56470.588
57744.361
60952.381
60000.0
62439.024
61935.484
62439.024
62439.024
61935.484
61440.0
61935.484
62439.024
62439.024
60952.381
62950.82
61935.484
62439.024
62439.024
62439.024
61935.484
62439.024
62950.82
61935.484
62439.024
62439.024
61440.0
63471.074
62950.82
61935.484
62950.82
61440.0
63471.074
62950.82
62439.024
63471.074
62439.024
64537.815
62950.82
64537.815
63471.074
62950.82
63471.074
62439.024
64537.815
64000.0
62439.024
65084.746
62439.024
64537.815
64000.0
63471.074
64537.815
62950.82
64537.815
63471.074
62950.82
64537.815
62950.82
63471.074
64537.815
63471.074
65641.026
63471.074
62950.82
65084.746
63471.074
62950.82
64000.0
62439.024
65084.746
62950.82
64537.815
64000.0
63471.074
65084.746
63471.074
62950.82
65084.746
63471.074
65084.746
108169.014
45714.286
56058.394
57313.433
60472.441
60472.441
62439.024
61440.0
62439.024
62439.024
61440.0
62439.024
62950.82
62439.024
62439.024
61935.484
63471.074
62439.024
63471.074
62439.024
61935.484
63471.074
62950.82
62950.82
64537.815
63471.074
65641.026
64000.0
64000.0
64537.815
64000.0
65641.026
64000.0
65641.026
65084.746
63471.074
65641.026
64000.0
62950.82
65641.026
64000.0
65641.026
63471.074
62439.024
65084.746
63471.074
64537.815
64000.0
114626.866
47116.564
56058.394
57744.361
60472.441
60472.441
61935.484
62439.024
61440.0
62439.024
60952.381
62439.024
61935.484
62439.024
61440.0
60952.381
61440.0
60952.381
60952.381
60952.381
60472.441
60472.441
61440.0
61935.484
61440.0
60952.381
61935.484
61935.484
62439.024
62439.024
61440.0
62950.82
61935.484
62950.82
60952.381
61440.0
61935.484
61440.0
61935.484
60952.381
61935.484
61440.0
62950.82
62439.024
61935.484
62950.82
62439.024
64000.0
62950.82
62439.024
64000.0
62439.024
64537.815
62950.82
62950.82
63471.074
61935.484
65084.746
62950.82
64537.815
63471.074
62950.82
64537.815
63471.074
62950.82
64000.0
62950.82
64537.815
63471.074
62950.82
64537.815
63471.074
64537.815
64000.0
101052.632
116363.636
35229.358
116363.636
37463.415
55652.174
57744.361
88275.862
45988.024
55251.799
57744.361
59534.884
59534.884
60472.441
60472.441
61440.0
108169.014
47407.407
55652.174
56058.394
59076.923
59076.923
59076.923
59534.884
59534.884
58181.818
58181.818
58181.818
58625.954
58181.818
59534.884
59534.884
60952.381
60000.0
60472.441
61440.0
60472.441
61935.484
60000.0
61440.0
60472.441
61440.0
61935.484
60000.0
60952.381
60952.381
61935.484
62439.024
60952.381
62439.024
61440.0
62439.024
61440.0
60952.381
62439.024
61935.484
60952.381
61935.484
61935.484
61935.484
61935.484
62950.82
62439.024
63471.074
62439.024
61935.484
64000.0
62950.82
62950.82
64000.0
93658.537
47116.564
56058.394
57313.433
60000.0
59534.884
106666.667
48607.595
53333.333
59076.923
59076.923
60952.381
60472.441
61440.0
61440.0
62439.024
61935.484
61440.0
61440.0
61440.0
61440.0
62439.024
60952.381
61935.484
60952.381
60472.441
60472.441
60000.0
60472.441
60000.0
60952.381
61440.0
61440.0
62439.024
62439.024
61935.484
64000.0
62950.82
65084.746
63471.074
64537.815
65641.026
65084.746
67964.602
65084.746
66206.897
66206.897
67368.421
66782.609
65084.746
62439.024
65641.026
62950.82
66782.609
64537.815
66206.897
64537.815
64537.815
65641.026
103783.784
46829.268
55251.799
56470.588
59076.923
59076.923
60000.0
60000.0
61440.0
60952.381
61935.484
60952.381
62439.024
61440.0
61935.484
61440.0
61935.484
60952.381
62439.024
61440.0
62950.82
61935.484
62439.024
61935.484
62439.024
61935.484
62439.024
61935.484
62439.024
62950.82
96000.0
47116.564
56470.588
57744.361
60472.441
60472.441
62439.024
63471.074
61440.0
62950.82
62439.024
64000.0
64000.0
64000.0
65084.746
65084.746
106666.667
48607.595
65641.026
66206.897
68571.429
66782.609
66206.897
69189.189
67368.421
66782.609
68571.429
66782.609
67368.421
68571.429
66782.609
68571.429
67368.421
66782.609
67964.602
66206.897
65641.026
66782.609
64000.0
65084.746
64537.815
64000.0
64537.815
61935.484
64537.815
62439.024
63471.074
64000.0
64000.0
64537.815
63471.074
64537.815
63471.074
63471.074
64537.815
63471.074
64537.815
62950.82
64000.0
62950.82
65084.746
64537.815
65641.026
64537.815
64000.0
65641.026
64000.0
66206.897
64000.0
65641.026
65084.746
63471.074
66206.897
64537.815
64537.815
66206.897
64537.815
64537.815
65641.026
64000.0
65641.026
64000.0
63471.074
65084.746
64000.0
63471.074
64537.815
64000.0
65084.746
62439.024
62950.82
64000.0
62439.024
64000.0
62950.82
62439.024
65084.746
63471.074
64000.0
64537.815
62950.82
65084.746
63471.074
65084.746
62950.82
62950.82
63471.074
62950.82
65084.746
62950.82
62439.024
64537.815
62950.82
64537.815
62950.82
61935.484
64000.0
63471.074
65084.746
64000.0
64000.0
65641.026
63471.074
65641.026
64537.815
64537.815
64000.0
64000.0
66206.897
64000.0
66206.897
65084.746
67368.421
64537.815
66782.609
65641.026
64537.815
66206.897
64537.815
66782.609
64537.815
64537.815
65641.026
64537.815
64537.815
65641.026
65084.746
66206.897
64537.815
65084.746
65641.026
64537.815
66206.897
64537.815
96000.0
46829.268
55652.174
58625.954
61440.0
61440.0
61440.0
61935.484
62950.82
61935.484
62950.82
96000.0
44912.281
56058.394
57744.361
60472.441
60472.441
62439.024
61440.0
62439.024
64000.0
61935.484
62950.82
61935.484
63471.074
62950.82
64000.0
63471.074
63471.074
64000.0
63471.074
65084.746
64000.0
65084.746
64000.0
62950.82
65641.026
63471.074
65084.746
64537.815
65084.746
64537.815
63471.074
64000.0
62950.82
64537.815
64537.815
64000.0
66206.897
64000.0
66206.897
65084.746
64537.815
65641.026
63471.074
66782.609
64000.0
65084.746
64537.815
63471.074
66206.897
64537.815
66206.897
64537.815
64537.815
64537.815
64000.0
65641.026
64000.0
66206.897
64537.815
66206.897
64537.815
65641.026
65641.026
65084.746
66782.609
65641.026
65084.746
66206.897
65084.746
66782.609
65084.746
66206.897
65084.746
65084.746
66782.609
65084.746
65084.746
65641.026
64537.815
66206.897
65641.026
65084.746
65641.026
64000.0
66782.609
64000.0
65641.026
65641.026
65084.746
66782.609
65084.746
64537.815
65641.026
64000.0
66206.897
64537.815
65641.026
65084.746
64000.0
66206.897
65084.746
65641.026
65084.746
64537.815
64537.815
64000.0
66206.897
63471.074
63471.074
66206.897
63471.074
64000.0
64537.815
66206.897
62950.82
63471.074
64000.0
63471.074
62950.82
64537.815
64000.0
64000.0
65084.746
63471.074
65641.026
64000.0
65641.026
63471.074
62439.024
64537.815
62950.82
65084.746
64537.815
64537.815
64537.815
64000.0
65641.026
64537.815
64000.0
64537.815
63471.074
105205.479
46829.268
54468.085
59076.923
59076.923
61935.484
60952.381
62950.82
63471.074
62439.024
62950.82
61935.484
63471.074
62439.024
91428.571
45714.286
56888.889
58625.954
60952.381
60952.381
63471.074
61935.484
63471.074
62950.82
64000.0
63471.074
62950.82
64000.0
63471.074
65641.026
64537.815
65641.026
65084.746
65641.026
65641.026
63471.074
66782.609
65084.746
65084.746
66206.897
65084.746
67368.421
65641.026
66782.609
64537.815
64537.815
65641.026
65084.746
66782.609
64537.815
64537.815
64537.815
65084.746
66782.609
64537.815
65641.026
65084.746
63471.074
66206.897
64537.815
66782.609
64000.0
63471.074
66206.897
64537.815
65641.026
65084.746
64537.815
66782.609
64537.815
64537.815
66782.609
64537.815
101052.632
47116.564
55652.174
59076.923
61935.484
60472.441
62439.024
61935.484
62950.82
62950.82
63471.074
62950.82
62439.024
63471.074
62950.82
65084.746
64537.815
62950.82
65084.746
64000.0
65641.026
64537.815
66206.897
64537.815
64000.0
65641.026
64000.0
66782.609
106666.667
47116.564
57313.433
58625.954
61440.0
61440.0
62950.82
62439.024
63471.074
63471.074
64000.0
64537.815
62950.82
65084.746
64000.0
66206.897
65084.746
64537.815
66206.897
64537.815
66782.609
64537.815
65641.026
64537.815
62950.82
65641.026
114626.866
45443.787
56470.588
56888.889
60472.441
60472.441
61935.484
61440.0
62439.024
62439.024
62439.024
63471.074
76800.0
51891.892
59534.884
62439.024
91428.571
47701.863
56888.889
58181.818
60952.381
60952.381
62950.82
62439.024
62439.024
62439.024
61440.0
62950.82
60952.381
63471.074
61440.0
63471.074
62950.82
62950.82
63471.074
64537.815
62439.024
62439.024
64537.815
63471.074
62439.024
63471.074
62439.024
64537.815
63471.074
63471.074
63471.074
62950.82
64537.815
63471.074
62950.82
63471.074
61935.484
63471.074
62439.024
62950.82
62950.82
61440.0
64000.0
61935.484
64000.0
63471.074
63471.074
64000.0
62439.024
65084.746
64000.0
62950.82
65641.026
64000.0
64537.815
64537.815
63471.074
67368.421
63471.074
64537.815
64537.815
63471.074
66206.897
64000.0
65084.746
65084.746
64537.815
65641.026
64000.0
66782.609
63471.074
64537.815
64537.815
108169.014
46829.268
57313.433
58181.818
61440.0
60952.381
63471.074
61440.0
62950.82
62950.82
61935.484
61935.484
61935.484
63471.074
62950.82
63471.074
63471.074
64000.0
64000.0
63471.074
65084.746
64537.815
64537.815
64000.0
62950.82
65641.026
64537.815
65084.746
64537.815
64000.0
66206.897
64537.815
64537.815
65084.746
62950.82
65641.026
112941.176
46829.268
57313.433
58181.818
60952.381
60472.441
61935.484
61440.0
62950.82
62950.82
61935.484
62950.82
111304.348
47701.863
57744.361
58181.818
60952.381
60952.381
111304.348
46545.455
56058.394
60000.0
59076.923
61935.484
61935.484
62439.024
62439.024
61935.484
62950.82
63471.074
62950.82
63471.074
61935.484
64000.0
63471.074
63471.074
64537.815
62950.82
65084.746
64537.815
64000.0
64537.815
62950.82
65641.026
64000.0
64537.815
62950.82
62439.024
65641.026
64000.0
63471.074
65084.746
63471.074
65641.026
64000.0
62950.82
64537.815
63471.074
65641.026
63471.074
65084.746
63471.074
63471.074
64537.815
63471.074
63471.074
64000.0
62950.82
64537.815
63471.074
62439.024
65084.746
63471.074
65641.026
64000.0
62950.82
65084.746
63471.074
63471.074
64537.815
62950.82
65084.746
64537.815
63471.074
65084.746
63471.074
66206.897
64000.0
64000.0
64537.815
64000.0
65641.026
64000.0
62439.024
65084.746
64000.0
65084.746
64537.815
65084.746
64537.815
64537.815
65641.026
64000.0
66782.609
63471.074
64537.815
64537.815
62950.82
66206.897
64000.0
64000.0
65084.746
106666.667
46829.268
56888.889
57744.361
60952.381
60472.441
62439.024
63471.074
61935.484
62950.82
109714.286
47116.564
57313.433
59076.923
60952.381
60472.441
62439.024
111304.348
46265.06
56888.889
56888.889
60472.441
60472.441
61935.484
62439.024
61440.0
61935.484
60952.381
62950.82
61440.0
62950.82
62439.024
61935.484
61935.484
60952.381
61935.484
62439.024
62439.024
62439.024
62439.024
62439.024
61440.0
64000.0
62950.82
61935.484
64537.815
102400.0
45176.471
55652.174
56888.889
60472.441
59534.884
61440.0
61440.0
62439.024
61935.484
62950.82
62439.024
61935.484
61935.484
61440.0
62950.82
61935.484
64537.815
64000.0
62950.82
64537.815
63471.074
65641.026
64000.0
64000.0
62950.82
61935.484
65084.746
62439.024
64000.0
62439.024
62950.82
64537.815
62950.82
64000.0
64000.0
62439.024
65084.746
63471.074
62950.82
64537.815
61935.484
64537.815
62950.82
62950.82
63471.074
62439.024
65084.746
61935.484
61440.0
63471.074
62439.024
63471.074
62439.024
61935.484
64000.0
62439.024
64000.0
62950.82
62439.024
63471.074
62950.82
65084.746
62950.82
64000.0
62950.82
62439.024
65084.746
63471.074
65084.746
63471.074
64000.0
62950.82
61935.484
64537.815
62950.82
62950.82
62950.82
62439.024
64537.815
62950.82
65641.026
62950.82
64000.0
64000.0
63471.074
64537.815
63471.074
62950.82
64537.815
62950.82
65084.746
62950.82
62950.82
65641.026
62950.82
65084.746
63471.074
63471.074
64537.815
62439.024
65084.746
62950.82
103783.784
46265.06
54084.507
57744.361
60000.0
60000.0
61440.0
60472.441
61935.484
60952.381
62950.82
62439.024
62439.024
63471.074
63471.074
62439.024
62439.024
62439.024
63471.074
62439.024
63471.074
62439.024
64000.0
62950.82
62950.82
63471.074
62439.024
64000.0
63471.074
62439.024
64537.815
61935.484
64537.815
62950.82
62950.82
64000.0
62439.024
65084.746
61935.484
62439.024
62950.82
61440.0
64537.815
62439.024
