74563.107
74563.107
70458.716
73846.154
75294.118
73142.857
72452.83
73846.154
72452.83
74563.107
73142.857
72452.83
72452.83
77575.758
74563.107
76039.604
74563.107
71111.111
73846.154
75294.118
74563.107
74563.107
74563.107
73846.154
76800.0
76039.604
72452.83
74563.107
73846.154
74563.107
75294.118
72452.83
72452.83
75294.118
74563.107
73846.154
73142.857
73142.857
74563.107
73846.154
73142.857
75294.118
73846.154
71775.701
73846.154
73846.154
72452.83
72452.83
73142.857
74563.107
76039.604
71111.111
72452.83
74563.107
73846.154
75294.118
71111.111
71775.701
73846.154
76039.604
73846.154
71111.111
72452.83
71775.701
74563.107
72452.83
72452.83
73142.857
76800.0
73846.154
76800.0
73142.857
73142.857
73142.857
73846.154
73846.154
71111.111
71775.701
75294.118
73846.154
72452.83
72452.83
72452.83
73846.154
75294.118
73846.154
73846.154
74563.107
74563.107
74563.107
71775.701
71111.111
73142.857
72452.83
71775.701
71111.111
70458.716
72452.83
73846.154
73142.857
72452.83
73142.857
72452.83
73142.857
75294.118
71111.111
71775.701
71775.701
73142.857
71775.701
73846.154
71111.111
73142.857
75294.118
73846.154
74563.107
73142.857
73142.857
74563.107
75294.118
72452.83
74563.107
77575.758
76800.0
74563.107
73142.857
72452.83
75294.118
73846.154
73846.154
71775.701
72452.83
73142.857
74563.107
73142.857
71775.701
70458.716
73142.857
72452.83
73846.154
70458.716
72452.83
73846.154
73142.857
76039.604
73142.857
72452.83
74563.107
75294.118
72452.83
71775.701
71775.701
72452.83
73846.154
71775.701
71775.701
71775.701
73142.857
76800.0
73142.857
71111.111
74563.107
74563.107
72452.83
73846.154
71111.111
71775.701
74563.107
73142.857
71775.701
71111.111
72452.83
75294.118
73846.154
71775.701
71775.701
72452.83
71775.701
75294.118
70458.716
71775.701
72452.83
72452.83
72452.83
71775.701
70458.716
71775.701
76039.604
73142.857
73142.857
71775.701
72452.83
75294.118
74563.107
71111.111
71775.701
73142.857
72452.83
73142.857
71111.111
71775.701
71775.701
72452.83
70458.716
70458.716
71111.111
72452.83
72452.83
71111.111
69189.189
72452.83
72452.83
73846.154
71111.111
71775.701
71775.701
71775.701
72452.83
70458.716
70458.716
71775.701
72452.83
71111.111
71775.701
70458.716
71111.111
73142.857
69818.182
68571.429
72452.83
69818.182
72452.83
71111.111
68571.429
70458.716
74563.107
70458.716
70458.716
70458.716
70458.716
74563.107
71111.111
70458.716
70458.716
71111.111
74563.107
71775.701
70458.716
70458.716
72452.83
72452.83
73142.857
69818.182
71775.701
73142.857
72452.83
72452.83
71111.111
70458.716
73846.154
73846.154
69818.182
71111.111
71775.701
71111.111
71775.701
69818.182
69818.182
71775.701
73142.857
71111.111
71111.111
71111.111
71775.701
73846.154
70458.716
71775.701
71111.111
70458.716
71775.701
70458.716
69818.182
70458.716
70458.716
71111.111
70458.716
69818.182
70458.716
72452.83
70458.716
68571.429
69818.182
69818.182
71111.111
69818.182
69818.182
70458.716
73142.857
70458.716
71111.111
67964.602
71111.111
71111.111
71111.111
69189.189
69189.189
69818.182
73846.154
69818.182
69189.189
99740.26
54857.143
68571.429
71111.111
69818.182
72452.83
71775.701
71775.701
71111.111
69818.182
69818.182
73142.857
71111.111
71775.701
71775.701
70458.716
72452.83
71775.701
71111.111
69818.182
71111.111
71775.701
73142.857
70458.716
70458.716
71775.701
73142.857
72452.83
69818.182
71775.701
71775.701
71775.701
73142.857
69189.189
71775.701
71775.701
72452.83
70458.716
71111.111
71111.111
71111.111
73142.857
70458.716
70458.716
73142.857
73142.857
71775.701
71775.701
69818.182
73142.857
73142.857
71111.111
71775.701
70458.716
73142.857
73142.857
71111.111
71111.111
70458.716
71775.701
72452.83
73142.857
69818.182
70458.716
73142.857
71111.111
71775.701
71775.701
70458.716
73142.857
73846.154
70458.716
70458.716
72452.83
70458.716
73142.857
69189.189
71775.701
71111.111
71775.701
73142.857
70458.716
70458.716
72452.83
72452.83
71775.701
70458.716
69818.182
73142.857
72452.83
72452.83
69189.189
73142.857
72452.83
71775.701
71111.111
70458.716
71775.701
71775.701
71775.701
70458.716
69189.189
71775.701
71111.111
70458.716
69818.182
69818.182
71775.701
71775.701
70458.716
94814.815
55251.799
69189.189
73142.857
71111.111
69189.189
70458.716
71111.111
71111.111
71111.111
69818.182
72452.83
73142.857
69818.182
69818.182
69189.189
70458.716
70458.716
70458.716
69189.189
69189.189
71111.111
70458.716
71111.111
69818.182
69818.182
71775.701
69818.182
70458.716
67964.602
70458.716
71775.701
71111.111
69818.182
72452.83
71775.701
71775.701
73142.857
69189.189
69818.182
71775.701
71111.111
69818.182
69818.182
68571.429
71111.111
71111.111
69189.189
68571.429
69189.189
73142.857
70458.716
69189.189
67964.602
69189.189
70458.716
70458.716
67368.421
69189.189
72452.83
71111.111
68571.429
67368.421
69189.189
71775.701
69189.189
68571.429
69818.182
69818.182
71111.111
70458.716
67368.421
71111.111
69189.189
71111.111
70458.716
67964.602
71111.111
71111.111
69818.182
69818.182
69818.182
69818.182
71111.111
70458.716
69818.182
69189.189
71775.701
73142.857
73142.857
69189.189
70458.716
71775.701
73846.154
69189.189
69189.189
69818.182
72452.83
73142.857
69818.182
71111.111
69818.182
71775.701
71775.701
70458.716
69189.189
71111.111
71775.701
71111.111
70458.716
68571.429
71775.701
72452.83
70458.716
71111.111
69818.182
71775.701
71775.701
70458.716
69818.182
68571.429
71111.111
72452.83
70458.716
68571.429
70458.716
72452.83
70458.716
71111.111
69189.189
70458.716
72452.83
70458.716
70458.716
71111.111
73142.857
71775.701
70458.716
70458.716
69189.189
71775.701
71775.701
69818.182
69189.189
71775.701
72452.83
70458.716
70458.716
69818.182
71775.701
73846.154
72452.83
69818.182
67964.602
71111.111
71775.701
71111.111
69189.189
70458.716
71111.111
71111.111
71775.701
69818.182
71775.701
73846.154
71775.701
72452.83
71111.111
71111.111
99740.26
57313.433
69189.189
72452.83
71775.701
73846.154
75294.118
71775.701
72452.83
73846.154
73142.857
73846.154
72452.83
71111.111
72452.83
73142.857
71775.701
72452.83
70458.716
72452.83
73846.154
72452.83
71775.701
71775.701
71775.701
76039.604
73846.154
70458.716
72452.83
72452.83
74563.107
71775.701
71775.701
71775.701
75294.118
73142.857
71775.701
73142.857
73142.857
72452.83
73142.857
73846.154
69818.182
74563.107
72452.83
73142.857
73142.857
70458.716
73846.154
75294.118
72452.83
73142.857
71111.111
75294.118
73142.857
74563.107
73142.857
72452.83
73142.857
75294.118
74563.107
74563.107
71775.701
74563.107
75294.118
74563.107
73846.154
71775.701
74563.107
74563.107
73846.154
73846.154
71775.701
73846.154
75294.118
75294.118
73846.154
72452.83
74563.107
75294.118
73846.154
73846.154
73142.857
73142.857
73846.154
76800.0
74563.107
73846.154
74563.107
76039.604
75294.118
74563.107
73142.857
74563.107
74563.107
94814.815
60472.441
74563.107
74563.107
75294.118
75294.118
73142.857
71111.111
75294.118
75294.118
75294.118
73846.154
71111.111
74563.107
76800.0
72452.83
73846.154
72452.83
76800.0
74563.107
74563.107
73846.154
72452.83
73846.154
74563.107
74563.107
73846.154
71111.111
75294.118
75294.118
73142.857
74563.107
72452.83
73846.154
76800.0
75294.118
86292.135
62950.82
73142.857
76800.0
74563.107
73846.154
72452.83
74563.107
74563.107
76039.604
73846.154
73846.154
74563.107
76039.604
74563.107
73142.857
74563.107
73142.857
75294.118
75294.118
99740.26
58181.818
75294.118
75294.118
76800.0
74563.107
73142.857
75294.118
76039.604
74563.107
75294.118
73142.857
75294.118
75294.118
76039.604
73142.857
73846.154
74563.107
76039.604
74563.107
73142.857
73142.857
75294.118
74563.107
76039.604
73846.154
73142.857
91428.571
64000.0
76800.0
75294.118
75294.118
76039.604
76039.604
76800.0
76800.0
75294.118
75294.118
76039.604
76800.0
76800.0
74563.107
73846.154
76800.0
76800.0
76800.0
94814.815
67964.602
71111.111
77575.758
76039.604
73846.154
76039.604
76800.0
77575.758
76800.0
76800.0
76800.0
78367.347
78367.347
85333.333
71111.111
72452.83
76039.604
79175.258
76800.0
77575.758
73846.154
76039.604
76800.0
78367.347
78367.347
76800.0
80842.105
77575.758
80000.0
78367.347
77575.758
98461.538
63471.074
76800.0
78367.347
76800.0
76039.604
79175.258
77575.758
79175.258
76800.0
75294.118
76039.604
99740.26
65084.746
76039.604
90352.941
65641.026
121904.762
73142.857
68571.429
71775.701
75294.118
78367.347
77575.758
78367.347
76039.604
76800.0
73142.857
76800.0
77575.758
75294.118
75294.118
76800.0
75294.118
77575.758
76039.604
74563.107
76800.0
76800.0
76800.0
76039.604
75294.118
76039.604
78367.347
76039.604
76039.604
74563.107
75294.118
76800.0
76039.604
76800.0
73846.154
121904.762
69189.189
66206.897
74563.107
75294.118
73846.154
76800.0
75294.118
76039.604
75294.118
73142.857
76039.604
78367.347
75294.118
76039.604
74563.107
75294.118
77575.758
76039.604
76039.604
74563.107
76800.0
123870.968
69818.182
67368.421
73846.154
76800.0
78367.347
77575.758
76039.604
76800.0
75294.118
77575.758
78367.347
76039.604
78367.347
76800.0
75294.118
80000.0
77575.758
75294.118
76039.604
77575.758
78367.347
78367.347
77575.758
76039.604
76800.0
77575.758
78367.347
76039.604
77575.758
121904.762
78367.347
73142.857
72452.83
70458.716
73846.154
75294.118
77575.758
78367.347
76039.604
76039.604
78367.347
77575.758
78367.347
78367.347
74563.107
79175.258
80000.0
78367.347
79175.258
77575.758
76800.0
79175.258
81702.128
77575.758
79175.258
76800.0
79175.258
81702.128
128000.0
78367.347
69818.182
72452.83
79175.258
81702.128
81702.128
78367.347
78367.347
80842.105
80000.0
80842.105
77575.758
77575.758
81702.128
79175.258
82580.645
79175.258
98461.538
72452.83
75294.118
80842.105
80842.105
79175.258
78367.347
80842.105
80000.0
80000.0
125901.639
72452.83
66782.609
80000.0
80842.105
80000.0
78367.347
80000.0
77575.758
80842.105
80842.105
77575.758
77575.758
79175.258
80000.0
79175.258
80000.0
76800.0
77575.758
80842.105
79175.258
76800.0
76800.0
76039.604
76800.0
78367.347
125901.639
66206.897
65641.026
76039.604
77575.758
76039.604
74563.107
73846.154
76039.604
77575.758
128000.0
67368.421
65084.746
73142.857
76039.604
76039.604
75294.118
73846.154
76039.604
75294.118
76800.0
75294.118
73142.857
75294.118
76800.0
74563.107
76039.604
121904.762
64537.815
66782.609
74563.107
75294.118
75294.118
73846.154
75294.118
78367.347
74563.107
75294.118
74563.107
76800.0
78367.347
76800.0
73846.154
75294.118
76800.0
125901.639
68571.429
66782.609
73846.154
76039.604
79175.258
76800.0
73846.154
74563.107
75294.118
76800.0
76039.604
73846.154
73846.154
76039.604
75294.118
76039.604
75294.118
73142.857
75294.118
75294.118
74563.107
74563.107
73142.857
73142.857
76039.604
76800.0
71775.701
73846.154
74563.107
75294.118
73846.154
74563.107
72452.83
73142.857
74563.107
73142.857
72452.83
71775.701
70458.716
73846.154
73142.857
71111.111
71111.111
71775.701
74563.107
73142.857
70458.716
71111.111
72452.83
73142.857
73846.154
71775.701
72452.83
73846.154
75294.118
73142.857
71775.701
71775.701
73142.857
73142.857
71775.701
71775.701
71775.701
71775.701
74563.107
71775.701
70458.716
72452.83
73846.154
73846.154
73846.154
71111.111
73142.857
75294.118
73846.154
72452.83
71775.701
72452.83
73846.154
75294.118
73142.857
71111.111
73142.857
75294.118
73846.154
71775.701
73846.154
73142.857
74563.107
73846.154
72452.83
71775.701
73846.154
73846.154
73846.154
73846.154
71775.701
73142.857
74563.107
75294.118
71775.701
71775.701
73846.154
73142.857
73846.154
71775.701
72452.83
72452.83
76039.604
73142.857
72452.83
71111.111
72452.83
73846.154
72452.83
70458.716
70458.716
73142.857
73846.154
73142.857
71775.701
73142.857
73846.154
73846.154
74563.107
71111.111
73142.857
73846.154
76039.604
73142.857
73142.857
73846.154
73846.154
74563.107
72452.83
71775.701
72452.83
73846.154
74563.107
73846.154
71111.111
72452.83
73142.857
76039.604
73846.154
71775.701
71111.111
76039.604
73846.154
71775.701
74563.107
71775.701
74563.107
73846.154
72452.83
71775.701
72452.83
73846.154
73846.154
73846.154
70458.716
74563.107
76039.604
74563.107
74563.107
71775.701
74563.107
74563.107
75294.118
73142.857
73142.857
73142.857
76800.0
76039.604
73846.154
73142.857
73846.154
76800.0
76800.0
70458.716
74563.107
75294.118
77575.758
75294.118
73142.857
74563.107
75294.118
76039.604
76039.604
74563.107
76800.0
76039.604
76039.604
76039.604
76800.0
75294.118
74563.107
77575.758
77575.758
78367.347
75294.118
75294.118
77575.758
80000.0
76800.0
76800.0
74563.107
76800.0
76039.604
77575.758
73846.154
76800.0
75294.118
76800.0
77575.758
76039.604
75294.118
76039.604
77575.758
76800.0
76800.0
75294.118
76039.604
76800.0
79175.258
74563.107
76800.0
76039.604
77575.758
80842.105
76800.0
76039.604
76800.0
76800.0
101052.632
62950.82
74563.107
77575.758
77575.758
77575.758
79175.258
76039.604
78367.347
76800.0
78367.347
79175.258
76039.604
77575.758
78367.347
79175.258
80842.105
76800.0
77575.758
78367.347
80000.0
77575.758
78367.347
78367.347
77575.758
77575.758
79175.258
79175.258
80000.0
77575.758
80000.0
82580.645
80842.105
77575.758
77575.758
79175.258
80000.0
80000.0
79175.258
77575.758
77575.758
80842.105
80000.0
79175.258
79175.258
78367.347
79175.258
82580.645
87272.727
76039.604
74563.107
76800.0
80842.105
80000.0
81702.128
78367.347
79175.258
79175.258
81702.128
85333.333
73846.154
79175.258
77575.758
82580.645
83478.261
77575.758
78367.347
79175.258
80000.0
86292.135
77575.758
78367.347
77575.758
80842.105
80842.105
81702.128
79175.258
77575.758
80000.0
79175.258
80000.0
80842.105
78367.347
79175.258
80842.105
82580.645
80842.105
80000.0
78367.347
80000.0
80000.0
80842.105
80842.105
77575.758
81702.128
80842.105
81702.128
79175.258
80842.105
77575.758
79175.258
82580.645
78367.347
80000.0
76800.0
78367.347
80000.0
80842.105
79175.258
78367.347
77575.758
78367.347
81702.128
79175.258
79175.258
76800.0
79175.258
80000.0
79175.258
79175.258
77575.758
80000.0
80000.0
80842.105
80842.105
78367.347
79175.258
80000.0
80000.0
79175.258
77575.758
80000.0
80000.0
80842.105
79175.258
80842.105
79175.258
79175.258
84395.604
80842.105
80000.0
81702.128
76800.0
82580.645
82580.645
79175.258
79175.258
80842.105
78367.347
81702.128
82580.645
81702.128
80842.105
80000.0
81702.128
80842.105
83478.261
81702.128
102400.0
65084.746
81702.128
80842.105
80842.105
78367.347
78367.347
80842.105
82580.645
80842.105
79175.258
79175.258
80842.105
81702.128
82580.645
80000.0
79175.258
79175.258
82580.645
81702.128
82580.645
80000.0
79175.258
81702.128
83478.261
81702.128
80000.0
82580.645
78367.347
83478.261
84395.604
80842.105
80842.105
80842.105
80000.0
81702.128
83478.261
83478.261
80842.105
81702.128
82580.645
81702.128
83478.261
80000.0
81702.128
80842.105
82580.645
134736.842
78367.347
137142.857
147692.308
73142.857
80000.0
82580.645
81702.128
80000.0
80842.105
82580.645
80000.0
83478.261
80842.105
77575.758
79175.258
80000.0
80842.105
80842.105
80842.105
78367.347
80842.105
80842.105
80842.105
79175.258
79175.258
81702.128
80842.105
83478.261
80000.0
80842.105
78367.347
81702.128
80842.105
81702.128
80842.105
80842.105
79175.258
84395.604
83478.261
80842.105
81702.128
77575.758
81702.128
80842.105
80000.0
78367.347
79175.258
80000.0
81702.128
80000.0
80842.105
77575.758
80842.105
80000.0
83478.261
79175.258
81702.128
78367.347
80000.0
83478.261
78367.347
79175.258
79175.258
78367.347
82580.645
80000.0
81702.128
78367.347
78367.347
80842.105
79175.258
82580.645
79175.258
79175.258
81702.128
80842.105
80000.0
80842.105
77575.758
79175.258
84395.604
78367.347
77575.758
77575.758
80000.0
79175.258
81702.128
80842.105
78367.347
78367.347
80842.105
80842.105
76800.0
79175.258
80000.0
80842.105
80842.105
80000.0
132413.793
73846.154
66782.609
76800.0
81702.128
82580.645
79175.258
80000.0
78367.347
80000.0
81702.128
130169.492
70458.716
69189.189
79175.258
82580.645
82580.645
79175.258
79175.258
79175.258
81702.128
80842.105
79175.258
78367.347
78367.347
80842.105
80000.0
80842.105
79175.258
74563.107
77575.758
80842.105
79175.258
78367.347
74563.107
77575.758
77575.758
79175.258
76800.0
76800.0
76800.0
77575.758
79175.258
79175.258
76800.0
76039.604
77575.758
77575.758
79175.258
75294.118
77575.758
76800.0
130169.492
69189.189
66782.609
73846.154
76800.0
77575.758
76800.0
75294.118
76039.604
75294.118
78367.347
78367.347
76039.604
75294.118
76800.0
79175.258
78367.347
78367.347
77575.758
76039.604
80000.0
78367.347
77575.758
76800.0
75294.118
76800.0
130169.492
70458.716
94814.815
58625.954
90352.941
67964.602
77575.758
78367.347
76800.0
76039.604
78367.347
128000.0
71111.111
65641.026
73846.154
78367.347
78367.347
76039.604
77575.758
76039.604
76800.0
77575.758
77575.758
77575.758
74563.107
105205.479
60952.381
76800.0
77575.758
76039.604
76039.604
77575.758
77575.758
76039.604
123870.968
69818.182
66782.609
77575.758
80000.0
76039.604
76039.604
73846.154
79175.258
76039.604
76800.0
74563.107
76039.604
77575.758
78367.347
78367.347
74563.107
76039.604
78367.347
77575.758
79175.258
74563.107
76039.604
79175.258
130169.492
73142.857
65084.746
73846.154
77575.758
78367.347
80000.0
76039.604
79175.258
76039.604
79175.258
80842.105
76800.0
75294.118
76800.0
79175.258
77575.758
78367.347
78367.347
76800.0
77575.758
80842.105
76800.0
78367.347
76039.604
76800.0
76800.0
78367.347
76800.0
73846.154
76800.0
76800.0
79175.258
76039.604
76800.0
75294.118
77575.758
77575.758
76039.604
74563.107
76800.0
125901.639
69818.182
66206.897
73846.154
74563.107
78367.347
76800.0
76800.0
75294.118
74563.107
78367.347
75294.118
76800.0
76039.604
74563.107
76039.604
76800.0
76039.604
76039.604
76039.604
76800.0
78367.347
76800.0
78367.347
74563.107
76039.604
78367.347
128000.0
73846.154
64000.0
71775.701
79175.258
78367.347
76800.0
76800.0
73846.154
76039.604
79175.258
76039.604
75294.118
76039.604
74563.107
76800.0
77575.758
74563.107
76039.604
74563.107
76800.0
77575.758
76039.604
72452.83
73846.154
76800.0
74563.107
75294.118
74563.107
73846.154
75294.118
76800.0
73846.154
74563.107
73846.154
76039.604
76039.604
74563.107
73142.857
73142.857
74563.107
75294.118
73846.154
71775.701
73142.857
74563.107
74563.107
72452.83
72452.83
73142.857
75294.118
74563.107
101052.632
56058.394
73142.857
74563.107
74563.107
73846.154
72452.83
73142.857
75294.118
73142.857
75294.118
71111.111
105205.479
57313.433
71775.701
73142.857
73142.857
72452.83
76039.604
76039.604
75294.118
71775.701
73846.154
75294.118
73846.154
74563.107
70458.716
73846.154
75294.118
75294.118
73846.154
73846.154
73846.154
75294.118
77575.758
74563.107
75294.118
74563.107
78367.347
76039.604
76800.0
73846.154
75294.118
76039.604
76039.604
74563.107
74563.107
74563.107
77575.758
76800.0
74563.107
75294.118
76039.604
75294.118
76800.0
74563.107
73846.154
73142.857
75294.118
75294.118
73142.857
73846.154
73846.154
77575.758
76800.0
75294.118
74563.107
73142.857
74563.107
75294.118
74563.107
72452.83
73142.857
75294.118
74563.107
76800.0
89302.326
62439.024
73846.154
77575.758
73846.154
75294.118
72452.83
74563.107
76039.604
73846.154
75294.118
73142.857
76039.604
77575.758
73142.857
74563.107
73142.857
75294.118
75294.118
74563.107
73142.857
72452.83
74563.107
74563.107
72452.83
73142.857
71775.701
75294.118
73846.154
74563.107
73142.857
71775.701
73846.154
71775.701
73846.154
71111.111
71775.701
73142.857
71775.701
73846.154
70458.716
73142.857
73142.857
75294.118
75294.118
70458.716
70458.716
73142.857
72452.83
71111.111
69818.182
70458.716
72452.83
71775.701
70458.716
69818.182
71111.111
71111.111
70458.716
68571.429
69818.182
69189.189
71111.111
69189.189
67964.602
67964.602
70458.716
69189.189
67964.602
68571.429
68571.429
68571.429
69189.189
67964.602
66782.609
69818.182
67964.602
68571.429
66782.609
68571.429
69189.189
67964.602
67964.602
67368.421
67964.602
69189.189
67964.602
67964.602
67368.421
69189.189
69189.189
68571.429
66206.897
68571.429
69189.189
67964.602
67964.602
66782.609
68571.429
69818.182
66782.609
66782.609
69189.189
67368.421
69818.182
67964.602
66782.609
69189.189
67964.602
67368.421
66206.897
99740.26
51891.892
67368.421
67964.602
114626.866
61935.484
84395.604
50526.316
66782.609
68571.429
84395.604
58181.818
69189.189
66206.897
84395.604
58625.954
67964.602
68571.429
67368.421
66782.609
68571.429
67964.602
65641.026
66206.897
67964.602
66782.609
65641.026
66206.897
66206.897
120000.0
60000.0
57313.433
65084.746
67964.602
66782.609
65084.746
65084.746
65641.026
66782.609
65641.026
66206.897
64000.0
66782.609
67368.421
64537.815
64000.0
66206.897
66782.609
65084.746
65084.746
65084.746
66206.897
66206.897
65641.026
64000.0
66206.897
67964.602
64000.0
64537.815
66206.897
67964.602
67964.602
65641.026
67964.602
66782.609
67368.421
66206.897
67964.602
66782.609
69189.189
67368.421
67368.421
65641.026
66782.609
67368.421
66782.609
66206.897
67964.602
67964.602
68571.429
68571.429
68571.429
68571.429
70458.716
67368.421
66206.897
67368.421
68571.429
67368.421
66206.897
66782.609
65641.026
67964.602
65641.026
64537.815
65641.026
67368.421
65084.746
65641.026
64000.0
65641.026
65641.026
64537.815
64537.815
64000.0
66206.897
66206.897
63471.074
65084.746
65641.026
66206.897
65084.746
64000.0
65084.746
66782.609
65084.746
66206.897
67368.421
66782.609
65084.746
65084.746
65084.746
64000.0
66782.609
65641.026
63471.074
65084.746
66782.609
64537.815
65084.746
64000.0
118153.846
65641.026
58625.954
59534.884
64000.0
67368.421
66206.897
65084.746
65641.026
65641.026
118153.846
66206.897
56470.588
61935.484
65641.026
67368.421
64537.815
64537.815
67368.421
67368.421
67368.421
64537.815
64537.815
66206.897
65084.746
64000.0
65084.746
65641.026
66206.897
65641.026
65641.026
65084.746
65641.026
65641.026
63471.074
64000.0
118153.846
64537.815
56058.394
61935.484
65084.746
65641.026
65084.746
64000.0
64537.815
65084.746
65084.746
64537.815
62950.82
65641.026
118153.846
64537.815
57313.433
59076.923
65084.746
66782.609
65084.746
64537.815
67964.602
