82417.582
83333.333
87719.298
94936.709
82872.928
79365.079
80213.904
88757.396
90361.446
88235.294
82417.582
84269.663
85227.273
86705.202
89820.359
87209.302
84269.663
90361.446
80213.904
88235.294
93167.702
92592.593
85227.273
94936.709
78534.031
83798.883
90361.446
92592.593
99337.748
78534.031
79365.079
80645.161
92592.593
92024.54
92024.54
84745.763
77720.207
84269.663
90909.091
100000.0
78534.031
79787.234
81967.213
85227.273
92024.54
90361.446
84269.663
76923.077
81967.213
86206.897
96774.194
104166.667
107142.857
79365.079
77319.588
79787.234
86206.897
189873.418
187500.0
78125.0
79787.234
83798.883
85714.286
89285.714
92024.54
86206.897
75376.884
83798.883
88235.294
91463.415
87719.298
84745.763
78534.031
83333.333
90361.446
96774.194
89820.359
77720.207
79787.234
83798.883
95541.401
78534.031
80645.161
82872.928
82872.928
88235.294
82872.928
83333.333
86705.202
87719.298
81967.213
87719.298
93167.702
81081.081
79365.079
81521.739
86206.897
91463.415
85714.286
78947.368
84269.663
88757.396
92024.54
104166.667
79365.079
79787.234
80213.904
84269.663
92592.593
92592.593
94339.623
85227.273
78534.031
80645.161
85714.286
92024.54
92024.54
82417.582
78947.368
80645.161
89285.714
94936.709
86705.202
78534.031
80213.904
83333.333
92592.593
98684.211
78947.368
78947.368
81967.213
84269.663
89820.359
89285.714
78947.368
83333.333
83333.333
84745.763
90361.446
88757.396
81967.213
78947.368
83333.333
87719.298
92024.54
85714.286
83333.333
94936.709
83798.883
84269.663
86206.897
89820.359
85227.273
85227.273
78947.368
82872.928
88235.294
90361.446
87209.302
78534.031
80645.161
87719.298
92024.54
93750.0
95541.401
78947.368
79365.079
79787.234
87719.298
92592.593
95541.401
83333.333
78125.0
81081.081
86206.897
86206.897
84745.763
89285.714
78534.031
81521.739
92592.593
97402.597
102739.726
78947.368
78534.031
83333.333
81521.739
87719.298
85714.286
82417.582
78534.031
81081.081
87209.302
91463.415
90361.446
90909.091
77720.207
78125.0
85227.273
91463.415
88757.396
83798.883
77720.207
82872.928
86705.202
89820.359
89820.359
84745.763
77720.207
81967.213
91463.415
91463.415
90909.091
84745.763
87209.302
78125.0
81081.081
89285.714
92592.593
93167.702
82872.928
78534.031
78125.0
90909.091
92024.54
98684.211
103448.276
78947.368
78947.368
78947.368
82417.582
85227.273
79365.079
80645.161
79365.079
88757.396
93750.0
78534.031
78534.031
80645.161
82872.928
92024.54
96153.846
83798.883
85714.286
106382.979
96774.194
107913.669
125000.0
91463.415
77720.207
80213.904
87719.298
91463.415
91463.415
95541.401
77720.207
76923.077
81521.739
81521.739
92024.54
88757.396
77720.207
83333.333
92592.593
84269.663
77319.588
79787.234
79365.079
82872.928
86705.202
92592.593
77319.588
78947.368
78947.368
85714.286
97402.597
102739.726
78125.0
77720.207
78534.031
83333.333
87209.302
82872.928
80645.161
81521.739
80645.161
86206.897
90361.446
84269.663
85714.286
77319.588
79365.079
86206.897
90361.446
81967.213
85714.286
78125.0
84745.763
83333.333
92024.54
99337.748
83333.333
77720.207
79787.234
86705.202
85714.286
88757.396
78534.031
78534.031
80645.161
87209.302
89285.714
91463.415
78125.0
78947.368
80645.161
90909.091
90909.091
92592.593
78534.031
88235.294
77319.588
81967.213
88757.396
88757.396
77720.207
78947.368
81081.081
87719.298
92024.54
84745.763
77319.588
80645.161
83798.883
93750.0
77720.207
78947.368
82872.928
78947.368
84745.763
90909.091
78125.0
78947.368
80645.161
83333.333
87209.302
81521.739
78125.0
81521.739
82872.928
86206.897
89820.359
78125.0
78947.368
84745.763
85714.286
87719.298
90361.446
77720.207
89820.359
78125.0
80213.904
87719.298
92024.54
94339.623
96153.846
78125.0
78534.031
82417.582
87209.302
87209.302
88235.294
77720.207
78125.0
83333.333
86705.202
90909.091
91463.415
77720.207
88757.396
77720.207
80645.161
79787.234
80645.161
80645.161
83333.333
85714.286
88757.396
77720.207
83798.883
78534.031
80213.904
87719.298
93167.702
85227.273
77720.207
78125.0
81967.213
87209.302
93167.702
95541.401
78125.0
78534.031
78947.368
85227.273
89820.359
78534.031
78947.368
82872.928
81967.213
85227.273
88235.294
81967.213
81521.739
78534.031
81967.213
86705.202
89285.714
78125.0
79365.079
81521.739
84269.663
84745.763
87719.298
78534.031
78947.368
83333.333
84269.663
78125.0
80645.161
81081.081
80213.904
82417.582
79365.079
81081.081
81967.213
78947.368
81967.213
85714.286
84269.663
78125.0
81521.739
79365.079
84269.663
90361.446
90909.091
85714.286
78534.031
78947.368
81081.081
92024.54
98684.211
78534.031
78534.031
78947.368
79365.079
82872.928
88757.396
77720.207
79787.234
80213.904
80213.904
86206.897
88235.294
78125.0
84269.663
77720.207
85714.286
102040.816
148514.851
180722.892
64935.065
312500.0
2242.152
1875000.0
11380.88
156250.0
73891.626
74257.426
75000.0
76530.612
76142.132
76142.132
76923.077
76530.612
76142.132
76923.077
106382.979
110294.118
77319.588
78125.0
78125.0
77319.588
77319.588
77720.207
78947.368
77720.207
77720.207
76923.077
81967.213
94936.709
90361.446
78125.0
78125.0
78534.031
80645.161
87719.298
91463.415
94936.709
94339.623
79787.234
79365.079
79365.079
81521.739
83798.883
79787.234
78947.368
85227.273
80645.161
79365.079
86705.202
92024.54
80645.161
80645.161
81521.739
80645.161
81081.081
88757.396
92024.54
98039.216
106382.979
81081.081
80213.904
80213.904
100671.141
168539.326
57915.058
104895.105
166666.667
200000.0
97402.597
88235.294
97402.597
68181.818
86705.202
72815.534
96153.846
138888.889
67567.568
108695.652
144230.769
58365.759
106382.979
67567.568
98684.211
70093.458
104166.667
118110.236
65217.391
100671.141
150000.0
223880.597
122950.82
113636.364
96153.846
80645.161
82872.928
90361.446
93167.702
94339.623
79365.079
78125.0
79787.234
87209.302
92024.54
90361.446
87719.298
87719.298
93167.702
77720.207
79365.079
86705.202
88757.396
90361.446
92592.593
84745.763
76923.077
79365.079
85227.273
88757.396
94936.709
93750.0
77720.207
78125.0
79787.234
90909.091
87209.302
84745.763
88235.294
76530.612
81521.739
80213.904
83333.333
87209.302
88757.396
90361.446
87719.298
79365.079
77720.207
83798.883
87209.302
87209.302
85227.273
76923.077
81521.739
79365.079
84745.763
85714.286
86206.897
80645.161
81967.213
79787.234
80213.904
86705.202
87209.302
85714.286
78534.031
84269.663
78534.031
82872.928
78947.368
80645.161
83333.333
79365.079
79365.079
86705.202
90361.446
92024.54
89285.714
77720.207
79365.079
78947.368
87719.298
88757.396
77720.207
78534.031
79365.079
80213.904
81967.213
85714.286
89285.714
77720.207
79365.079
103448.276
144230.769
185185.185
84269.663
122950.82
145631.068
80645.161
118110.236
159574.468
161290.323
63291.139
97402.597
157894.737
159574.468
176470.588
180722.892
189873.418
147058.824
147058.824
53003.534
107913.669
170454.545
211267.606
200000.0
126050.42
121951.22
86206.897
102040.816
154639.175
74257.426
101351.351
69124.424
90909.091
