71090.047
66371.681
65502.183
66079.295
65502.183
65502.183
65502.183
65502.183
66666.667
66964.286
66964.286
66079.295
156250.0
48543.689
62240.664
137614.679
56603.774
60000.0
70422.535
70093.458
70093.458
70422.535
69124.424
68493.151
66964.286
64655.172
63829.787
64935.065
65217.391
63291.139
63559.322
64655.172
64655.172
65217.391
65789.474
64935.065
65502.183
64377.682
63025.21
60975.61
60000.0
63291.139
66371.681
66964.286
68181.818
66964.286
68493.151
66666.667
65502.183
67264.574
68181.818
68181.818
68181.818
69124.424
68807.339
68807.339
68807.339
68807.339
68493.151
69444.444
69124.424
69444.444
69124.424
68807.339
68807.339
68181.818
67567.568
69124.424
68807.339
69124.424
69124.424
69767.442
68807.339
68807.339
68493.151
68807.339
68181.818
68493.151
68181.818
68181.818
68493.151
70422.535
71770.335
73170.732
73529.412
72115.385
70754.717
69444.444
67264.574
66964.286
66371.681
67567.568
67264.574
66964.286
65789.474
67567.568
68493.151
67873.303
65502.183
65502.183
66964.286
66666.667
66964.286
64935.065
62240.664
61983.471
62500.0
63291.139
61983.471
63025.21
63559.322
63559.322
64102.564
65502.183
65789.474
64935.065
63829.787
62500.0
59288.538
61224.49
59055.118
58823.529
60728.745
60240.964
63025.21
64102.564
64935.065
66964.286
67567.568
68181.818
68807.339
68493.151
67873.303
68493.151
68181.818
68807.339
68493.151
68807.339
68807.339
68181.818
67873.303
67873.303
68181.818
67873.303
66371.681
66964.286
66666.667
66666.667
67264.574
66666.667
66666.667
66371.681
66371.681
67264.574
66371.681
65502.183
66964.286
66666.667
66964.286
67873.303
68807.339
68493.151
68493.151
69124.424
67567.568
67264.574
67567.568
66964.286
67567.568
68181.818
68807.339
68493.151
67264.574
67873.303
67264.574
66371.681
64935.065
64102.564
63291.139
63291.139
63559.322
62761.506
64102.564
64377.682
65217.391
66371.681
67264.574
68493.151
69767.442
70093.458
71090.047
71090.047
71428.571
72463.768
71770.335
70422.535
70754.717
65217.391
64935.065
64655.172
64935.065
61983.471
63559.322
64102.564
64655.172
65502.183
66371.681
67264.574
67567.568
69444.444
69444.444
69444.444
69444.444
68181.818
69444.444
68181.818
67567.568
68181.818
67873.303
66964.286
67873.303
68493.151
67264.574
67567.568
67873.303
68181.818
66666.667
66666.667
66371.681
65789.474
66079.295
66371.681
66079.295
66079.295
65502.183
65789.474
66666.667
67264.574
67264.574
67264.574
67873.303
67873.303
67873.303
68181.818
69124.424
68181.818
66666.667
67873.303
68181.818
66964.286
67264.574
67567.568
67873.303
66666.667
66371.681
66371.681
66964.286
66666.667
66964.286
68493.151
68493.151
68181.818
68493.151
68807.339
68807.339
68181.818
67264.574
68493.151
68493.151
69444.444
68493.151
70093.458
70093.458
66371.681
58593.75
59523.81
59523.81
59760.956
60483.871
61728.395
63559.322
64655.172
63291.139
64655.172
65217.391
66964.286
66666.667
65502.183
63559.322
66079.295
66666.667
66964.286
63291.139
62761.506
63559.322
61983.471
61224.49
59523.81
57692.308
56818.182
61728.395
65502.183
60728.745
61728.395
63025.21
63025.21
63291.139
65502.183
64655.172
65502.183
64935.065
66079.295
65789.474
65502.183
66964.286
66079.295
65789.474
65789.474
63829.787
65217.391
65502.183
66964.286
67567.568
66666.667
67567.568
65502.183
66964.286
66371.681
63559.322
65217.391
66964.286
66371.681
66371.681
66964.286
66666.667
66964.286
66371.681
67873.303
68493.151
67873.303
68493.151
68493.151
68493.151
68493.151
68181.818
69124.424
68181.818
67873.303
67264.574
67264.574
66371.681
66666.667
66371.681
67873.303
67264.574
67873.303
69444.444
69767.442
68807.339
68807.339
69124.424
70093.458
68807.339
68181.818
67567.568
68493.151
66964.286
67264.574
66371.681
63559.322
59288.538
60000.0
58365.759
56390.977
394736.842
545.593
1153846.154
6874.427
42857.143
9590.793
23885.35
32608.696
294117.647
43604.651
122950.82
32822.757
43731.778
40431.267
42735.043
44910.18
57915.058
54744.526
64935.065
86705.202
74626.866
77720.207
89285.714
94339.623
109489.051
107142.857
105633.803
103448.276
102040.816
96774.194
94936.709
96774.194
95541.401
94936.709
94339.623
96153.846
96153.846
97402.597
98039.216
99337.748
98684.211
97402.597
94339.623
197368.421
66079.295
98039.216
104166.667
101351.351
168539.326
71770.335
99337.748
102040.816
102040.816
104895.105
107142.857
110294.118
110294.118
113636.364
115384.615
115384.615
118110.236
119047.619
119047.619
120967.742
122950.82
