75000.0
127118.644
90361.446
137614.679
66964.286
118110.236
74257.426
129310.345
67567.568
137614.679
64935.065
135135.135
70093.458
132743.363
88757.396
71770.335
131578.947
66964.286
122950.82
90361.446
135135.135
65789.474
121951.22
74257.426
128205.128
88235.294
136363.636
67264.574
118110.236
76142.132
126050.42
174418.605
115384.615
72815.534
75376.884
79365.079
85714.286
86206.897
85714.286
88757.396
84269.663
86705.202
52631.579
132743.363
79365.079
80645.161
116279.07
82872.928
119047.619
93750.0
128205.128
67873.303
118110.236
93167.702
137614.679
65502.183
118110.236
75000.0
127118.644
68181.818
138888.889
66964.286
140186.916
72115.385
135135.135
87719.298
137614.679
67873.303
117187.5
76142.132
127118.644
128205.128
132743.363
70422.535
138888.889
72815.534
135135.135
83798.883
133928.571
67873.303
119047.619
72463.768
127118.644
90361.446
136363.636
65217.391
147058.824
70422.535
130434.783
168539.326
121951.22
73170.732
127118.644
67567.568
123966.942
67873.303
138888.889
64377.682
135135.135
64377.682
137614.679
67567.568
133928.571
65217.391
133928.571
64102.564
135135.135
118110.236
73891.626
131578.947
64655.172
120000.0
67873.303
116279.07
69124.424
121951.22
81521.739
131578.947
66964.286
130434.783
68493.151
121951.22
67873.303
76530.612
86705.202
52816.901
129310.345
189873.418
61475.41
135135.135
172413.793
189873.418
68181.818
113636.364
230769.231
65502.183
114503.817
241935.484
227272.727
250000.0
223880.597
272727.273
254237.288
238095.238
254237.288
263157.895
227272.727
230769.231
238095.238
272727.273
230769.231
245901.639
312500.0
205479.452
230769.231
283018.868
178571.429
81521.739
110294.118
88757.396
119047.619
68493.151
101351.351
78125.0
135135.135
65502.183
75757.576
80645.161
85227.273
85227.273
85714.286
86206.897
220588.235
69444.444
131578.947
98684.211
75000.0
75757.576
80645.161
85714.286
95541.401
104166.667
81521.739
51546.392
128205.128
81967.213
78947.368
83333.333
85714.286
85714.286
86705.202
86705.202
51724.138
129310.345
131578.947
70093.458
136363.636
102739.726
74257.426
75757.576
98684.211
98039.216
84269.663
52631.579
129310.345
87719.298
78947.368
83798.883
85714.286
85714.286
104895.105
82872.928
118110.236
69444.444
135135.135
71090.047
131578.947
68181.818
128205.128
93167.702
135135.135
67567.568
131578.947
71770.335
130434.783
172413.793
68807.339
123966.942
194805.195
67264.574
116279.07
230769.231
241935.484
234375.0
250000.0
234375.0
267857.143
258620.69
267857.143
300000.0
238095.238
220588.235
272727.273
211267.606
234375.0
227272.727
272727.273
245901.639
230769.231
245901.639
263157.895
208333.333
205479.452
189873.418
63291.139
102739.726
106382.979
45180.723
104895.105
74257.426
100000.0
100000.0
80213.904
128205.128
66964.286
121951.22
68807.339
76923.077
182926.829
70422.535
131578.947
185185.185
63559.322
142857.143
68807.339
137614.679
87719.298
133928.571
69767.442
126050.42
67567.568
76530.612
82417.582
86206.897
86206.897
86705.202
86206.897
87209.302
86705.202
86206.897
86705.202
106382.979
71428.571
135135.135
64102.564
130434.783
64935.065
123966.942
79365.079
137614.679
86206.897
135135.135
96153.846
133928.571
94339.623
142857.143
86206.897
132743.363
178571.429
66079.295
117187.5
214285.714
64935.065
116279.07
223880.597
223880.597
170454.545
76530.612
125000.0
189873.418
227272.727
66079.295
111940.299
187500.0
333333.333
227272.727
241935.484
227272.727
258620.69
319148.936
227272.727
238095.238
250000.0
223880.597
230769.231
254237.288
258620.69
208333.333
238095.238
294117.647
205479.452
294117.647
211267.606
277777.778
220588.235
277777.778
227272.727
238095.238
267857.143
217391.304
200000.0
214285.714
68807.339
73891.626
112781.955
81081.081
138888.889
82872.928
140186.916
66666.667
107913.669
82872.928
137614.679
96153.846
144230.769
66964.286
119047.619
217391.304
182926.829
67873.303
107142.857
176470.588
217391.304
230769.231
283018.868
263157.895
241935.484
176470.588
241935.484
214285.714
211267.606
164835.165
73891.626
127118.644
220588.235
258620.69
254237.288
227272.727
71428.571
109489.051
214285.714
65502.183
166666.667
147058.824
267857.143
283018.868
254237.288
230769.231
241935.484
238095.238
238095.238
234375.0
254237.288
234375.0
238095.238
277777.778
230769.231
200000.0
194805.195
73170.732
96774.194
72463.768
94339.623
71428.571
76530.612
81081.081
214285.714
71428.571
132743.363
104895.105
75757.576
76530.612
208333.333
71090.047
83333.333
86206.897
85714.286
86206.897
86705.202
86705.202
86705.202
192307.692
70422.535
83798.883
85714.286
86206.897
51194.539
82872.928
114503.817
79365.079
85227.273
86705.202
85714.286
86705.202
86206.897
86705.202
86705.202
86705.202
86705.202
86705.202
86705.202
211267.606
71090.047
130434.783
87719.298
78947.368
85227.273
107913.669
71090.047
135135.135
72463.768
132743.363
78125.0
129310.345
80213.904
132743.363
88235.294
137614.679
67264.574
125000.0
68493.151
75376.884
84745.763
86206.897
86705.202
87209.302
86705.202
87209.302
52083.333
127118.644
81081.081
107142.857
79787.234
84745.763
52083.333
129310.345
86206.897
79365.079
85227.273
85714.286
86705.202
87209.302
105633.803
70422.535
137614.679
92592.593
73170.732
75376.884
82872.928
86206.897
176470.588
238095.238
96774.194
85227.273
211267.606
68493.151
130434.783
75000.0
131578.947
103448.276
73170.732
132743.363
84269.663
92024.54
94339.623
128205.128
98684.211
136363.636
81521.739
128205.128
90909.091
136363.636
65789.474
121951.22
78947.368
133928.571
163043.478
68493.151
121951.22
68807.339
154639.175
63025.21
126050.42
92592.593
138888.889
113636.364
71428.571
135135.135
79787.234
104895.105
79787.234
131578.947
85714.286
133928.571
89820.359
136363.636
66964.286
120967.742
234375.0
81967.213
133928.571
90361.446
150000.0
90361.446
137614.679
65789.474
119047.619
95541.401
140186.916
66666.667
120000.0
76142.132
129310.345
174418.605
68181.818
121951.22
68493.151
133928.571
62761.506
145631.068
59055.118
142857.143
81081.081
135135.135
66964.286
123966.942
67873.303
123966.942
66964.286
121951.22
67567.568
75757.576
86705.202
86705.202
51546.392
130434.783
100671.141
74257.426
75000.0
82872.928
86206.897
86206.897
230769.231
192307.692
70754.717
133928.571
64377.682
127118.644
73170.732
131578.947
66371.681
131578.947
64377.682
130434.783
68807.339
130434.783
87719.298
73529.412
117187.5
245901.639
64377.682
115384.615
220588.235
214285.714
283018.868
223880.597
205479.452
74257.426
112781.955
365853.659
691.946
65789.474
288461.538
86206.897
57915.058
56818.182
54945.055
55762.082
53763.441
55762.082
54545.455
56818.182
56390.977
56818.182
57251.908
58365.759
76142.132
75757.576
76530.612
75757.576
75757.576
75000.0
76530.612
77319.588
74626.866
77319.588
76142.132
77319.588
77720.207
77720.207
77319.588
74626.866
76923.077
76530.612
76530.612
76923.077
75000.0
78947.368
76142.132
74626.866
77319.588
75376.884
76530.612
75000.0
73891.626
77319.588
74626.866
73891.626
75376.884
72815.534
75757.576
74257.426
71770.335
75376.884
71428.571
73891.626
74257.426
72115.385
70754.717
73170.732
71090.047
71428.571
72115.385
70422.535
72115.385
70754.717
69444.444
70754.717
71090.047
69767.442
69767.442
70422.535
71090.047
69124.424
73170.732
70422.535
