65641.026
67368.421
66206.897
66782.609
66206.897
65641.026
65084.746
64000.0
63471.074
64537.815
62950.82
64537.815
64000.0
66206.897
65641.026
65084.746
86292.135
58625.954
63471.074
111304.348
94814.815
55251.799
61440.0
60472.441
60952.381
62439.024
62950.82
64000.0
64000.0
65084.746
64537.815
64537.815
64537.815
64000.0
63471.074
65641.026
60952.381
64000.0
60472.441
61935.484
62950.82
62950.82
62950.82
63471.074
64537.815
109714.286
92530.12
128000.0
128000.0
56888.889
85333.333
51543.624
57744.361
58625.954
58625.954
58625.954
59534.884
60952.381
60952.381
61440.0
61935.484
61440.0
61440.0
60952.381
61440.0
76800.0
56058.394
61935.484
61440.0
62439.024
62439.024
62439.024
62439.024
61440.0
61440.0
60952.381
61440.0
62439.024
62950.82
63471.074
61935.484
61440.0
61935.484
61935.484
61935.484
61935.484
64000.0
60472.441
64537.815
61440.0
62439.024
62950.82
62439.024
61935.484
61935.484
106666.667
106666.667
72452.83
60472.441
60472.441
59534.884
60000.0
60472.441
60472.441
60952.381
60000.0
116363.636
109714.286
66206.897
64537.815
58625.954
59076.923
123870.968
130169.492
62439.024
56470.588
58625.954
57744.361
83478.261
56888.889
58181.818
56888.889
57744.361
57744.361
58625.954
59534.884
60472.441
60000.0
60000.0
60000.0
61440.0
60952.381
61440.0
61440.0
60952.381
60472.441
59534.884
60000.0
60472.441
60000.0
60952.381
60472.441
59534.884
59534.884
58181.818
58625.954
58625.954
58181.818
57313.433
80000.0
52602.74
56888.889
58181.818
114626.866
90352.941
66782.609
51543.624
56888.889
57744.361
58625.954
59076.923
58625.954
59076.923
60000.0
60000.0
60952.381
60952.381
61440.0
61440.0
61935.484
61440.0
61440.0
61440.0
61935.484
73142.857
56058.394
60952.381
60472.441
61440.0
60952.381
60952.381
60000.0
60000.0
59534.884
59076.923
58625.954
59534.884
59534.884
60472.441
60952.381
79175.258
55652.174
59534.884
60472.441
61935.484
61440.0
61440.0
61935.484
61440.0
62950.82
61935.484
62439.024
62950.82
63471.074
64000.0
64000.0
90352.941
58625.954
61935.484
62950.82
61935.484
62439.024
62439.024
61935.484
62950.82
63471.074
64000.0
63471.074
63471.074
62950.82
62950.82
62950.82
62950.82
62439.024
61440.0
61935.484
62439.024
62439.024
62950.82
62950.82
73142.857
56888.889
62439.024
63471.074
64000.0
64000.0
64537.815
64000.0
62950.82
60952.381
60472.441
60472.441
60952.381
61935.484
64000.0
60472.441
62950.82
60472.441
57313.433
61440.0
60000.0
61935.484
61440.0
62439.024
62439.024
62950.82
62950.82
62439.024
62950.82
62950.82
81702.128
56888.889
61935.484
62950.82
62439.024
64000.0
64000.0
62950.82
62950.82
62950.82
62950.82
62950.82
63471.074
61440.0
63471.074
62439.024
62439.024
63471.074
62950.82
62439.024
61935.484
61935.484
61935.484
61935.484
105205.479
102400.0
73846.154
60000.0
58625.954
58181.818
58625.954
58625.954
59076.923
59076.923
59534.884
59534.884
60000.0
61935.484
60000.0
61440.0
61440.0
60952.381
62439.024
60472.441
61935.484
62439.024
61935.484
63471.074
60952.381
82580.645
56058.394
60952.381
62950.82
60952.381
62950.82
60952.381
88275.862
52965.517
60952.381
60952.381
61935.484
61440.0
61935.484
61440.0
62439.024
61935.484
61440.0
61935.484
61440.0
61935.484
61935.484
62439.024
61935.484
61935.484
61935.484
63471.074
61440.0
62439.024
61935.484
62439.024
98461.538
121904.762
71111.111
59534.884
58181.818
59076.923
57744.361
58181.818
57744.361
57744.361
57744.361
58181.818
59534.884
59076.923
59076.923
59534.884
56888.889
60472.441
59076.923
59534.884
60472.441
59534.884
60000.0
60472.441
60000.0
60000.0
66782.609
55251.799
60000.0
60952.381
61440.0
61440.0
60952.381
60952.381
60952.381
61440.0
61440.0
61440.0
60952.381
60952.381
60472.441
60472.441
60000.0
102400.0
114626.866
73846.154
60000.0
60952.381
59534.884
60952.381
59076.923
60952.381
59076.923
60952.381
61440.0
61440.0
60952.381
61935.484
62439.024
62439.024
62439.024
62439.024
61935.484
61440.0
61440.0
60952.381
60952.381
60952.381
60472.441
60000.0
61440.0
60952.381
90352.941
139636.364
70458.716
56058.394
56888.889
57313.433
56888.889
57744.361
57744.361
58625.954
58181.818
59076.923
59534.884
59534.884
60472.441
60952.381
60952.381
60952.381
60472.441
60000.0
60952.381
60952.381
60952.381
62439.024
62439.024
62439.024
62950.82
92530.12
130169.492
120000.0
53706.294
59076.923
59076.923
60000.0
59534.884
59534.884
60000.0
60000.0
60000.0
60952.381
60472.441
61440.0
60472.441
60000.0
60472.441
60000.0
59534.884
59534.884
60000.0
60000.0
60000.0
59076.923
83478.261
54084.507
58625.954
59076.923
59076.923
59534.884
60472.441
60472.441
60000.0
59076.923
59076.923
60000.0
60000.0
60952.381
60952.381
61440.0
61440.0
61440.0
61440.0
62439.024
60952.381
60472.441
60952.381
60472.441
60472.441
61440.0
60952.381
61440.0
92530.12
105205.479
72452.83
60472.441
60472.441
60472.441
59534.884
60472.441
60472.441
60472.441
60952.381
61935.484
61935.484
62950.82
62439.024
62950.82
62950.82
63471.074
62950.82
62950.82
63471.074
62950.82
63471.074
63471.074
64000.0
63471.074
62950.82
62950.82
63471.074
63471.074
78367.347
55251.799
58181.818
57313.433
57313.433
57744.361
58181.818
59076.923
59534.884
106666.667
112941.176
80842.105
56058.394
58181.818
58625.954
58625.954
59534.884
59076.923
60000.0
59534.884
59534.884
59534.884
59076.923
58625.954
59534.884
58625.954
60472.441
59534.884
60000.0
60000.0
60000.0
60472.441
60952.381
61440.0
61440.0
61440.0
61935.484
60952.381
60952.381
60952.381
60472.441
93658.537
137142.857
62950.82
59534.884
60472.441
60472.441
60472.441
60472.441
60952.381
60000.0
60952.381
247741.935
118153.846
94814.815
118153.846
69818.182
58181.818
102400.0
142222.222
59076.923
59534.884
60000.0
60000.0
60472.441
60952.381
61440.0
61935.484
61935.484
62950.82
61935.484
62950.82
62950.82
62439.024
62950.82
61935.484
62439.024
63471.074
61935.484
63471.074
61935.484
62950.82
62439.024
62439.024
62439.024
62950.82
62950.82
75294.118
56888.889
60952.381
62439.024
62439.024
61935.484
61440.0
62439.024
60952.381
61440.0
60952.381
60952.381
60952.381
61440.0
60472.441
60952.381
61440.0
61440.0
61440.0
61440.0
61935.484
61440.0
61440.0
60472.441
60952.381
60472.441
60472.441
61440.0
60952.381
90352.941
130169.492
59534.884
61935.484
60952.381
60952.381
61440.0
60472.441
60000.0
59534.884
60000.0
60000.0
60472.441
61440.0
61935.484
61935.484
61935.484
61440.0
60952.381
61440.0
61440.0
61935.484
62439.024
62439.024
80842.105
56470.588
61440.0
61935.484
61440.0
60952.381
61440.0
60952.381
60472.441
61935.484
61440.0
62439.024
61935.484
64000.0
63471.074
64000.0
63471.074
63471.074
63471.074
63471.074
62950.82
64000.0
62950.82
63471.074
62950.82
61935.484
63471.074
62950.82
62950.82
62950.82
61935.484
62439.024
70458.716
57313.433
62439.024
62950.82
62950.82
63471.074
62439.024
76800.0
61935.484
62439.024
61935.484
61935.484
61440.0
61440.0
61440.0
62439.024
61935.484
60952.381
59076.923
58181.818
57313.433
58181.818
57744.361
58625.954
59076.923
60000.0
60472.441
76800.0
55251.799
59534.884
60472.441
60952.381
62439.024
62439.024
62439.024
61935.484
63471.074
61935.484
62439.024
62439.024
61935.484
247741.935
82580.645
61935.484
61935.484
61935.484
102400.0
153600.0
60472.441
116363.636
118153.846
60000.0
59534.884
58625.954
59534.884
60000.0
60952.381
61440.0
61935.484
62950.82
63471.074
65084.746
65641.026
93658.537
240000.0
97215.19
118153.846
76039.604
65641.026
63471.074
65084.746
66782.609
64537.815
61935.484
64537.815
62950.82
63471.074
63471.074
64000.0
64537.815
62439.024
66782.609
65084.746
65084.746
65641.026
65084.746
65641.026
65641.026
64000.0
66782.609
65084.746
62439.024
66206.897
64000.0
64537.815
64537.815
63471.074
61440.0
61440.0
64000.0
61935.484
60472.441
64537.815
62439.024
62950.82
89302.326
132413.793
89302.326
60000.0
60000.0
59534.884
59534.884
59534.884
60472.441
61440.0
61440.0
61935.484
111304.348
87272.727
55652.174
62439.024
60952.381
60472.441
60000.0
60472.441
60472.441
60952.381
61440.0
62439.024
62950.82
63471.074
64000.0
64000.0
64000.0
64000.0
64000.0
65084.746
64537.815
65084.746
65084.746
65641.026
64537.815
64000.0
63471.074
64000.0
63471.074
64000.0
64537.815
64537.815
65641.026
65641.026
65641.026
65641.026
65084.746
65084.746
64537.815
65084.746
64537.815
64537.815
65084.746
64537.815
64537.815
63471.074
88275.862
128000.0
68571.429
61935.484
62439.024
61935.484
61935.484
61935.484
61440.0
62439.024
62439.024
62439.024
61935.484
62439.024
61935.484
61935.484
60472.441
60952.381
61440.0
60952.381
60472.441
61440.0
61440.0
61935.484
62439.024
62950.82
62439.024
62439.024
61935.484
62439.024
62439.024
62950.82
64000.0
91428.571
125901.639
71775.701
62950.82
62439.024
62950.82
62439.024
63471.074
62950.82
62950.82
62950.82
62439.024
62950.82
62950.82
62950.82
63471.074
64000.0
64000.0
64000.0
63471.074
64000.0
63471.074
63471.074
64537.815
64000.0
64000.0
64000.0
63471.074
64000.0
62950.82
62950.82
62439.024
62950.82
62439.024
79175.258
58181.818
62950.82
62950.82
63471.074
62950.82
62950.82
62439.024
62950.82
62439.024
116363.636
86292.135
55652.174
59534.884
69189.189
55652.174
60472.441
61440.0
62439.024
61935.484
62439.024
62439.024
61935.484
61440.0
61440.0
61935.484
61935.484
62439.024
62950.82
62950.82
63471.074
64000.0
64000.0
63471.074
65084.746
64000.0
63471.074
64000.0
63471.074
62950.82
64000.0
63471.074
64000.0
63471.074
62950.82
63471.074
63471.074
83478.261
58181.818
62439.024
63471.074
63471.074
64000.0
64000.0
64537.815
64537.815
64000.0
63471.074
63471.074
62439.024
62439.024
62950.82
62439.024
62439.024
62950.82
62439.024
62439.024
62439.024
62439.024
61935.484
62439.024
61935.484
62950.82
62950.82
62950.82
63471.074
62950.82
62950.82
62439.024
62950.82
61935.484
61935.484
83478.261
56470.588
60472.441
60952.381
61440.0
61935.484
62439.024
62439.024
63471.074
63471.074
64000.0
64000.0
64000.0
64537.815
65084.746
64537.815
65084.746
65641.026
65641.026
66206.897
65641.026
65641.026
66206.897
65641.026
65641.026
65641.026
65641.026
66206.897
66206.897
66782.609
66782.609
75294.118
60472.441
65641.026
66206.897
65641.026
65641.026
65084.746
65084.746
65641.026
65084.746
65084.746
65641.026
66206.897
65641.026
66206.897
65084.746
65641.026
65084.746
65084.746
65084.746
64537.815
64537.815
64000.0
63471.074
64000.0
63471.074
63471.074
64000.0
63471.074
64000.0
63471.074
64000.0
64537.815
63471.074
64000.0
64000.0
94814.815
109714.286
73142.857
61935.484
61440.0
60952.381
61440.0
59534.884
63471.074
64000.0
63471.074
64000.0
63471.074
63471.074
62950.82
62950.82
62950.82
62950.82
62950.82
63471.074
64000.0
64000.0
64537.815
64000.0
64537.815
64000.0
64000.0
64000.0
63471.074
64000.0
62950.82
63471.074
63471.074
63471.074
64000.0
91428.571
120000.0
69189.189
62439.024
61935.484
62439.024
59076.923
59534.884
59534.884
60472.441
60000.0
60472.441
60472.441
61440.0
60472.441
61935.484
61440.0
61440.0
62439.024
61935.484
62439.024
62439.024
62950.82
62439.024
61935.484
61935.484
61935.484
76039.604
56470.588
60952.381
61440.0
65641.026
61935.484
61440.0
61440.0
61440.0
61440.0
60472.441
60952.381
60000.0
60000.0
60000.0
83478.261
139636.364
90352.941
60952.381
61440.0
61935.484
61935.484
61440.0
61440.0
60952.381
60952.381
60000.0
59076.923
59076.923
60000.0
60000.0
60000.0
60000.0
61440.0
61440.0
61935.484
62950.82
62439.024
61935.484
61935.484
62439.024
62439.024
62439.024
62950.82
78367.347
58181.818
62439.024
61440.0
61440.0
61440.0
60952.381
60952.381
61440.0
61935.484
60000.0
63471.074
61935.484
61440.0
61440.0
60472.441
60472.441
60472.441
60472.441
59534.884
60000.0
60000.0
60472.441
61935.484
61935.484
61440.0
61935.484
60952.381
61440.0
61440.0
61440.0
61935.484
61935.484
83478.261
57313.433
61440.0
63471.074
63471.074
64000.0
64537.815
62950.82
65641.026
64000.0
64000.0
64537.815
64000.0
64537.815
64537.815
64537.815
64000.0
64000.0
62950.82
63471.074
62950.82
62950.82
63471.074
61440.0
65084.746
63471.074
63471.074
62950.82
63471.074
62950.82
103783.784
93658.537
91428.571
56058.394
60952.381
65084.746
59076.923
61935.484
61935.484
62439.024
61440.0
61440.0
60952.381
60952.381
60952.381
60000.0
60952.381
60952.381
60472.441
61440.0
62439.024
62439.024
61935.484
61935.484
60000.0
63471.074
72452.83
106666.667
139636.364
123870.968
137142.857
112941.176
108169.014
109714.286
114626.866
125901.639
121904.762
134736.842
137142.857
123870.968
137142.857
62439.024
58181.818
54084.507
51200.0
52244.898
54084.507
54468.085
56470.588
56888.889
58625.954
59076.923
59534.884
60472.441
58625.954
62439.024
60952.381
60952.381
61440.0
61935.484
61440.0
61440.0
61440.0
61935.484
61440.0
61440.0
60472.441
60472.441
60000.0
86292.135
123870.968
79175.258
54084.507
59534.884
60472.441
61440.0
61935.484
61935.484
61935.484
61440.0
62439.024
61935.484
62439.024
62439.024
61935.484
62439.024
61440.0
61935.484
61935.484
61935.484
61935.484
61935.484
61935.484
62439.024
61935.484
62950.82
62439.024
62439.024
62439.024
61440.0
80842.105
56058.394
59076.923
59534.884
60000.0
60472.441
61440.0
61935.484
62439.024
62950.82
62950.82
61440.0
60952.381
58181.818
56470.588
54857.143
55652.174
56470.588
56058.394
56888.889
56058.394
56470.588
55652.174
59534.884
78367.347
54857.143
59076.923
59076.923
59534.884
59076.923
59534.884
59076.923
59534.884
60000.0
59534.884
74563.107
54468.085
57744.361
57744.361
57744.361
57313.433
57744.361
56888.889
56888.889
57313.433
57744.361
58181.818
59076.923
59534.884
60000.0
60000.0
60472.441
60000.0
59534.884
59076.923
58181.818
58625.954
58181.818
59076.923
59076.923
59534.884
57744.361
61440.0
80842.105
55251.799
59534.884
59534.884
60000.0
59534.884
59534.884
60952.381
60472.441
60000.0
60952.381
59534.884
62950.82
61935.484
62439.024
61935.484
62439.024
61935.484
61440.0
60952.381
78367.347
55652.174
60000.0
61935.484
62439.024
62439.024
61935.484
62439.024
62439.024
62439.024
62950.82
62950.82
62439.024
62950.82
62439.024
61935.484
61935.484
60952.381
61440.0
61440.0
60472.441
106666.667
88275.862
53706.294
61935.484
109714.286
80000.0
56470.588
60000.0
60952.381
60472.441
60952.381
60952.381
60952.381
61935.484
62439.024
62439.024
62950.82
62439.024
60952.381
64000.0
62439.024
62439.024
61935.484
61935.484
61440.0
61440.0
59534.884
63471.074
61440.0
61935.484
61440.0
61935.484
61440.0
61935.484
61935.484
61935.484
240000.0
82580.645
61935.484
73846.154
58181.818
60952.381
62439.024
61935.484
63471.074
63471.074
64000.0
63471.074
64000.0
64000.0
65084.746
64000.0
256000.0
88275.862
62439.024
66206.897
64000.0
64000.0
63471.074
63471.074
63471.074
62439.024
61935.484
247741.935
80842.105
61935.484
62439.024
62439.024
87272.727
240000.0
62950.82
62950.82
63471.074
62950.82
62439.024
62950.82
62950.82
90352.941
112941.176
74563.107
61440.0
62439.024
67368.421
548571.429
61935.484
60952.381
61935.484
60000.0
60472.441
60000.0
60472.441
60000.0
61440.0
61935.484
61935.484
62950.82
61440.0
62439.024
61935.484
62950.82
62439.024
68571.429
105205.479
98461.538
121904.762
118153.846
61935.484
60952.381
61440.0
60952.381
60952.381
60952.381
60000.0
59076.923
61935.484
60472.441
60952.381
60952.381
61440.0
59076.923
63471.074
60952.381
61440.0
61935.484
60472.441
61935.484
61440.0
61935.484
61935.484
61440.0
61935.484
61935.484
61440.0
61440.0
61440.0
61440.0
60952.381
61440.0
60952.381
60472.441
60952.381
60952.381
61440.0
60952.381
60952.381
61440.0
60472.441
60000.0
60472.441
93658.537
102400.0
74563.107
57744.361
58181.818
57313.433
66782.609
56470.588
57744.361
58181.818
58181.818
58625.954
60000.0
60000.0
59534.884
59534.884
59534.884
60472.441
60472.441
59076.923
62950.82
84395.604
58181.818
61440.0
61440.0
62439.024
61935.484
61935.484
61935.484
61935.484
61935.484
62439.024
64537.815
60472.441
61935.484
61935.484
62439.024
62950.82
63471.074
63471.074
62950.82
62950.82
62439.024
62950.82
62439.024
62439.024
62439.024
62439.024
62950.82
61935.484
62439.024
61935.484
72452.83
56470.588
59534.884
60000.0
60472.441
60472.441
60952.381
60472.441
61440.0
61440.0
61440.0
62439.024
60472.441
64000.0
62439.024
61440.0
62439.024
61935.484
61935.484
62439.024
61935.484
62439.024
61935.484
62439.024
61935.484
62439.024
61935.484
61440.0
62950.82
61935.484
62439.024
62439.024
62950.82
62439.024
62439.024
62439.024
92530.12
105205.479
79175.258
60472.441
60472.441
59076.923
61935.484
60000.0
60472.441
60952.381
60472.441
60952.381
60952.381
61440.0
61935.484
61935.484
62950.82
62439.024
61935.484
62439.024
62439.024
62439.024
61935.484
61440.0
61440.0
60472.441
75294.118
56058.394
59534.884
60000.0
60472.441
60000.0
60952.381
60952.381
61440.0
61440.0
62439.024
62439.024
61935.484
62439.024
61935.484
62439.024
61935.484
61935.484
61935.484
61935.484
61935.484
61440.0
60952.381
60952.381
62439.024
61935.484
62439.024
62950.82
61935.484
61935.484
61440.0
61440.0
61440.0
91428.571
103783.784
76039.604
57313.433
58625.954
59076.923
58625.954
57744.361
57744.361
58625.954
58625.954
60000.0
60472.441
60000.0
69818.182
123870.968
81702.128
53706.294
57744.361
58181.818
58625.954
59534.884
58625.954
60472.441
60952.381
59076.923
130169.492
137142.857
57744.361
56888.889
59534.884
59534.884
59534.884
59076.923
58625.954
59076.923
59534.884
60000.0
60000.0
60952.381
61440.0
61440.0
62439.024
62439.024
62950.82
62439.024
61935.484
61440.0
61440.0
60952.381
60952.381
61935.484
60472.441
61440.0
60952.381
59076.923
61440.0
61440.0
62950.82
62439.024
62439.024
63471.074
62950.82
62950.82
62950.82
62439.024
62439.024
61935.484
96000.0
102400.0
108169.014
55251.799
60472.441
60472.441
60472.441
60472.441
60472.441
60472.441
60472.441
60472.441
59076.923
62439.024
61440.0
60952.381
60952.381
60472.441
60952.381
60472.441
60952.381
60952.381
61440.0
61440.0
62439.024
61935.484
61935.484
60952.381
58181.818
61935.484
60000.0
60472.441
60472.441
61935.484
60952.381
61440.0
61440.0
60952.381
61440.0
102400.0
90352.941
54857.143
60952.381
60000.0
60000.0
60000.0
60472.441
59534.884
62950.82
60000.0
63471.074
61440.0
61440.0
61935.484
61935.484
61440.0
61440.0
61935.484
60472.441
64000.0
61935.484
62439.024
61935.484
61440.0
61440.0
61440.0
61935.484
62439.024
61935.484
62950.82
61935.484
62950.82
62439.024
62950.82
62439.024
61935.484
62439.024
61935.484
60952.381
59534.884
61935.484
60000.0
59076.923
59076.923
59534.884
84395.604
102400.0
67368.421
55652.174
59076.923
58625.954
58181.818
57313.433
60000.0
59076.923
60000.0
