194805.195
176470.588
138888.889
156250.0
166666.667
180722.892
192307.692
178571.429
200000.0
192307.692
163043.478
154639.175
156250.0
153061.224
164835.165
194805.195
211267.606
220588.235
182926.829
161290.323
147058.824
166666.667
151515.152
159574.468
153061.224
180722.892
202702.703
172413.793
161290.323
194805.195
125000.0
156250.0
144230.769
147058.824
176470.588
174418.605
164835.165
151515.152
161290.323
180722.892
168539.326
157894.737
172413.793
133928.571
159574.468
156250.0
156250.0
189873.418
147058.824
166666.667
189873.418
141509.434
140186.916
166666.667
118110.236
172413.793
172413.793
174418.605
148514.851
164835.165
154639.175
120000.0
150000.0
182926.829
200000.0
118110.236
127118.644
115384.615
144230.769
123966.942
150000.0
156250.0
141509.434
145631.068
172413.793
168539.326
138888.889
108695.652
147058.824
170454.545
182926.829
125000.0
154639.175
166666.667
163043.478
144230.769
144230.769
145631.068
178571.429
180722.892
136363.636
185185.185
129310.345
135135.135
161290.323
170454.545
153061.224
148514.851
145631.068
130434.783
176470.588
189873.418
208333.333
185185.185
156250.0
144230.769
154639.175
161290.323
187500.0
208333.333
197368.421
161290.323
192307.692
117187.5
142857.143
145631.068
150000.0
154639.175
172413.793
187500.0
132743.363
161290.323
163043.478
140186.916
172413.793
132743.363
168539.326
150000.0
147058.824
133928.571
174418.605
200000.0
211267.606
189873.418
194805.195
185185.185
178571.429
174418.605
192307.692
170454.545
147058.824
163043.478
180722.892
135135.135
170454.545
178571.429
172413.793
192307.692
163043.478
145631.068
182926.829
141509.434
150000.0
187500.0
202702.703
208333.333
217391.304
170454.545
174418.605
180722.892
202702.703
182926.829
180722.892
178571.429
121951.22
164835.165
161290.323
178571.429
132743.363
136363.636
182926.829
153061.224
153061.224
153061.224
185185.185
133928.571
161290.323
161290.323
136363.636
166666.667
170454.545
163043.478
163043.478
168539.326
194805.195
150000.0
112781.955
185185.185
220588.235
185185.185
136363.636
170454.545
174418.605
205479.452
192307.692
245901.639
211267.606
254237.288
208333.333
205479.452
168539.326
117187.5
138888.889
148514.851
119047.619
163043.478
145631.068
159574.468
122950.82
176470.588
131578.947
157894.737
147058.824
147058.824
126050.42
154639.175
166666.667
151515.152
168539.326
129310.345
154639.175
154639.175
164835.165
164835.165
129310.345
168539.326
182926.829
145631.068
144230.769
154639.175
180722.892
185185.185
128205.128
176470.588
197368.421
164835.165
137614.679
182926.829
141509.434
170454.545
189873.418
180722.892
161290.323
153061.224
128205.128
174418.605
185185.185
133928.571
153061.224
156250.0
141509.434
156250.0
164835.165
187500.0
197368.421
182926.829
141509.434
145631.068
148514.851
144230.769
133928.571
163043.478
161290.323
161290.323
153061.224
145631.068
164835.165
145631.068
130434.783
159574.468
154639.175
137614.679
141509.434
151515.152
189873.418
208333.333
166666.667
187500.0
192307.692
176470.588
192307.692
151515.152
154639.175
159574.468
180722.892
140186.916
192307.692
128205.128
166666.667
192307.692
211267.606
178571.429
117187.5
182926.829
133928.571
145631.068
151515.152
159574.468
145631.068
156250.0
180722.892
197368.421
217391.304
144230.769
176470.588
168539.326
120000.0
178571.429
128205.128
189873.418
178571.429
172413.793
189873.418
126050.42
157894.737
141509.434
141509.434
130434.783
187500.0
194805.195
154639.175
163043.478
135135.135
159574.468
187500.0
125000.0
135135.135
154639.175
187500.0
172413.793
132743.363
126050.42
157894.737
144230.769
178571.429
150000.0
187500.0
122950.82
161290.323
154639.175
154639.175
147058.824
166666.667
136363.636
141509.434
189873.418
157894.737
140186.916
159574.468
172413.793
194805.195
192307.692
187500.0
151515.152
220588.235
230769.231
254237.288
227272.727
258620.69
211267.606
214285.714
208333.333
104895.105
136363.636
145631.068
178571.429
147058.824
125000.0
132743.363
147058.824
147058.824
141509.434
174418.605
161290.323
180722.892
166666.667
163043.478
176470.588
178571.429
166666.667
172413.793
197368.421
205479.452
123966.942
129310.345
153061.224
189873.418
205479.452
365853.659
1039.429
882352.941
5328.597
319148.936
156250.0
57471.264
555555.556
41551.247
43859.649
156250.0
848.993
340909.091
67567.568
69767.442
66079.295
65789.474
66666.667
63829.787
65789.474
67873.303
85714.286
56390.977
75000.0
153061.224
140186.916
66964.286
73529.412
121951.22
154639.175
88757.396
61475.41
70754.717
73529.412
117187.5
50000.0
77319.588
107913.669
57471.264
78534.031
76923.077
63025.21
161290.323
159574.468
64102.564
79365.079
136363.636
50505.051
80645.161
115384.615
57034.221
79365.079
88235.294
61983.471
76142.132
73529.412
79787.234
126050.42
54744.526
70754.717
77319.588
68493.151
79365.079
76923.077
72815.534
76923.077
71428.571
72815.534
71428.571
71090.047
68807.339
47923.323
23219.814
9259.259
202702.703
35629.454
63829.787
43103.448
41208.791
56179.775
58365.759
180722.892
73170.732
80645.161
154639.175
49019.608
46875.0
64102.564
58365.759
202702.703
61224.49
58139.535
52083.333
50335.57
58365.759
48076.923
56818.182
52264.808
118110.236
87719.298
34403.67
62761.506
63829.787
54545.455
182926.829
72815.534
89285.714
98039.216
46012.27
154639.175
64377.682
159574.468
80645.161
80645.161
107913.669
98039.216
68807.339
101351.351
63291.139
151515.152
80213.904
73529.412
123966.942
129310.345
74626.866
121951.22
59523.81
105633.803
117187.5
129310.345
80645.161
148514.851
135135.135
96153.846
69767.442
153061.224
76530.612
87719.298
107913.669
113636.364
122950.82
111940.299
88757.396
83798.883
88757.396
112781.955
144230.769
157894.737
126050.42
96774.194
120000.0
141509.434
157894.737
104166.667
104166.667
118110.236
102739.726
112781.955
141509.434
147058.824
176470.588
136363.636
170454.545
95541.401
104895.105
142857.143
151515.152
156250.0
151515.152
161290.323
148514.851
121951.22
174418.605
197368.421
114503.817
150000.0
154639.175
154639.175
151515.152
157894.737
157894.737
148514.851
151515.152
154639.175
163043.478
168539.326
178571.429
142857.143
161290.323
154639.175
157894.737
156250.0
166666.667
153061.224
168539.326
161290.323
185185.185
189873.418
202702.703
140186.916
159574.468
120967.742
141509.434
166666.667
189873.418
178571.429
150000.0
172413.793
141509.434
131578.947
147058.824
137614.679
182926.829
205479.452
200000.0
214285.714
192307.692
187500.0
187500.0
192307.692
202702.703
127118.644
138888.889
185185.185
182926.829
197368.421
194805.195
154639.175
197368.421
185185.185
202702.703
122950.82
154639.175
170454.545
170454.545
123966.942
182926.829
202702.703
194805.195
178571.429
151515.152
178571.429
163043.478
150000.0
156250.0
182926.829
189873.418
202702.703
200000.0
205479.452
136363.636
156250.0
147058.824
178571.429
192307.692
180722.892
202702.703
166666.667
187500.0
192307.692
164835.165
150000.0
159574.468
194805.195
161290.323
164835.165
174418.605
197368.421
202702.703
211267.606
217391.304
170454.545
156250.0
180722.892
142857.143
174418.605
185185.185
144230.769
170454.545
205479.452
192307.692
192307.692
145631.068
176470.588
136363.636
170454.545
168539.326
208333.333
174418.605
131578.947
214285.714
168539.326
187500.0
174418.605
194805.195
138888.889
187500.0
185185.185
200000.0
174418.605
189873.418
148514.851
185185.185
159574.468
182926.829
192307.692
200000.0
166666.667
156250.0
205479.452
208333.333
197368.421
214285.714
223880.597
223880.597
163043.478
178571.429
189873.418
214285.714
192307.692
126050.42
154639.175
205479.452
192307.692
214285.714
205479.452
211267.606
214285.714
217391.304
241935.484
217391.304
223880.597
202702.703
227272.727
208333.333
202702.703
214285.714
211267.606
211267.606
223880.597
227272.727
200000.0
227272.727
223880.597
180722.892
241935.484
416666.667
51369.863
625000.0
200000.0
214285.714
189873.418
214285.714
600000.0
3750.938
1000000.0
27985.075
288461.538
84745.763
125000.0
116279.07
119047.619
120967.742
120000.0
121951.22
121951.22
122950.82
122950.82
120967.742
123966.942
122950.82
123966.942
122950.82
123966.942
121951.22
137614.679
113636.364
120967.742
126050.42
123966.942
125000.0
123966.942
123966.942
125000.0
