53706.294
54084.507
51891.892
55251.799
53333.333
54084.507
54084.507
54084.507
55251.799
55652.174
54468.085
55251.799
57313.433
54857.143
56058.394
56888.889
55652.174
55251.799
56888.889
56058.394
57313.433
56470.588
56470.588
58181.818
58181.818
55251.799
55652.174
55652.174
52602.74
54857.143
54857.143
54084.507
53706.294
53333.333
53706.294
56058.394
54857.143
54468.085
57744.361
55251.799
55652.174
56888.889
56888.889
55652.174
56470.588
55652.174
54084.507
57313.433
56058.394
56470.588
57744.361
56058.394
56058.394
56888.889
55652.174
53333.333
55652.174
54468.085
53706.294
54468.085
54084.507
54857.143
56058.394
54084.507
56470.588
56470.588
54084.507
56888.889
56470.588
55251.799
55652.174
56888.889
55251.799
55251.799
55251.799
53706.294
55652.174
56058.394
54857.143
55251.799
56888.889
54857.143
56470.588
57744.361
56888.889
53333.333
56470.588
55652.174
54084.507
54857.143
55652.174
54857.143
56058.394
55652.174
53706.294
56058.394
54084.507
53706.294
57313.433
58625.954
56470.588
57744.361
56888.889
54857.143
58181.818
56470.588
57744.361
57313.433
55251.799
55652.174
56470.588
54857.143
55652.174
57313.433
54857.143
55652.174
56470.588
56058.394
58181.818
56470.588
55652.174
57744.361
57313.433
55652.174
58181.818
56888.889
56470.588
56470.588
55652.174
56058.394
56888.889
54857.143
54084.507
57744.361
55251.799
55251.799
57313.433
55652.174
54857.143
59076.923
58181.818
57744.361
57744.361
54468.085
55251.799
56058.394
52965.517
52602.74
53706.294
52602.74
53706.294
52965.517
53706.294
55652.174
52602.74
55251.799
60952.381
60952.381
61440.0
65084.746
67964.602
68571.429
69189.189
70458.716
71111.111
72452.83
70458.716
71111.111
72452.83
73142.857
73142.857
73846.154
72452.83
72452.83
67368.421
62439.024
58181.818
55652.174
56888.889
54857.143
53706.294
55251.799
55652.174
54857.143
53706.294
55652.174
56058.394
54857.143
54084.507
56888.889
62950.82
64537.815
65641.026
66782.609
69189.189
67964.602
67964.602
69189.189
67964.602
69818.182
69818.182
66782.609
69818.182
69818.182
67964.602
67964.602
65641.026
66782.609
67368.421
65084.746
64000.0
60952.381
58625.954
55251.799
55652.174
56888.889
56470.588
58181.818
59534.884
60000.0
60000.0
60952.381
60000.0
62950.82
62439.024
62439.024
62950.82
60472.441
57313.433
56888.889
54084.507
54084.507
130169.492
50526.316
51891.892
55652.174
128000.0
76800.0
98461.538
62950.82
57744.361
56058.394
56470.588
54857.143
57313.433
60472.441
63471.074
64537.815
65084.746
67368.421
68571.429
66782.609
64537.815
60000.0
57744.361
55652.174
51200.0
52965.517
54468.085
52602.74
54084.507
54468.085
54468.085
54468.085
53333.333
54857.143
54084.507
52965.517
54468.085
56058.394
52602.74
55251.799
54468.085
54084.507
54857.143
56888.889
59534.884
61440.0
59076.923
58625.954
60952.381
63471.074
62439.024
102400.0
49870.13
123870.968
90352.941
130169.492
123870.968
47407.407
64537.815
67964.602
66206.897
98461.538
52244.898
61935.484
59534.884
58181.818
54468.085
59076.923
60952.381
59076.923
56888.889
59076.923
60000.0
58181.818
59534.884
58625.954
60472.441
60000.0
60952.381
62950.82
84395.604
51891.892
59076.923
57744.361
58181.818
56470.588
57313.433
57313.433
60472.441
60952.381
61440.0
61440.0
57744.361
56470.588
55251.799
54857.143
53706.294
53333.333
53333.333
52965.517
53706.294
54084.507
56470.588
54857.143
52965.517
55251.799
54857.143
54857.143
54857.143
54468.085
64000.0
49870.13
55251.799
54468.085
53706.294
54468.085
52965.517
56888.889
53333.333
53333.333
53333.333
53333.333
53706.294
53333.333
52965.517
55652.174
53333.333
54084.507
56058.394
54468.085
56058.394
54468.085
55251.799
54857.143
53706.294
54857.143
55251.799
53333.333
56058.394
55652.174
56888.889
56058.394
54468.085
54857.143
55652.174
53333.333
55251.799
54468.085
53706.294
55251.799
54084.507
56058.394
55251.799
53333.333
55251.799
54468.085
52602.74
52965.517
54084.507
54084.507
54857.143
53333.333
56058.394
54084.507
54468.085
57744.361
60952.381
62950.82
62950.82
64537.815
66206.897
66206.897
62950.82
62950.82
62439.024
60000.0
59534.884
58625.954
56470.588
56888.889
53333.333
54084.507
54084.507
53706.294
53706.294
55251.799
54857.143
55652.174
55251.799
60000.0
59076.923
57744.361
59076.923
56888.889
57744.361
55652.174
54084.507
55652.174
54084.507
55251.799
54084.507
53706.294
55251.799
54468.085
55652.174
55652.174
54468.085
58625.954
60472.441
60000.0
61440.0
57744.361
57313.433
56888.889
52244.898
52965.517
54084.507
53706.294
123870.968
44393.064
121904.762
43636.364
62439.024
66782.609
66782.609
67368.421
67368.421
66782.609
64537.815
65641.026
61440.0
60000.0
61440.0
62950.82
61935.484
56470.588
56470.588
54857.143
53333.333
52965.517
52965.517
52965.517
53706.294
51200.0
52244.898
53333.333
51543.624
52965.517
52244.898
51891.892
52602.74
51543.624
53706.294
50526.316
52244.898
53333.333
56058.394
57744.361
55652.174
58181.818
56058.394
53333.333
55251.799
54084.507
51543.624
53333.333
52965.517
53333.333
53706.294
123870.968
51543.624
55251.799
56058.394
125901.639
87272.727
50196.078
51891.892
52244.898
54084.507
54468.085
53706.294
54084.507
53706.294
52244.898
54857.143
52244.898
52602.74
125901.639
49548.387
50860.927
53706.294
54857.143
125901.639
87272.727
42430.939
53706.294
55652.174
56470.588
56470.588
59534.884
58181.818
54857.143
57313.433
57744.361
54857.143
56470.588
56058.394
55652.174
57313.433
58625.954
56888.889
55251.799
55652.174
54084.507
56058.394
53333.333
53706.294
54857.143
53706.294
54857.143
55652.174
55251.799
54468.085
54857.143
54084.507
56888.889
60952.381
60952.381
59534.884
63471.074
60472.441
58181.818
60472.441
58625.954
55652.174
54857.143
55251.799
56470.588
56888.889
54084.507
56470.588
56058.394
54468.085
54468.085
55251.799
54468.085
53706.294
55251.799
53333.333
56470.588
54084.507
54468.085
55251.799
52965.517
52244.898
55652.174
54084.507
52965.517
55251.799
54468.085
56058.394
54857.143
54084.507
56470.588
55652.174
53706.294
56470.588
54857.143
52244.898
55652.174
53333.333
55251.799
54857.143
53706.294
55652.174
57313.433
53333.333
54084.507
56058.394
54468.085
54468.085
56058.394
55251.799
56470.588
57313.433
55652.174
58181.818
57313.433
54857.143
57313.433
59534.884
56888.889
56888.889
58625.954
56888.889
56058.394
56058.394
55652.174
56058.394
56470.588
54468.085
56058.394
55251.799
52602.74
55652.174
54857.143
54084.507
55251.799
55652.174
54084.507
55652.174
55652.174
54468.085
56888.889
54857.143
54084.507
56888.889
56058.394
53333.333
56470.588
54857.143
53333.333
54857.143
54468.085
55251.799
54857.143
54468.085
55251.799
57744.361
54857.143
57313.433
59076.923
57744.361
57744.361
59534.884
57744.361
56888.889
57744.361
55652.174
56888.889
56888.889
54857.143
56470.588
58181.818
56058.394
54857.143
57744.361
54857.143
55251.799
56470.588
55652.174
55251.799
56470.588
55652.174
56470.588
57313.433
56058.394
55251.799
56888.889
56058.394
54084.507
57744.361
56058.394
56058.394
55251.799
55251.799
56888.889
54857.143
55652.174
57313.433
58625.954
55652.174
56888.889
56470.588
56470.588
56058.394
56058.394
56058.394
56470.588
55251.799
54468.085
56470.588
55652.174
55251.799
56058.394
55251.799
54468.085
55652.174
56058.394
56888.889
57744.361
55652.174
57744.361
56888.889
55652.174
54857.143
57313.433
55251.799
54468.085
56470.588
54468.085
56470.588
54857.143
55251.799
57313.433
56470.588
54084.507
57313.433
56470.588
54857.143
56470.588
54468.085
56058.394
54857.143
54084.507
54468.085
54857.143
52602.74
55652.174
57313.433
55251.799
56888.889
56888.889
56888.889
55251.799
56470.588
55251.799
56470.588
55652.174
54857.143
56888.889
58181.818
56058.394
56470.588
58625.954
55251.799
55251.799
56888.889
54468.085
55251.799
54857.143
54468.085
54084.507
55652.174
52965.517
55251.799
55652.174
53706.294
55652.174
56058.394
54857.143
56058.394
56058.394
55652.174
58181.818
57313.433
56888.889
57313.433
57313.433
54084.507
55251.799
56888.889
53333.333
54468.085
55251.799
54468.085
54857.143
56058.394
54857.143
55652.174
56470.588
56470.588
57744.361
57744.361
56058.394
56058.394
57313.433
54468.085
56470.588
57744.361
56058.394
56058.394
57313.433
56058.394
56470.588
56888.889
54468.085
56058.394
54857.143
54468.085
55251.799
56470.588
55652.174
56888.889
56888.889
55652.174
56058.394
57744.361
57313.433
56470.588
58181.818
56058.394
55652.174
57313.433
54468.085
54857.143
56888.889
55251.799
54468.085
56888.889
55652.174
55652.174
56058.394
54857.143
54857.143
57313.433
54857.143
54084.507
56888.889
57313.433
56058.394
59534.884
58625.954
55251.799
56470.588
56058.394
53706.294
54084.507
52602.74
53333.333
52965.517
50860.927
53333.333
53706.294
51543.624
54084.507
53706.294
53333.333
54857.143
54084.507
54857.143
56058.394
54084.507
54857.143
57744.361
54857.143
56058.394
56888.889
54857.143
54468.085
56888.889
54857.143
54468.085
54084.507
51543.624
53706.294
56058.394
52965.517
53333.333
56470.588
53333.333
54084.507
56058.394
55652.174
55251.799
57313.433
54857.143
55251.799
54857.143
51543.624
54857.143
53706.294
52602.74
54857.143
54857.143
52602.74
55652.174
55251.799
54468.085
55652.174
54084.507
54468.085
56058.394
55251.799
54084.507
57313.433
55251.799
54084.507
56058.394
55652.174
54468.085
55652.174
56470.588
54857.143
56058.394
55652.174
55652.174
56058.394
56058.394
54084.507
56888.889
55251.799
54084.507
56058.394
56888.889
53706.294
54468.085
54084.507
52965.517
121904.762
50860.927
54084.507
128000.0
47701.863
56058.394
55251.799
58625.954
56888.889
55251.799
59076.923
56888.889
56058.394
57313.433
57744.361
55251.799
56470.588
55652.174
56888.889
57744.361
54084.507
54857.143
56058.394
55251.799
53333.333
56888.889
56888.889
56470.588
57744.361
56470.588
55652.174
55251.799
54468.085
54084.507
57313.433
54084.507
53706.294
55652.174
55251.799
52602.74
121904.762
91428.571
82580.645
101052.632
112941.176
106666.667
70458.716
65641.026
53333.333
53333.333
53706.294
53333.333
55251.799
52602.74
53333.333
55251.799
53706.294
52602.74
55251.799
54468.085
52602.74
54084.507
54084.507
53706.294
54084.507
55251.799
54084.507
56058.394
55251.799
58181.818
57744.361
59534.884
56470.588
54857.143
57313.433
52602.74
52965.517
53706.294
52602.74
52965.517
54468.085
52602.74
54468.085
53333.333
53333.333
56058.394
53706.294
53706.294
55251.799
56888.889
55251.799
57313.433
60000.0
60000.0
58181.818
59534.884
59076.923
56470.588
57744.361
55251.799
54857.143
56470.588
52602.74
53706.294
55251.799
52244.898
53706.294
53333.333
51891.892
54084.507
54084.507
54468.085
56470.588
55652.174
53333.333
56058.394
54857.143
53333.333
55251.799
54857.143
52244.898
55251.799
55251.799
54857.143
54857.143
55251.799
56058.394
55652.174
56888.889
55251.799
55652.174
56888.889
55251.799
56470.588
56470.588
54468.085
54857.143
59534.884
58625.954
58181.818
58625.954
57744.361
56888.889
56888.889
54857.143
55251.799
55251.799
52965.517
51891.892
123870.968
50526.316
120000.0
48917.197
56470.588
55251.799
54468.085
56470.588
55652.174
54857.143
56058.394
54857.143
54468.085
123870.968
50526.316
51543.624
53706.294
52244.898
52602.74
55652.174
55652.174
53333.333
54857.143
54468.085
53706.294
121904.762
74563.107
85333.333
76800.0
86292.135
87272.727
111304.348
91428.571
116363.636
77575.758
82580.645
62950.82
87272.727
91428.571
94814.815
73846.154
130169.492
81702.128
90352.941
83478.261
77575.758
99740.26
111304.348
101052.632
96000.0
120000.0
65641.026
130169.492
128000.0
132413.793
130169.492
71775.701
70458.716
121904.762
70458.716
101052.632
84395.604
91428.571
78367.347
44393.064
55251.799
52965.517
52602.74
54468.085
54468.085
52602.74
54468.085
52965.517
51200.0
51891.892
51200.0
50860.927
52244.898
51200.0
51200.0
52602.74
51200.0
50860.927
53333.333
51200.0
49870.13
53333.333
53706.294
50860.927
52244.898
53333.333
50526.316
51543.624
52965.517
51543.624
51543.624
52965.517
52244.898
54468.085
52244.898
52965.517
55652.174
53706.294
53333.333
56058.394
52602.74
51891.892
55652.174
54857.143
53706.294
55652.174
56058.394
56470.588
57744.361
56058.394
55652.174
55251.799
54084.507
52244.898
52602.74
54857.143
50860.927
55652.174
56888.889
55251.799
55251.799
57744.361
53333.333
53333.333
54857.143
53706.294
53333.333
53333.333
54084.507
53706.294
55652.174
54084.507
55251.799
56470.588
53706.294
52965.517
56888.889
54084.507
52965.517
55652.174
55251.799
53706.294
54857.143
54857.143
53333.333
55251.799
54468.085
53706.294
54468.085
55251.799
52602.74
54857.143
54857.143
52244.898
53333.333
54084.507
51543.624
52602.74
56058.394
53706.294
51891.892
54468.085
53333.333
54084.507
55652.174
53333.333
55652.174
55251.799
53706.294
53333.333
56888.889
55251.799
56470.588
59534.884
57744.361
55251.799
56470.588
56058.394
53333.333
54857.143
52244.898
51891.892
54084.507
51891.892
53333.333
53706.294
53333.333
52965.517
55251.799
52965.517
54468.085
56058.394
55652.174
54084.507
56058.394
57313.433
56470.588
54468.085
56470.588
56058.394
53333.333
54468.085
53706.294
55652.174
56470.588
54468.085
52965.517
54857.143
51891.892
51543.624
53706.294
51891.892
51543.624
54084.507
53333.333
52244.898
53333.333
51543.624
54084.507
55652.174
54084.507
52602.74
55652.174
51543.624
52602.74
53706.294
51200.0
53706.294
54468.085
53333.333
54857.143
55251.799
53333.333
54084.507
53333.333
53333.333
56058.394
56058.394
53333.333
55652.174
55652.174
53333.333
52602.74
55652.174
53333.333
53333.333
56058.394
54468.085
53706.294
56058.394
54084.507
54468.085
55251.799
52244.898
53706.294
54468.085
52244.898
53706.294
57313.433
54468.085
52244.898
123870.968
47116.564
54468.085
54857.143
53333.333
54857.143
56058.394
55251.799
55652.174
57313.433
54857.143
54084.507
54468.085
54084.507
51200.0
53706.294
52602.74
52244.898
121904.762
47407.407
53706.294
54857.143
55652.174
53333.333
54857.143
54084.507
53333.333
54084.507
55652.174
52965.517
54468.085
54084.507
52244.898
52602.74
55251.799
53706.294
54857.143
55652.174
54084.507
56058.394
54084.507
54468.085
56058.394
57313.433
53333.333
52965.517
55251.799
123870.968
45714.286
53333.333
53706.294
52244.898
54468.085
57313.433
56888.889
56888.889
56888.889
54468.085
54468.085
52965.517
49548.387
52965.517
51543.624
121904.762
47116.564
53333.333
52244.898
52965.517
53333.333
54857.143
54857.143
57313.433
55652.174
54084.507
56888.889
52965.517
54468.085
54857.143
52965.517
54084.507
123870.968
45714.286
52602.74
56888.889
56888.889
56058.394
55251.799
57313.433
53333.333
54857.143
55652.174
54468.085
56470.588
57744.361
56058.394
56058.394
58181.818
55652.174
53333.333
123870.968
47407.407
54857.143
54857.143
59076.923
58181.818
54468.085
55652.174
54468.085
53706.294
120000.0
49548.387
51543.624
55251.799
54084.507
52244.898
56058.394
56470.588
53706.294
53706.294
123870.968
50526.316
52244.898
56058.394
55251.799
53333.333
54857.143
58181.818
57313.433
57744.361
58181.818
57313.433
57744.361
58625.954
57313.433
57313.433
125901.639
85333.333
92530.12
52965.517
53706.294
52965.517
53333.333
53706.294
53333.333
55251.799
123870.968
42197.802
52965.517
57313.433
55251.799
53706.294
57744.361
59076.923
56470.588
59534.884
60472.441
62950.82
65641.026
66206.897
68571.429
68571.429
67964.602
65641.026
66206.897
65641.026
65084.746
61935.484
60952.381
60472.441
60952.381
57313.433
59076.923
58181.818
55652.174
56058.394
52602.74
52244.898
53333.333
51200.0
51891.892
52602.74
50860.927
50526.316
52965.517
50526.316
51200.0
53333.333
50526.316
52965.517
54084.507
52244.898
54857.143
53333.333
53333.333
56058.394
56058.394
53706.294
121904.762
51200.0
53333.333
56058.394
121904.762
76800.0
74563.107
77575.758
71111.111
71111.111
128000.0
132413.793
34133.333
51543.624
56058.394
54468.085
55251.799
54468.085
54084.507
54468.085
54084.507
52602.74
55251.799
54857.143
53706.294
54084.507
54084.507
52602.74
52965.517
52244.898
51891.892
54084.507
51543.624
55652.174
56888.889
58625.954
61935.484
63471.074
62439.024
62439.024
59534.884
59076.923
60952.381
58181.818
59076.923
57744.361
55251.799
56888.889
53706.294
56888.889
55251.799
54084.507
58625.954
59534.884
60952.381
59534.884
57744.361
57744.361
56058.394
53706.294
56058.394
56058.394
55652.174
56888.889
55251.799
57313.433
57744.361
56058.394
56888.889
57744.361
55251.799
56470.588
56888.889
56058.394
57313.433
54857.143
56058.394
57744.361
55652.174
54468.085
56470.588
54857.143
53333.333
56470.588
54468.085
54468.085
54857.143
54468.085
55251.799
56470.588
54084.507
55251.799
56058.394
53706.294
55251.799
54857.143
54468.085
54857.143
54857.143
54084.507
56058.394
53333.333
53706.294
56058.394
54468.085
54857.143
57313.433
55652.174
54468.085
56470.588
60000.0
62950.82
62439.024
61935.484
62950.82
60000.0
56470.588
56470.588
55251.799
52965.517
54084.507
52965.517
52602.74
123870.968
45988.024
52244.898
53706.294
54468.085
53706.294
56058.394
57744.361
57313.433
58181.818
58625.954
56470.588
55652.174
54468.085
52965.517
55251.799
51891.892
53333.333
123870.968
79175.258
101052.632
56470.588
54857.143
54857.143
56058.394
53706.294
52965.517
56470.588
125901.639
45988.024
59076.923
57313.433
