92530.12
105205.479
105205.479
105205.479
103783.784
137142.857
89302.326
102400.0
187317.073
72452.83
144905.66
91428.571
94814.815
121904.762
91428.571
101052.632
105205.479
106666.667
105205.479
103783.784
103783.784
105205.479
137142.857
85333.333
98461.538
102400.0
142222.222
87272.727
99740.26
102400.0
103783.784
103783.784
105205.479
102400.0
103783.784
103783.784
150588.235
86292.135
97215.19
99740.26
137142.857
88275.862
97215.19
102400.0
102400.0
139636.364
87272.727
98461.538
101052.632
118153.846
120000.0
88275.862
93658.537
132413.793
85333.333
99740.26
163404.255
79175.258
96000.0
101052.632
102400.0
120000.0
90352.941
101052.632
144905.66
153600.0
130169.492
57313.433
101052.632
101052.632
101052.632
103783.784
103783.784
102400.0
134736.842
88275.862
98461.538
132413.793
86292.135
102400.0
102400.0
147692.308
94814.815
97215.19
92530.12
99740.26
102400.0
102400.0
103783.784
101052.632
102400.0
102400.0
101052.632
102400.0
102400.0
102400.0
121904.762
98461.538
94814.815
123870.968
88275.862
101052.632
187317.073
71775.701
99740.26
102400.0
182857.143
73846.154
98461.538
101052.632
187317.073
70458.716
101052.632
103783.784
170666.667
72452.83
99740.26
103783.784
174545.455
70458.716
99740.26
142222.222
160000.0
64537.815
125901.639
92530.12
153600.0
84395.604
147692.308
94814.815
85333.333
132413.793
86292.135
101052.632
102400.0
102400.0
103783.784
103783.784
102400.0
103783.784
144905.66
87272.727
99740.26
103783.784
103783.784
105205.479
103783.784
105205.479
103783.784
105205.479
132413.793
90352.941
102400.0
187317.073
73846.154
102400.0
105205.479
103783.784
103783.784
105205.479
103783.784
103783.784
137142.857
87272.727
99740.26
103783.784
102400.0
103783.784
103783.784
103783.784
103783.784
142222.222
99740.26
87272.727
101052.632
103783.784
102400.0
102400.0
103783.784
102400.0
142222.222
99740.26
85333.333
101052.632
182857.143
123870.968
73846.154
86292.135
128000.0
86292.135
101052.632
187317.073
71775.701
101052.632
153600.0
76800.0
102400.0
102400.0
134736.842
88275.862
98461.538
102400.0
101052.632
103783.784
103783.784
102400.0
102400.0
102400.0
101052.632
102400.0
103783.784
132413.793
88275.862
101052.632
101052.632
103783.784
102400.0
102400.0
142222.222
81702.128
144905.66
93658.537
91428.571
102400.0
103783.784
103783.784
102400.0
103783.784
103783.784
147692.308
97215.19
89302.326
102400.0
130169.492
90352.941
101052.632
103783.784
105205.479
103783.784
105205.479
105205.479
147692.308
85333.333
101052.632
114626.866
94814.815
103783.784
134736.842
142222.222
85333.333
97215.19
102400.0
105205.479
106666.667
112941.176
94814.815
103783.784
123870.968
93658.537
142222.222
84395.604
103783.784
105205.479
105205.479
103783.784
109714.286
102400.0
105205.479
105205.479
106666.667
105205.479
106666.667
125901.639
93658.537
105205.479
106666.667
147692.308
105205.479
88275.862
106666.667
105205.479
106666.667
108169.014
106666.667
106666.667
192000.0
87272.727
91428.571
108169.014
128000.0
93658.537
105205.479
106666.667
105205.479
103783.784
103783.784
103783.784
103783.784
103783.784
103783.784
114626.866
94814.815
103783.784
137142.857
88275.862
102400.0
103783.784
103783.784
103783.784
105205.479
103783.784
103783.784
144905.66
89302.326
99740.26
103783.784
139636.364
92530.12
101052.632
102400.0
105205.479
105205.479
105205.479
105205.479
121904.762
96000.0
103783.784
105205.479
105205.479
106666.667
105205.479
106666.667
105205.479
142222.222
90352.941
101052.632
106666.667
106666.667
187317.073
74563.107
103783.784
106666.667
106666.667
144905.66
98461.538
96000.0
106666.667
106666.667
106666.667
106666.667
106666.667
182857.143
76039.604
105205.479
105205.479
106666.667
187317.073
75294.118
106666.667
187317.073
79175.258
128000.0
93658.537
105205.479
105205.479
105205.479
105205.479
105205.479
105205.479
103783.784
103783.784
105205.479
103783.784
102400.0
102400.0
103783.784
103783.784
103783.784
103783.784
103783.784
102400.0
102400.0
103783.784
147692.308
94814.815
90352.941
101052.632
118153.846
118153.846
85333.333
98461.538
101052.632
101052.632
99740.26
101052.632
102400.0
101052.632
144905.66
86292.135
98461.538
101052.632
102400.0
102400.0
102400.0
103783.784
102400.0
147692.308
87272.727
99740.26
102400.0
103783.784
102400.0
102400.0
103783.784
102400.0
147692.308
87272.727
98461.538
101052.632
103783.784
102400.0
103783.784
116363.636
150588.235
71775.701
102400.0
125901.639
94814.815
96000.0
134736.842
82580.645
102400.0
102400.0
102400.0
103783.784
102400.0
102400.0
102400.0
103783.784
102400.0
103783.784
123870.968
108169.014
87272.727
118153.846
91428.571
102400.0
102400.0
103783.784
102400.0
103783.784
101052.632
103783.784
144905.66
87272.727
97215.19
102400.0
102400.0
103783.784
103783.784
103783.784
103783.784
103783.784
103783.784
103783.784
103783.784
130169.492
90352.941
103783.784
134736.842
90352.941
102400.0
134736.842
142222.222
74563.107
132413.793
90352.941
105205.479
103783.784
103783.784
105205.479
102400.0
102400.0
103783.784
102400.0
102400.0
103783.784
102400.0
103783.784
102400.0
103783.784
103783.784
103783.784
103783.784
142222.222
89302.326
101052.632
103783.784
105205.479
105205.479
105205.479
103783.784
106666.667
125901.639
93658.537
105205.479
105205.479
142222.222
90352.941
102400.0
106666.667
116363.636
97215.19
105205.479
106666.667
106666.667
187317.073
80842.105
97215.19
150588.235
101052.632
92530.12
102400.0
106666.667
106666.667
182857.143
75294.118
105205.479
182857.143
75294.118
121904.762
96000.0
108169.014
106666.667
108169.014
182857.143
76039.604
105205.479
105205.479
105205.479
103783.784
103783.784
103783.784
103783.784
102400.0
102400.0
102400.0
103783.784
101052.632
102400.0
103783.784
103783.784
114626.866
92530.12
103783.784
102400.0
103783.784
103783.784
187317.073
73142.857
123870.968
92530.12
103783.784
106666.667
111304.348
102400.0
106666.667
182857.143
74563.107
105205.479
130169.492
91428.571
108169.014
106666.667
106666.667
105205.479
106666.667
106666.667
106666.667
147692.308
103783.784
89302.326
106666.667
105205.479
106666.667
106666.667
106666.667
106666.667
128000.0
150588.235
72452.83
105205.479
106666.667
105205.479
187317.073
76800.0
130169.492
96000.0
97215.19
106666.667
132413.793
92530.12
106666.667
105205.479
106666.667
106666.667
108169.014
178604.651
75294.118
144905.66
90352.941
102400.0
147692.308
86292.135
105205.479
108169.014
106666.667
106666.667
108169.014
108169.014
108169.014
144905.66
92530.12
105205.479
132413.793
94814.815
106666.667
108169.014
109714.286
108169.014
108169.014
108169.014
108169.014
108169.014
144905.66
90352.941
103783.784
106666.667
116363.636
97215.19
106666.667
106666.667
106666.667
187317.073
76800.0
103783.784
105205.479
105205.479
105205.479
182857.143
73846.154
106666.667
134736.842
91428.571
103783.784
125901.639
92530.12
106666.667
106666.667
106666.667
105205.479
108169.014
182857.143
90352.941
89302.326
106666.667
108169.014
108169.014
130169.492
94814.815
108169.014
109714.286
108169.014
139636.364
92530.12
106666.667
109714.286
106666.667
139636.364
93658.537
142222.222
88275.862
103783.784
178604.651
74563.107
103783.784
105205.479
103783.784
105205.479
105205.479
105205.479
147692.308
99740.26
121904.762
89302.326
102400.0
103783.784
106666.667
105205.479
106666.667
105205.479
187317.073
76039.604
106666.667
106666.667
108169.014
187317.073
76800.0
144905.66
105205.479
111304.348
89302.326
139636.364
91428.571
105205.479
105205.479
150588.235
101052.632
90352.941
105205.479
105205.479
108169.014
125901.639
93658.537
106666.667
108169.014
106666.667
108169.014
108169.014
182857.143
76800.0
142222.222
91428.571
139636.364
174545.455
91428.571
102400.0
137142.857
93658.537
103783.784
106666.667
106666.667
106666.667
134736.842
90352.941
139636.364
83478.261
101052.632
103783.784
137142.857
89302.326
101052.632
139636.364
90352.941
97215.19
187317.073
71775.701
103783.784
105205.479
105205.479
105205.479
106666.667
106666.667
106666.667
106666.667
108169.014
106666.667
108169.014
108169.014
106666.667
132413.793
92530.12
150588.235
84395.604
91428.571
97215.19
182857.143
83478.261
83478.261
90352.941
96000.0
98461.538
101052.632
99740.26
102400.0
103783.784
128000.0
86292.135
105205.479
105205.479
105205.479
105205.479
106666.667
144905.66
98461.538
94814.815
106666.667
106666.667
108169.014
147692.308
103783.784
91428.571
108169.014
108169.014
109714.286
108169.014
109714.286
109714.286
125901.639
97215.19
109714.286
139636.364
96000.0
109714.286
112941.176
109714.286
137142.857
97215.19
111304.348
139636.364
96000.0
144905.66
91428.571
108169.014
109714.286
147692.308
91428.571
103783.784
106666.667
108169.014
108169.014
109714.286
108169.014
139636.364
93658.537
109714.286
142222.222
96000.0
108169.014
109714.286
116363.636
101052.632
109714.286
108169.014
116363.636
102400.0
109714.286
128000.0
97215.19
108169.014
108169.014
150588.235
92530.12
103783.784
116363.636
102400.0
108169.014
108169.014
108169.014
109714.286
108169.014
139636.364
93658.537
108169.014
109714.286
108169.014
111304.348
109714.286
111304.348
109714.286
111304.348
111304.348
111304.348
111304.348
111304.348
109714.286
108169.014
139636.364
94814.815
106666.667
108169.014
108169.014
139636.364
92530.12
105205.479
106666.667
108169.014
106666.667
106666.667
106666.667
118153.846
98461.538
106666.667
106666.667
106666.667
187317.073
91428.571
88275.862
106666.667
106666.667
108169.014
106666.667
106666.667
182857.143
76800.0
105205.479
182857.143
125901.639
69189.189
105205.479
106666.667
108169.014
182857.143
90352.941
90352.941
134736.842
90352.941
106666.667
108169.014
108169.014
182857.143
81702.128
99740.26
139636.364
91428.571
108169.014
147692.308
86292.135
108169.014
108169.014
109714.286
109714.286
109714.286
109714.286
109714.286
178604.651
79175.258
108169.014
109714.286
120000.0
52965.517
109714.286
109714.286
111304.348
111304.348
111304.348
111304.348
111304.348
109714.286
109714.286
144905.66
94814.815
106666.667
109714.286
109714.286
108169.014
108169.014
109714.286
108169.014
187317.073
77575.758
106666.667
108169.014
147692.308
105205.479
125901.639
88275.862
106666.667
144905.66
103783.784
93658.537
106666.667
111304.348
108169.014
108169.014
109714.286
111304.348
106666.667
109714.286
111304.348
111304.348
109714.286
109714.286
109714.286
109714.286
108169.014
108169.014
106666.667
108169.014
106666.667
109714.286
105205.479
106666.667
106666.667
106666.667
106666.667
105205.479
187317.073
75294.118
105205.479
106666.667
106666.667
108169.014
106666.667
108169.014
182857.143
76039.604
106666.667
187317.073
76039.604
105205.479
187317.073
76800.0
108169.014
182857.143
76800.0
108169.014
182857.143
76039.604
132413.793
94814.815
103783.784
105205.479
108169.014
106666.667
106666.667
106666.667
106666.667
139636.364
91428.571
105205.479
137142.857
94814.815
105205.479
108169.014
108169.014
109714.286
111304.348
108169.014
112941.176
109714.286
108169.014
182857.143
78367.347
108169.014
109714.286
109714.286
170666.667
81702.128
109714.286
109714.286
111304.348
108169.014
111304.348
108169.014
109714.286
109714.286
111304.348
106666.667
111304.348
139636.364
91428.571
106666.667
108169.014
108169.014
108169.014
108169.014
187317.073
76800.0
106666.667
182857.143
76039.604
106666.667
108169.014
116363.636
118153.846
94814.815
106666.667
108169.014
108169.014
178604.651
77575.758
106666.667
178604.651
78367.347
108169.014
182857.143
80000.0
108169.014
109714.286
108169.014
178604.651
80000.0
108169.014
118153.846
105205.479
142222.222
96000.0
106666.667
109714.286
112941.176
121904.762
102400.0
108169.014
111304.348
109714.286
111304.348
109714.286
111304.348
109714.286
111304.348
109714.286
111304.348
111304.348
109714.286
111304.348
111304.348
111304.348
109714.286
109714.286
109714.286
108169.014
123870.968
97215.19
105205.479
105205.479
139636.364
87272.727
99740.26
101052.632
137142.857
87272.727
99740.26
102400.0
142222.222
87272.727
101052.632
182857.143
72452.83
103783.784
103783.784
105205.479
105205.479
103783.784
106666.667
105205.479
105205.479
103783.784
106666.667
105205.479
106666.667
105205.479
105205.479
108169.014
105205.479
106666.667
106666.667
106666.667
108169.014
106666.667
120000.0
106666.667
98461.538
106666.667
108169.014
106666.667
120000.0
174545.455
88275.862
101052.632
106666.667
106666.667
137142.857
89302.326
108169.014
108169.014
108169.014
121904.762
99740.26
109714.286
108169.014
108169.014
109714.286
109714.286
116363.636
103783.784
106666.667
109714.286
108169.014
106666.667
106666.667
106666.667
105205.479
106666.667
106666.667
134736.842
91428.571
102400.0
103783.784
105205.479
187317.073
74563.107
103783.784
105205.479
106666.667
105205.479
114626.866
98461.538
106666.667
106666.667
147692.308
102400.0
87272.727
114626.866
92530.12
103783.784
103783.784
106666.667
105205.479
103783.784
103783.784
102400.0
101052.632
182857.143
70458.716
98461.538
99740.26
178604.651
70458.716
98461.538
125901.639
96000.0
89302.326
98461.538
101052.632
106666.667
96000.0
132413.793
85333.333
139636.364
86292.135
97215.19
102400.0
128000.0
89302.326
99740.26
182857.143
71775.701
102400.0
101052.632
103783.784
103783.784
103783.784
134736.842
84395.604
103783.784
103783.784
114626.866
96000.0
103783.784
178604.651
87272.727
90352.941
102400.0
103783.784
103783.784
105205.479
103783.784
105205.479
109714.286
98461.538
132413.793
139636.364
71775.701
102400.0
187317.073
71111.111
102400.0
102400.0
102400.0
102400.0
102400.0
99740.26
101052.632
99740.26
101052.632
101052.632
101052.632
99740.26
99740.26
99740.26
134736.842
84395.604
97215.19
101052.632
101052.632
102400.0
178604.651
72452.83
102400.0
102400.0
103783.784
102400.0
182857.143
84395.604
87272.727
102400.0
103783.784
103783.784
105205.479
103783.784
105205.479
105205.479
139636.364
89302.326
101052.632
106666.667
106666.667
105205.479
106666.667
108169.014
108169.014
144905.66
89302.326
106666.667
108169.014
142222.222
106666.667
87272.727
123870.968
92530.12
105205.479
101052.632
103783.784
102400.0
102400.0
102400.0
101052.632
102400.0
170666.667
137142.857
64000.0
99740.26
130169.492
88275.862
101052.632
134736.842
96000.0
96000.0
128000.0
88275.862
99740.26
102400.0
103783.784
102400.0
103783.784
103783.784
103783.784
103783.784
105205.479
103783.784
103783.784
105205.479
105205.479
103783.784
103783.784
103783.784
103783.784
103783.784
103783.784
170666.667
76039.604
102400.0
144905.66
105205.479
87272.727
125901.639
90352.941
105205.479
105205.479
139636.364
89302.326
102400.0
130169.492
89302.326
137142.857
101052.632
91428.571
102400.0
123870.968
90352.941
105205.479
103783.784
103783.784
103783.784
103783.784
103783.784
103783.784
103783.784
103783.784
103783.784
103783.784
130169.492
89302.326
103783.784
105205.479
105205.479
105205.479
105205.479
106666.667
120000.0
97215.19
128000.0
116363.636
144905.66
86292.135
139636.364
83478.261
96000.0
99740.26
99740.26
102400.0
178604.651
108169.014
137142.857
59534.884
103783.784
103783.784
134736.842
170666.667
86292.135
134736.842
84395.604
101052.632
102400.0
101052.632
101052.632
182857.143
71775.701
101052.632
130169.492
84395.604
137142.857
88275.862
99740.26
182857.143
70458.716
102400.0
144905.66
81702.128
101052.632
102400.0
102400.0
103783.784
103783.784
103783.784
103783.784
103783.784
103783.784
105205.479
103783.784
103783.784
118153.846
93658.537
103783.784
103783.784
105205.479
174545.455
74563.107
102400.0
105205.479
105205.479
103783.784
105205.479
103783.784
121904.762
93658.537
105205.479
103783.784
105205.479
182857.143
142222.222
62439.024
139636.364
89302.326
102400.0
128000.0
128000.0
78367.347
103783.784
103783.784
105205.479
105205.479
103783.784
182857.143
73846.154
103783.784
105205.479
103783.784
105205.479
105205.479
105205.479
182857.143
76800.0
102400.0
105205.479
105205.479
105205.479
106666.667
105205.479
105205.479
142222.222
90352.941
103783.784
103783.784
106666.667
182857.143
74563.107
147692.308
82580.645
103783.784
105205.479
132413.793
91428.571
103783.784
105205.479
105205.479
106666.667
106666.667
105205.479
106666.667
142222.222
84395.604
103783.784
106666.667
106666.667
170666.667
77575.758
106666.667
137142.857
92530.12
105205.479
106666.667
128000.0
114626.866
92530.12
130169.492
93658.537
106666.667
106666.667
106666.667
106666.667
106666.667
144905.66
88275.862
125901.639
86292.135
101052.632
103783.784
147692.308
103783.784
85333.333
102400.0
103783.784
111304.348
97215.19
102400.0
103783.784
147692.308
101052.632
132413.793
84395.604
99740.26
137142.857
91428.571
103783.784
105205.479
105205.479
182857.143
74563.107
105205.479
105205.479
103783.784
142222.222
88275.862
142222.222
85333.333
102400.0
102400.0
103783.784
103783.784
132413.793
90352.941
102400.0
118153.846
92530.12
103783.784
103783.784
102400.0
103783.784
102400.0
101052.632
103783.784
142222.222
102400.0
85333.333
102400.0
102400.0
102400.0
182857.143
71775.701
101052.632
103783.784
102400.0
139636.364
86292.135
101052.632
182857.143
76039.604
101052.632
101052.632
109714.286
97215.19
103783.784
101052.632
103783.784
103783.784
102400.0
102400.0
103783.784
103783.784
128000.0
87272.727
102400.0
128000.0
87272.727
102400.0
101052.632
102400.0
102400.0
102400.0
182857.143
72452.83
139636.364
86292.135
99740.26
102400.0
105205.479
102400.0
103783.784
103783.784
182857.143
73142.857
102400.0
103783.784
103783.784
102400.0
174545.455
90352.941
84395.604
102400.0
103783.784
105205.479
125901.639
92530.12
102400.0
182857.143
73142.857
105205.479
103783.784
105205.479
103783.784
105205.479
105205.479
142222.222
89302.326
102400.0
187317.073
72452.83
103783.784
105205.479
105205.479
106666.667
106666.667
105205.479
105205.479
105205.479
103783.784
103783.784
134736.842
144905.66
83478.261
96000.0
101052.632
139636.364
85333.333
137142.857
97215.19
86292.135
99740.26
101052.632
101052.632
102400.0
101052.632
182857.143
84395.604
86292.135
103783.784
103783.784
142222.222
88275.862
98461.538
137142.857
89302.326
98461.538
102400.0
160000.0
73846.154
101052.632
99740.26
97215.19
94814.815
142222.222
82580.645
156734.694
82580.645
82580.645
92530.12
96000.0
97215.19
98461.538
98461.538
98461.538
99740.26
101052.632
134736.842
85333.333
97215.19
99740.26
134736.842
85333.333
97215.19
99740.26
137142.857
178604.651
89302.326
139636.364
80842.105
96000.0
101052.632
101052.632
101052.632
101052.632
102400.0
101052.632
98461.538
101052.632
102400.0
102400.0
99740.26
137142.857
87272.727
96000.0
99740.26
98461.538
101052.632
139636.364
83478.261
98461.538
121904.762
88275.862
99740.26
178604.651
69818.182
99740.26
101052.632
101052.632
102400.0
102400.0
102400.0
142222.222
86292.135
98461.538
101052.632
101052.632
102400.0
102400.0
102400.0
102400.0
142222.222
87272.727
97215.19
123870.968
86292.135
101052.632
174545.455
72452.83
123870.968
86292.135
99740.26
101052.632
99740.26
99740.26
101052.632
98461.538
125901.639
87272.727
101052.632
178604.651
70458.716
99740.26
112941.176
87272.727
137142.857
85333.333
142222.222
94814.815
84395.604
97215.19
99740.26
144905.66
96000.0
80842.105
98461.538
98461.538
101052.632
144905.66
73142.857
97215.19
128000.0
83478.261
93658.537
147692.308
82580.645
89302.326
92530.12
94814.815
97215.19
182857.143
66782.609
97215.19
97215.19
99740.26
97215.19
98461.538
98461.538
178604.651
69189.189
97215.19
98461.538
178604.651
69189.189
97215.19
132413.793
85333.333
97215.19
99740.26
101052.632
99740.26
101052.632
99740.26
101052.632
139636.364
83478.261
97215.19
102400.0
101052.632
101052.632
102400.0
101052.632
102400.0
102400.0
101052.632
132413.793
88275.862
132413.793
83478.261
99740.26
101052.632
102400.0
102400.0
102400.0
102400.0
102400.0
101052.632
102400.0
101052.632
101052.632
174545.455
123870.968
69189.189
90352.941
116363.636
150588.235
97215.19
85333.333
139636.364
86292.135
94814.815
102400.0
101052.632
101052.632
144905.66
79175.258
102400.0
139636.364
84395.604
98461.538
103783.784
102400.0
102400.0
102400.0
103783.784
102400.0
103783.784
102400.0
103783.784
101052.632
102400.0
102400.0
132413.793
88275.862
98461.538
178604.651
71111.111
99740.26
114626.866
93658.537
134736.842
85333.333
101052.632
178604.651
71775.701
101052.632
102400.0
102400.0
102400.0
103783.784
101052.632
101052.632
178604.651
71111.111
99740.26
101052.632
128000.0
87272.727
98461.538
99740.26
101052.632
99740.26
178604.651
75294.118
98461.538
137142.857
79175.258
99740.26
99740.26
101052.632
101052.632
101052.632
101052.632
102400.0
130169.492
86292.135
101052.632
174545.455
72452.83
101052.632
102400.0
101052.632
102400.0
103783.784
102400.0
114626.866
92530.12
103783.784
134736.842
90352.941
98461.538
137142.857
87272.727
98461.538
142222.222
87272.727
98461.538
103783.784
103783.784
103783.784
134736.842
90352.941
101052.632
105205.479
103783.784
105205.479
106666.667
178604.651
75294.118
134736.842
92530.12
139636.364
86292.135
137142.857
88275.862
137142.857
88275.862
128000.0
92530.12
106666.667
108169.014
106666.667
105205.479
106666.667
106666.667
105205.479
105205.479
105205.479
103783.784
103783.784
103783.784
105205.479
103783.784
105205.479
103783.784
105205.479
182857.143
89302.326
88275.862
114626.866
96000.0
105205.479
105205.479
105205.479
105205.479
105205.479
142222.222
91428.571
103783.784
114626.866
98461.538
105205.479
103783.784
105205.479
103783.784
103783.784
182857.143
73846.154
102400.0
114626.866
166956.522
87272.727
99740.26
128000.0
132413.793
76800.0
105205.479
114626.866
97215.19
105205.479
105205.479
103783.784
105205.479
103783.784
103783.784
103783.784
144905.66
89302.326
102400.0
102400.0
105205.479
174545.455
75294.118
105205.479
182857.143
86292.135
90352.941
105205.479
105205.479
105205.479
105205.479
103783.784
103783.784
102400.0
103783.784
103783.784
102400.0
103783.784
102400.0
103783.784
103783.784
102400.0
105205.479
103783.784
103783.784
103783.784
105205.479
105205.479
103783.784
106666.667
105205.479
103783.784
105205.479
103783.784
182857.143
73846.154
102400.0
102400.0
103783.784
103783.784
103783.784
102400.0
102400.0
103783.784
142222.222
88275.862
99740.26
102400.0
103783.784
103783.784
102400.0
103783.784
102400.0
137142.857
87272.727
101052.632
101052.632
102400.0
102400.0
101052.632
102400.0
101052.632
139636.364
85333.333
97215.19
101052.632
101052.632
102400.0
103783.784
102400.0
102400.0
102400.0
102400.0
102400.0
120000.0
93658.537
101052.632
103783.784
134736.842
87272.727
99740.26
178604.651
71111.111
101052.632
102400.0
103783.784
101052.632
174545.455
72452.83
142222.222
86292.135
98461.538
178604.651
71775.701
101052.632
139636.364
86292.135
102400.0
182857.143
76039.604
101052.632
103783.784
128000.0
91428.571
103783.784
105205.479
139636.364
89302.326
101052.632
178604.651
73142.857
103783.784
103783.784
102400.0
121904.762
91428.571
137142.857
87272.727
103783.784
178604.651
73846.154
102400.0
105205.479
106666.667
105205.479
105205.479
105205.479
178604.651
89302.326
88275.862
103783.784
121904.762
93658.537
103783.784
102400.0
103783.784
116363.636
93658.537
102400.0
103783.784
103783.784
103783.784
102400.0
103783.784
103783.784
103783.784
102400.0
103783.784
134736.842
85333.333
102400.0
142222.222
102400.0
86292.135
102400.0
103783.784
103783.784
139636.364
86292.135
102400.0
103783.784
103783.784
103783.784
102400.0
103783.784
103783.784
182857.143
72452.83
102400.0
105205.479
103783.784
103783.784
178604.651
73142.857
142222.222
82580.645
103783.784
101052.632
102400.0
102400.0
103783.784
102400.0
101052.632
103783.784
101052.632
103783.784
102400.0
142222.222
98461.538
88275.862
101052.632
102400.0
103783.784
102400.0
105205.479
178604.651
89302.326
85333.333
102400.0
128000.0
90352.941
103783.784
105205.479
105205.479
103783.784
102400.0
102400.0
101052.632
99740.26
178604.651
70458.716
99740.26
99740.26
166956.522
71775.701
98461.538
101052.632
99740.26
134736.842
86292.135
97215.19
128000.0
85333.333
99740.26
99740.26
101052.632
102400.0
106666.667
98461.538
109714.286
96000.0
101052.632
101052.632
102400.0
102400.0
102400.0
102400.0
102400.0
132413.793
88275.862
99740.26
102400.0
103783.784
102400.0
134736.842
88275.862
99740.26
178604.651
73142.857
102400.0
103783.784
103783.784
137142.857
88275.862
130169.492
84395.604
137142.857
83478.261
99740.26
98461.538
99740.26
101052.632
170666.667
71111.111
99740.26
134736.842
85333.333
96000.0
99740.26
166956.522
71111.111
134736.842
80842.105
99740.26
142222.222
86292.135
97215.19
142222.222
96000.0
88275.862
97215.19
178604.651
84395.604
88275.862
97215.19
99740.26
99740.26
102400.0
99740.26
101052.632
99740.26
101052.632
99740.26
178604.651
69818.182
105205.479
160000.0
81702.128
142222.222
80842.105
98461.538
93658.537
101052.632
99740.26
98461.538
98461.538
99740.26
99740.26
174545.455
69189.189
97215.19
99740.26
166956.522
74563.107
132413.793
80842.105
98461.538
99740.26
99740.26
101052.632
99740.26
99740.26
174545.455
71111.111
99740.26
111304.348
92530.12
101052.632
132413.793
91428.571
93658.537
101052.632
101052.632
101052.632
101052.632
102400.0
101052.632
101052.632
99740.26
99740.26
174545.455
84395.604
86292.135
97215.19
99740.26
99740.26
101052.632
101052.632
99740.26
101052.632
139636.364
85333.333
96000.0
99740.26
99740.26
99740.26
178604.651
69818.182
97215.19
139636.364
84395.604
97215.19
98461.538
174545.455
70458.716
99740.26
99740.26
118153.846
87272.727
101052.632
178604.651
70458.716
99740.26
99740.26
98461.538
99740.26
99740.26
160000.0
73142.857
101052.632
101052.632
102400.0
101052.632
102400.0
103783.784
102400.0
102400.0
101052.632
101052.632
101052.632
178604.651
70458.716
101052.632
102400.0
102400.0
134736.842
88275.862
99740.26
125901.639
88275.862
103783.784
178604.651
72452.83
102400.0
105205.479
102400.0
139636.364
85333.333
103783.784
178604.651
73846.154
101052.632
103783.784
102400.0
99740.26
178604.651
69818.182
98461.538
99740.26
174545.455
75294.118
94814.815
123870.968
85333.333
98461.538
99740.26
99740.26
99740.26
99740.26
101052.632
98461.538
101052.632
99740.26
101052.632
178604.651
70458.716
139636.364
85333.333
98461.538
101052.632
101052.632
101052.632
166956.522
73846.154
101052.632
102400.0
132413.793
88275.862
134736.842
83478.261
99740.26
101052.632
102400.0
102400.0
102400.0
101052.632
101052.632
125901.639
87272.727
98461.538
99740.26
120000.0
89302.326
99740.26
99740.26
101052.632
99740.26
99740.26
101052.632
99740.26
99740.26
130169.492
88275.862
99740.26
178604.651
69818.182
98461.538
101052.632
99740.26
101052.632
174545.455
71111.111
99740.26
101052.632
99740.26
101052.632
174545.455
70458.716
98461.538
134736.842
87272.727
97215.19
99740.26
170666.667
71775.701
99740.26
102400.0
101052.632
101052.632
178604.651
76039.604
134736.842
83478.261
99740.26
101052.632
130169.492
85333.333
101052.632
178604.651
71111.111
101052.632
102400.0
101052.632
102400.0
101052.632
134736.842
88275.862
96000.0
142222.222
86292.135
97215.19
101052.632
102400.0
102400.0
102400.0
102400.0
102400.0
101052.632
132413.793
89302.326
99740.26
102400.0
101052.632
102400.0
102400.0
102400.0
170666.667
139636.364
60472.441
98461.538
102400.0
101052.632
102400.0
101052.632
153600.0
77575.758
130169.492
82580.645
101052.632
182857.143
71775.701
101052.632
102400.0
102400.0
142222.222
80842.105
132413.793
84395.604
103783.784
103783.784
102400.0
101052.632
103783.784
103783.784
102400.0
102400.0
178604.651
87272.727
86292.135
102400.0
128000.0
88275.862
99740.26
99740.26
101052.632
178604.651
85333.333
81702.128
98461.538
123870.968
84395.604
97215.19
99740.26
99740.26
99740.26
174545.455
69189.189
97215.19
98461.538
178604.651
71111.111
97215.19
99740.26
174545.455
70458.716
97215.19
99740.26
174545.455
74563.107
97215.19
102400.0
101052.632
101052.632
174545.455
71111.111
99740.26
101052.632
101052.632
101052.632
178604.651
71775.701
142222.222
86292.135
99740.26
121904.762
87272.727
99740.26
99740.26
101052.632
101052.632
174545.455
71111.111
111304.348
91428.571
125901.639
88275.862
102400.0
103783.784
102400.0
123870.968
90352.941
139636.364
86292.135
102400.0
178604.651
74563.107
105205.479
137142.857
91428.571
103783.784
134736.842
92530.12
137142.857
88275.862
134736.842
88275.862
121904.762
91428.571
103783.784
103783.784
103783.784
178604.651
93658.537
85333.333
103783.784
103783.784
105205.479
105205.479
105205.479
105205.479
139636.364
90352.941
134736.842
88275.862
103783.784
106666.667
105205.479
120000.0
92530.12
105205.479
105205.479
105205.479
105205.479
134736.842
91428.571
102400.0
114626.866
174545.455
88275.862
130169.492
85333.333
102400.0
102400.0
105205.479
103783.784
103783.784
102400.0
102400.0
102400.0
102400.0
101052.632
102400.0
101052.632
102400.0
101052.632
108169.014
96000.0
101052.632
139636.364
86292.135
94814.815
101052.632
102400.0
102400.0
101052.632
102400.0
102400.0
132413.793
88275.862
101052.632
102400.0
103783.784
102400.0
105205.479
103783.784
103783.784
103783.784
134736.842
88275.862
105205.479
125901.639
91428.571
102400.0
103783.784
102400.0
105205.479
97215.19
102400.0
101052.632
102400.0
101052.632
101052.632
102400.0
101052.632
137142.857
86292.135
97215.19
101052.632
132413.793
86292.135
97215.19
99740.26
101052.632
98461.538
170666.667
71775.701
98461.538
101052.632
101052.632
128000.0
82580.645
101052.632
101052.632
101052.632
101052.632
160000.0
73846.154
98461.538
99740.26
134736.842
87272.727
97215.19
132413.793
85333.333
97215.19
98461.538
174545.455
70458.716
99740.26
101052.632
147692.308
320000.0
137142.857
86292.135
97215.19
101052.632
102400.0
112941.176
93658.537
130169.492
698181.818
93658.537
101052.632
102400.0
101052.632
170666.667
73142.857
102400.0
130169.492
166956.522
87272.727
128000.0
82580.645
123870.968
87272.727
99740.26
101052.632
102400.0
102400.0
103783.784
102400.0
130169.492
86292.135
103783.784
101052.632
103783.784
102400.0
103783.784
102400.0
102400.0
139636.364
87272.727
99740.26
101052.632
105205.479
102400.0
103783.784
102400.0
170666.667
73846.154
102400.0
101052.632
105205.479
102400.0
103783.784
142222.222
86292.135
101052.632
102400.0
130169.492
89302.326
99740.26
178604.651
71775.701
99740.26
144905.66
80000.0
130169.492
89302.326
96000.0
101052.632
99740.26
98461.538
178604.651
69818.182
99740.26
99740.26
101052.632
99740.26
170666.667
71775.701
98461.538
101052.632
99740.26
101052.632
170666.667
70458.716
98461.538
98461.538
98461.538
99740.26
99740.26
128000.0
86292.135
96000.0
125901.639
85333.333
98461.538
182857.143
69189.189
99740.26
98461.538
101052.632
101052.632
163404.255
72452.83
99740.26
102400.0
101052.632
101052.632
178604.651
71111.111
99740.26
102400.0
101052.632
102400.0
174545.455
72452.83
101052.632
102400.0
103783.784
102400.0
102400.0
99740.26
99740.26
99740.26
99740.26
99740.26
99740.26
98461.538
98461.538
98461.538
99740.26
178604.651
69189.189
98461.538
98461.538
174545.455
69189.189
96000.0
97215.19
97215.19
96000.0
96000.0
130169.492
86292.135
105205.479
82580.645
93658.537
121904.762
78367.347
94814.815
94814.815
98461.538
96000.0
97215.19
98461.538
97215.19
98461.538
94814.815
178604.651
66782.609
96000.0
97215.19
142222.222
82580.645
90352.941
132413.793
84395.604
92530.12
94814.815
97215.19
170666.667
67964.602
96000.0
98461.538
139636.364
144905.66
61935.484
94814.815
123870.968
86292.135
137142.857
80000.0
96000.0
130169.492
85333.333
98461.538
101052.632
102400.0
166956.522
256000.0
102400.0
102400.0
103783.784
102400.0
103783.784
102400.0
103783.784
103783.784
320000.0
150588.235
105205.479
102400.0
103783.784
103783.784
103783.784
103783.784
121904.762
170666.667
86292.135
97215.19
101052.632
102400.0
103783.784
103783.784
102400.0
102400.0
103783.784
102400.0
103783.784
102400.0
102400.0
128000.0
147692.308
156734.694
85333.333
96000.0
99740.26
101052.632
102400.0
103783.784
101052.632
103783.784
102400.0
102400.0
102400.0
102400.0
101052.632
102400.0
102400.0
101052.632
102400.0
102400.0
102400.0
102400.0
101052.632
134736.842
139636.364
81702.128
96000.0
101052.632
99740.26
101052.632
101052.632
102400.0
99740.26
174545.455
73142.857
101052.632
102400.0
101052.632
102400.0
170666.667
73846.154
102400.0
103783.784
103783.784
123870.968
170666.667
87272.727
96000.0
178604.651
71111.111
101052.632
102400.0
102400.0
114626.866
91428.571
102400.0
103783.784
102400.0
102400.0
105205.479
102400.0
105205.479
105205.479
103783.784
105205.479
