76800.0
134736.842
51891.892
76800.0
76039.604
137142.857
52965.517
73142.857
81702.128
120000.0
55251.799
75294.118
76039.604
130169.492
54084.507
73142.857
76039.604
139636.364
53333.333
77575.758
73142.857
139636.364
53706.294
76800.0
134736.842
53333.333
76039.604
74563.107
139636.364
53706.294
76800.0
139636.364
53706.294
77575.758
134736.842
53706.294
76800.0
73846.154
139636.364
307200.0
65641.026
76800.0
139636.364
53333.333
79175.258
132413.793
55251.799
74563.107
77575.758
137142.857
55251.799
76039.604
142222.222
55251.799
80000.0
134736.842
54857.143
80000.0
137142.857
54857.143
77575.758
139636.364
55652.174
77575.758
142222.222
64000.0
80000.0
132413.793
56470.588
77575.758
142222.222
53333.333
79175.258
137142.857
54857.143
77575.758
142222.222
54857.143
80000.0
139636.364
61935.484
70458.716
105205.479
103783.784
114626.866
123870.968
94814.815
93658.537
103783.784
114626.866
116363.636
99740.26
116363.636
139636.364
57744.361
70458.716
71775.701
72452.83
139636.364
49230.769
73846.154
71111.111
139636.364
49870.13
71775.701
71111.111
137142.857
51200.0
72452.83
71111.111
139636.364
50196.078
75294.118
75294.118
134736.842
50526.316
76039.604
73142.857
134736.842
50860.927
76039.604
73142.857
142222.222
51200.0
73846.154
75294.118
137142.857
50196.078
71111.111
73142.857
139636.364
50526.316
72452.83
76039.604
134736.842
53333.333
75294.118
77575.758
125901.639
56058.394
76800.0
134736.842
53333.333
77575.758
76039.604
132413.793
53333.333
76800.0
139636.364
53706.294
80000.0
139636.364
54084.507
75294.118
79175.258
132413.793
53333.333
76800.0
139636.364
53706.294
76039.604
75294.118
139636.364
52965.517
78367.347
75294.118
137142.857
54084.507
78367.347
139636.364
53333.333
78367.347
132413.793
52602.74
78367.347
76039.604
132413.793
52965.517
76039.604
75294.118
132413.793
52244.898
72452.83
76800.0
137142.857
52602.74
72452.83
76800.0
132413.793
52602.74
73142.857
77575.758
132413.793
52244.898
72452.83
75294.118
139636.364
52244.898
75294.118
74563.107
134736.842
52602.74
73846.154
73846.154
134736.842
51891.892
73142.857
77575.758
139636.364
51543.624
76800.0
73846.154
134736.842
52244.898
75294.118
73846.154
137142.857
52965.517
76039.604
142222.222
53706.294
74563.107
77575.758
137142.857
53333.333
77575.758
139636.364
53333.333
76800.0
76800.0
137142.857
54468.085
74563.107
139636.364
53706.294
75294.118
76800.0
139636.364
54084.507
76039.604
134736.842
54084.507
75294.118
75294.118
134736.842
52602.74
80000.0
134736.842
53706.294
76800.0
77575.758
130169.492
54468.085
76039.604
76800.0
130169.492
53333.333
72452.83
76800.0
134736.842
51891.892
76039.604
74563.107
137142.857
52602.74
74563.107
72452.83
139636.364
121904.762
166956.522
53706.294
74563.107
75294.118
139636.364
51543.624
76039.604
76039.604
139636.364
52602.74
76039.604
76039.604
139636.364
52602.74
77575.758
142222.222
52602.74
76800.0
79175.258
134736.842
54084.507
81702.128
139636.364
52602.74
75294.118
78367.347
123870.968
57313.433
77575.758
139636.364
53706.294
76800.0
78367.347
123870.968
57744.361
75294.118
139636.364
53706.294
76800.0
80842.105
120000.0
55251.799
80000.0
134736.842
52602.74
76800.0
76800.0
137142.857
54084.507
74563.107
139636.364
54468.085
73846.154
80842.105
120000.0
55251.799
77575.758
137142.857
53706.294
73846.154
76039.604
139636.364
54468.085
76800.0
75294.118
139636.364
54857.143
75294.118
139636.364
54084.507
79175.258
75294.118
137142.857
54857.143
76039.604
139636.364
54468.085
76039.604
79175.258
121904.762
59534.884
76039.604
139636.364
55251.799
80842.105
132413.793
54857.143
78367.347
139636.364
55251.799
78367.347
139636.364
54857.143
78367.347
137142.857
54857.143
79175.258
142222.222
53706.294
79175.258
139636.364
54468.085
77575.758
76800.0
137142.857
54084.507
76039.604
139636.364
53706.294
76039.604
137142.857
52602.74
76800.0
78367.347
134736.842
64000.0
97215.19
109714.286
112941.176
101052.632
139636.364
64000.0
60472.441
76800.0
142222.222
48301.887
71775.701
74563.107
142222.222
284444.444
61440.0
74563.107
73846.154
132413.793
333913.043
61440.0
76039.604
75294.118
134736.842
52602.74
75294.118
87272.727
548571.429
134736.842
53333.333
74563.107
79175.258
137142.857
333913.043
67368.421
1280000.0
80842.105
142222.222
178604.651
182857.143
134736.842
207567.568
320000.0
196923.077
147692.308
256000.0
69189.189
76800.0
80842.105
137142.857
56058.394
108169.014
274285.714
144905.66
142222.222
96000.0
80842.105
156734.694
768000.0
56058.394
81702.128
139636.364
56888.889
81702.128
139636.364
58181.818
80842.105
137142.857
59076.923
83478.261
139636.364
59534.884
84395.604
139636.364
60952.381
83478.261
139636.364
61440.0
86292.135
137142.857
63471.074
87272.727
134736.842
64537.815
87272.727
137142.857
65084.746
87272.727
134736.842
65084.746
88275.862
134736.842
65641.026
87272.727
134736.842
65641.026
87272.727
137142.857
65084.746
87272.727
137142.857
64537.815
86292.135
137142.857
64000.0
85333.333
139636.364
63471.074
84395.604
137142.857
61935.484
83478.261
139636.364
60000.0
83478.261
139636.364
59076.923
82580.645
142222.222
58181.818
82580.645
139636.364
60472.441
83478.261
139636.364
60000.0
84395.604
139636.364
60952.381
85333.333
139636.364
60952.381
86292.135
137142.857
61935.484
86292.135
137142.857
61935.484
85333.333
137142.857
61935.484
87272.727
137142.857
62950.82
86292.135
137142.857
62950.82
87272.727
134736.842
64537.815
87272.727
134736.842
63471.074
86292.135
137142.857
64000.0
86292.135
134736.842
64537.815
85333.333
137142.857
63471.074
86292.135
137142.857
64537.815
88275.862
132413.793
65641.026
86292.135
137142.857
64537.815
85333.333
137142.857
63471.074
86292.135
137142.857
64537.815
87272.727
134736.842
64537.815
156734.694
196923.077
134736.842
64537.815
88275.862
134736.842
65084.746
114626.866
480000.0
123870.968
65084.746
87272.727
134736.842
64000.0
87272.727
134736.842
64537.815
87272.727
134736.842
66782.609
87272.727
132413.793
67368.421
88275.862
130169.492
68571.429
88275.862
128000.0
69818.182
88275.862
128000.0
69189.189
90352.941
118153.846
71775.701
89302.326
123870.968
69189.189
88275.862
118153.846
70458.716
88275.862
123870.968
69189.189
88275.862
130169.492
66206.897
87272.727
132413.793
65641.026
88275.862
132413.793
65641.026
87272.727
132413.793
65641.026
87272.727
132413.793
65641.026
88275.862
130169.492
65641.026
86292.135
134736.842
65084.746
86292.135
134736.842
65084.746
86292.135
134736.842
64000.0
86292.135
134736.842
64537.815
88275.862
132413.793
65084.746
87272.727
132413.793
65641.026
86292.135
134736.842
65641.026
86292.135
134736.842
64000.0
86292.135
134736.842
64000.0
85333.333
137142.857
64000.0
86292.135
134736.842
64000.0
88275.862
132413.793
65084.746
87272.727
132413.793
65641.026
87272.727
132413.793
66782.609
88275.862
128000.0
67368.421
89302.326
121904.762
67964.602
86292.135
132413.793
64000.0
87272.727
134736.842
63471.074
85333.333
137142.857
62439.024
83478.261
139636.364
60472.441
84395.604
137142.857
61935.484
84395.604
137142.857
61440.0
84395.604
139636.364
61935.484
84395.604
139636.364
60000.0
84395.604
139636.364
60472.441
82580.645
142222.222
59534.884
82580.645
142222.222
59076.923
83478.261
142222.222
60000.0
83478.261
139636.364
60472.441
85333.333
139636.364
61935.484
84395.604
139636.364
62439.024
85333.333
137142.857
62950.82
88275.862
130169.492
207567.568
92530.12
88275.862
130169.492
65084.746
88275.862
130169.492
65641.026
88275.862
125901.639
69189.189
88275.862
116363.636
70458.716
88275.862
118153.846
70458.716
88275.862
120000.0
320000.0
91428.571
89302.326
116363.636
71111.111
89302.326
111304.348
73846.154
89302.326
88275.862
88275.862
88275.862
89302.326
88275.862
87272.727
88275.862
88275.862
86292.135
128000.0
256000.0
196923.077
156734.694
144905.66
213333.333
202105.263
150588.235
87272.727
86292.135
108169.014
590769.231
85333.333
86292.135
240000.0
128000.0
86292.135
85333.333
86292.135
118153.846
307200.0
85333.333
86292.135
130169.492
333913.043
134736.842
202105.263
86292.135
125901.639
320000.0
109714.286
307200.0
87272.727
128000.0
307200.0
120000.0
232727.273
86292.135
134736.842
63471.074
85333.333
134736.842
333913.043
76800.0
85333.333
295384.615
264827.586
62950.82
86292.135
137142.857
182857.143
97215.19
86292.135
132413.793
64000.0
86292.135
132413.793
64000.0
84395.604
240000.0
320000.0
60952.381
85333.333
295384.615
284444.444
295384.615
76800.0
85333.333
142222.222
62439.024
225882.353
130169.492
142222.222
320000.0
77575.758
112941.176
384000.0
134736.842
62950.82
307200.0
118153.846
132413.793
63471.074
87272.727
130169.492
65084.746
89302.326
123870.968
66782.609
86292.135
132413.793
64537.815
88275.862
128000.0
64000.0
88275.862
123870.968
66782.609
88275.862
118153.846
68571.429
88275.862
121904.762
68571.429
89302.326
87272.727
88275.862
123870.968
67964.602
86292.135
128000.0
66206.897
86292.135
130169.492
66206.897
84395.604
132413.793
65084.746
87272.727
130169.492
65641.026
86292.135
132413.793
65084.746
86292.135
134736.842
63471.074
86292.135
132413.793
64000.0
86292.135
132413.793
65084.746
87272.727
128000.0
66782.609
86292.135
132413.793
295384.615
84395.604
87272.727
128000.0
67368.421
88275.862
118153.846
71111.111
89302.326
108169.014
76039.604
88275.862
89302.326
90352.941
89302.326
89302.326
90352.941
88275.862
89302.326
90352.941
88275.862
88275.862
89302.326
89302.326
88275.862
89302.326
88275.862
88275.862
89302.326
88275.862
88275.862
88275.862
87272.727
89302.326
87272.727
87272.727
88275.862
87272.727
89302.326
85333.333
86292.135
85333.333
84395.604
84395.604
125901.639
62950.82
82580.645
139636.364
59076.923
82580.645
139636.364
59076.923
83478.261
139636.364
59534.884
83478.261
139636.364
60000.0
84395.604
137142.857
60952.381
86292.135
134736.842
62439.024
86292.135
134736.842
62950.82
86292.135
134736.842
62950.82
86292.135
134736.842
62950.82
86292.135
134736.842
62439.024
85333.333
137142.857
61440.0
85333.333
137142.857
61440.0
83478.261
139636.364
333913.043
73846.154
84395.604
137142.857
60952.381
85333.333
137142.857
333913.043
74563.107
84395.604
139636.364
61440.0
85333.333
139636.364
61440.0
85333.333
139636.364
62950.82
86292.135
134736.842
63471.074
84395.604
139636.364
61440.0
84395.604
137142.857
61440.0
85333.333
137142.857
61440.0
85333.333
137142.857
61935.484
86292.135
134736.842
62950.82
87272.727
132413.793
63471.074
84395.604
137142.857
61935.484
84395.604
139636.364
61935.484
84395.604
139636.364
60952.381
85333.333
139636.364
60952.381
84395.604
139636.364
61440.0
84395.604
137142.857
60952.381
82580.645
142222.222
59534.884
82580.645
142222.222
58625.954
83478.261
142222.222
58625.954
83478.261
144905.66
58181.818
83478.261
142222.222
58181.818
83478.261
139636.364
59534.884
83478.261
142222.222
59534.884
83478.261
142222.222
59534.884
83478.261
139636.364
60000.0
83478.261
139636.364
60000.0
82580.645
142222.222
59534.884
85333.333
139636.364
60472.441
85333.333
139636.364
60952.381
84395.604
139636.364
60952.381
84395.604
139636.364
60472.441
84395.604
139636.364
60472.441
82580.645
142222.222
60000.0
83478.261
142222.222
60000.0
82580.645
142222.222
59534.884
83478.261
139636.364
59534.884
82580.645
142222.222
59076.923
85333.333
142222.222
60952.381
83478.261
142222.222
61935.484
80000.0
142222.222
60472.441
86292.135
139636.364
60952.381
84395.604
139636.364
61935.484
83478.261
139636.364
61935.484
86292.135
134736.842
62439.024
84395.604
134736.842
62950.82
86292.135
134736.842
62439.024
84395.604
137142.857
60952.381
85333.333
137142.857
60952.381
83478.261
139636.364
60472.441
83478.261
139636.364
60472.441
83478.261
139636.364
59534.884
82580.645
139636.364
59076.923
81702.128
139636.364
58625.954
81702.128
142222.222
59076.923
80000.0
139636.364
60472.441
81702.128
132413.793
59076.923
81702.128
139636.364
58181.818
80842.105
139636.364
58181.818
83478.261
137142.857
58625.954
82580.645
139636.364
58181.818
81702.128
139636.364
59076.923
79175.258
137142.857
57744.361
80000.0
139636.364
58625.954
78367.347
139636.364
57744.361
80000.0
142222.222
58181.818
78367.347
139636.364
57313.433
81702.128
139636.364
58181.818
81702.128
139636.364
57744.361
82580.645
137142.857
57744.361
82580.645
139636.364
57313.433
81702.128
139636.364
56888.889
81702.128
139636.364
56470.588
81702.128
139636.364
56888.889
80842.105
134736.842
56888.889
78367.347
142222.222
56470.588
79175.258
142222.222
56058.394
80000.0
142222.222
55251.799
80842.105
142222.222
55652.174
79175.258
132413.793
55251.799
77575.758
79175.258
134736.842
56470.588
77575.758
137142.857
53706.294
78367.347
139636.364
150588.235
147692.308
57313.433
77575.758
142222.222
56058.394
77575.758
142222.222
54468.085
79175.258
139636.364
55652.174
79175.258
139636.364
55251.799
79175.258
139636.364
54857.143
78367.347
142222.222
54857.143
78367.347
78367.347
139636.364
55652.174
76800.0
139636.364
54084.507
79175.258
139636.364
54468.085
78367.347
139636.364
55652.174
79175.258
142222.222
55652.174
81702.128
139636.364
56470.588
80842.105
142222.222
58181.818
79175.258
139636.364
57744.361
80842.105
139636.364
57744.361
82580.645
139636.364
58625.954
83478.261
139636.364
58625.954
82580.645
139636.364
58625.954
83478.261
139636.364
58181.818
83478.261
137142.857
58181.818
82580.645
139636.364
58181.818
81702.128
139636.364
58181.818
81702.128
137142.857
57744.361
81702.128
139636.364
56888.889
81702.128
137142.857
56888.889
80842.105
139636.364
56888.889
80000.0
139636.364
56888.889
85333.333
137142.857
55251.799
80000.0
139636.364
56888.889
79175.258
139636.364
56470.588
81702.128
132413.793
56470.588
81702.128
139636.364
55652.174
80000.0
139636.364
55652.174
80000.0
139636.364
55652.174
76800.0
80000.0
132413.793
54468.085
78367.347
139636.364
53706.294
80000.0
74563.107
139636.364
53333.333
76039.604
77575.758
139636.364
53333.333
73142.857
75294.118
139636.364
52965.517
73846.154
75294.118
139636.364
51891.892
76039.604
76800.0
137142.857
53333.333
77575.758
139636.364
53706.294
77575.758
79175.258
137142.857
54857.143
78367.347
142222.222
54468.085
78367.347
134736.842
55652.174
79175.258
139636.364
55251.799
79175.258
139636.364
55652.174
80842.105
137142.857
56470.588
81702.128
139636.364
56470.588
81702.128
139636.364
56888.889
80842.105
139636.364
56058.394
79175.258
139636.364
55251.799
78367.347
79175.258
134736.842
55652.174
77575.758
139636.364
54468.085
77575.758
78367.347
137142.857
55652.174
75294.118
137142.857
54084.507
76800.0
78367.347
137142.857
54468.085
78367.347
137142.857
54468.085
77575.758
78367.347
137142.857
55251.799
77575.758
139636.364
54857.143
77575.758
137142.857
123870.968
170666.667
60000.0
79175.258
142222.222
54857.143
78367.347
142222.222
54857.143
79175.258
139636.364
55251.799
79175.258
142222.222
54857.143
80000.0
142222.222
55251.799
79175.258
142222.222
55251.799
78367.347
139636.364
55652.174
78367.347
79175.258
137142.857
54857.143
78367.347
142222.222
53706.294
77575.758
137142.857
54857.143
79175.258
139636.364
54857.143
79175.258
137142.857
56058.394
79175.258
139636.364
56058.394
78367.347
139636.364
55652.174
80842.105
139636.364
56470.588
80000.0
139636.364
56888.889
80000.0
137142.857
57744.361
77575.758
137142.857
57313.433
76800.0
139636.364
55652.174
79175.258
137142.857
55652.174
79175.258
79175.258
134736.842
56058.394
78367.347
137142.857
54857.143
78367.347
78367.347
134736.842
55251.799
78367.347
139636.364
54857.143
79175.258
137142.857
55251.799
79175.258
134736.842
56058.394
109714.286
65641.026
79175.258
78367.347
137142.857
56058.394
78367.347
142222.222
55251.799
78367.347
139636.364
55652.174
80000.0
139636.364
55652.174
80000.0
139636.364
55652.174
80000.0
139636.364
55251.799
80000.0
142222.222
55251.799
80000.0
139636.364
56058.394
79175.258
139636.364
55652.174
79175.258
139636.364
55251.799
79175.258
137142.857
55652.174
78367.347
80000.0
125901.639
58181.818
78367.347
139636.364
54857.143
78367.347
139636.364
56058.394
76039.604
79175.258
128000.0
56888.889
79175.258
139636.364
55251.799
79175.258
137142.857
55652.174
80000.0
137142.857
56058.394
78367.347
137142.857
55251.799
78367.347
79175.258
132413.793
56058.394
78367.347
139636.364
55652.174
76039.604
78367.347
134736.842
55251.799
77575.758
139636.364
53333.333
77575.758
76800.0
139636.364
53333.333
77575.758
134736.842
53706.294
76800.0
77575.758
137142.857
53706.294
77575.758
139636.364
52965.517
76800.0
80000.0
132413.793
52965.517
76800.0
76039.604
139636.364
52244.898
76039.604
76039.604
139636.364
51891.892
76039.604
76039.604
137142.857
52244.898
75294.118
76039.604
139636.364
52602.74
76039.604
76800.0
137142.857
53333.333
76800.0
76800.0
137142.857
53706.294
76800.0
137142.857
53333.333
77575.758
77575.758
137142.857
54468.085
121904.762
56888.889
78367.347
79175.258
134736.842
54857.143
77575.758
137142.857
54857.143
77575.758
79175.258
134736.842
56470.588
76800.0
137142.857
55251.799
78367.347
134736.842
132413.793
166956.522
58181.818
80000.0
139636.364
55251.799
78367.347
139636.364
56470.588
77575.758
139636.364
55652.174
79175.258
139636.364
56058.394
79175.258
139636.364
55652.174
79175.258
139636.364
55652.174
79175.258
137142.857
55251.799
80000.0
139636.364
54857.143
79175.258
137142.857
55251.799
78367.347
79175.258
137142.857
54468.085
78367.347
142222.222
53706.294
78367.347
78367.347
137142.857
54468.085
78367.347
139636.364
53706.294
77575.758
78367.347
137142.857
53706.294
77575.758
134736.842
54084.507
76800.0
77575.758
137142.857
54084.507
76800.0
78367.347
137142.857
54084.507
77575.758
142222.222
182857.143
75294.118
80842.105
75294.118
139636.364
54857.143
76039.604
76039.604
137142.857
53706.294
78367.347
137142.857
53333.333
77575.758
76039.604
137142.857
54468.085
76039.604
75294.118
137142.857
52965.517
79175.258
76039.604
132413.793
53333.333
74563.107
76039.604
139636.364
52965.517
78367.347
74563.107
139636.364
53333.333
74563.107
76039.604
139636.364
52602.74
76039.604
76039.604
139636.364
52602.74
75294.118
76800.0
139636.364
52244.898
75294.118
76800.0
137142.857
52244.898
76039.604
75294.118
139636.364
52244.898
76039.604
76800.0
137142.857
54084.507
75294.118
76800.0
139636.364
53333.333
76800.0
76800.0
137142.857
54084.507
77575.758
78367.347
134736.842
55251.799
78367.347
137142.857
54857.143
78367.347
139636.364
54857.143
80842.105
132413.793
54857.143
79175.258
137142.857
55251.799
79175.258
139636.364
54857.143
80000.0
137142.857
55251.799
79175.258
139636.364
54468.085
78367.347
78367.347
134736.842
55652.174
76039.604
137142.857
54468.085
76800.0
79175.258
134736.842
54857.143
77575.758
139636.364
54084.507
78367.347
134736.842
54468.085
79175.258
137142.857
54857.143
80000.0
139636.364
54468.085
79175.258
139636.364
55251.799
79175.258
137142.857
55251.799
79175.258
139636.364
55251.799
78367.347
79175.258
134736.842
56888.889
76039.604
139636.364
54857.143
77575.758
79175.258
137142.857
55652.174
79175.258
139636.364
55251.799
79175.258
139636.364
55251.799
79175.258
137142.857
55652.174
78367.347
80000.0
125901.639
56888.889
79175.258
139636.364
53706.294
79175.258
137142.857
54084.507
78367.347
78367.347
137142.857
54468.085
80000.0
132413.793
53706.294
78367.347
77575.758
137142.857
54468.085
77575.758
137142.857
54468.085
77575.758
79175.258
137142.857
55251.799
79175.258
137142.857
54857.143
79175.258
137142.857
54857.143
79175.258
78367.347
137142.857
54468.085
78367.347
137142.857
54857.143
79175.258
137142.857
55652.174
79175.258
139636.364
55251.799
80000.0
137142.857
55652.174
80000.0
137142.857
55652.174
79175.258
139636.364
55652.174
79175.258
139636.364
55652.174
78367.347
134736.842
56058.394
78367.347
79175.258
137142.857
54857.143
78367.347
137142.857
54084.507
78367.347
78367.347
137142.857
54468.085
77575.758
78367.347
134736.842
54857.143
77575.758
137142.857
54468.085
78367.347
78367.347
137142.857
55251.799
79175.258
139636.364
54857.143
79175.258
139636.364
55652.174
79175.258
134736.842
55652.174
79175.258
139636.364
55251.799
80000.0
137142.857
55251.799
80000.0
139636.364
56058.394
77575.758
137142.857
55251.799
79175.258
137142.857
116363.636
174545.455
62439.024
76800.0
139636.364
55251.799
78367.347
80000.0
125901.639
58181.818
79175.258
139636.364
54857.143
79175.258
139636.364
54857.143
79175.258
134736.842
55251.799
78367.347
80842.105
130169.492
55251.799
78367.347
137142.857
54468.085
77575.758
79175.258
134736.842
55251.799
78367.347
137142.857
54857.143
78367.347
81702.128
128000.0
55251.799
78367.347
139636.364
54468.085
78367.347
78367.347
139636.364
56058.394
75294.118
79175.258
134736.842
54857.143
78367.347
139636.364
54084.507
78367.347
80000.0
134736.842
55251.799
79175.258
139636.364
54468.085
79175.258
78367.347
137142.857
56470.588
78367.347
137142.857
54084.507
78367.347
78367.347
137142.857
56058.394
76039.604
139636.364
54857.143
77575.758
79175.258
137142.857
56470.588
76800.0
137142.857
54468.085
78367.347
79175.258
137142.857
54857.143
78367.347
139636.364
54468.085
78367.347
79175.258
134736.842
54857.143
79175.258
137142.857
54468.085
79175.258
134736.842
55251.799
79175.258
78367.347
137142.857
56058.394
79175.258
139636.364
56058.394
80000.0
139636.364
56470.588
79175.258
139636.364
56058.394
80000.0
139636.364
56470.588
80000.0
139636.364
56058.394
80000.0
142222.222
56470.588
80000.0
139636.364
56058.394
80000.0
139636.364
55652.174
80000.0
142222.222
55652.174
80842.105
139636.364
56058.394
80000.0
139636.364
56058.394
80842.105
139636.364
55652.174
80000.0
139636.364
55251.799
80000.0
139636.364
55251.799
80000.0
137142.857
55251.799
79175.258
137142.857
55652.174
78367.347
79175.258
137142.857
54857.143
77575.758
139636.364
54468.085
77575.758
79175.258
137142.857
55251.799
78367.347
139636.364
54857.143
78367.347
80000.0
134736.842
56058.394
81702.128
132413.793
55251.799
80000.0
139636.364
55652.174
80842.105
139636.364
55652.174
81702.128
139636.364
56058.394
81702.128
139636.364
56470.588
80842.105
142222.222
56470.588
81702.128
139636.364
57313.433
81702.128
139636.364
56888.889
81702.128
139636.364
56888.889
81702.128
139636.364
56888.889
81702.128
139636.364
56888.889
80842.105
139636.364
56888.889
80000.0
139636.364
56058.394
80000.0
139636.364
55251.799
80000.0
137142.857
56058.394
80000.0
137142.857
55251.799
80000.0
139636.364
55251.799
80000.0
78367.347
137142.857
55251.799
77575.758
77575.758
137142.857
54468.085
76800.0
77575.758
137142.857
53706.294
76800.0
77575.758
137142.857
53333.333
77575.758
76800.0
137142.857
53706.294
76039.604
77575.758
137142.857
54084.507
76800.0
78367.347
134736.842
54468.085
77575.758
139636.364
54084.507
77575.758
79175.258
137142.857
55652.174
78367.347
139636.364
55251.799
80000.0
137142.857
55652.174
80000.0
139636.364
55652.174
79175.258
137142.857
55652.174
79175.258
137142.857
55652.174
79175.258
78367.347
134736.842
55251.799
77575.758
137142.857
54468.085
79175.258
77575.758
137142.857
54084.507
77575.758
77575.758
139636.364
53333.333
77575.758
77575.758
137142.857
54084.507
76800.0
139636.364
54084.507
77575.758
78367.347
137142.857
54857.143
78367.347
139636.364
54857.143
79175.258
139636.364
66206.897
68571.429
81702.128
130169.492
56058.394
79175.258
139636.364
55652.174
80000.0
139636.364
55652.174
79175.258
139636.364
55652.174
80000.0
137142.857
55652.174
79175.258
137142.857
55652.174
79175.258
137142.857
55652.174
80000.0
139636.364
59534.884
73142.857
79175.258
137142.857
56470.588
78367.347
139636.364
54857.143
78367.347
79175.258
137142.857
55251.799
78367.347
139636.364
54468.085
78367.347
137142.857
55251.799
79175.258
134736.842
55251.799
79175.258
134736.842
55251.799
79175.258
78367.347
137142.857
54857.143
77575.758
137142.857
54857.143
79175.258
139636.364
55652.174
76039.604
78367.347
139636.364
54857.143
78367.347
142222.222
54084.507
82580.645
134736.842
54468.085
80000.0
139636.364
54468.085
79175.258
137142.857
55652.174
79175.258
139636.364
55251.799
80000.0
139636.364
55652.174
80000.0
142222.222
55652.174
80000.0
142222.222
55251.799
80000.0
139636.364
55251.799
79175.258
139636.364
56058.394
77575.758
137142.857
55251.799
79175.258
81702.128
132413.793
54857.143
78367.347
137142.857
54468.085
76800.0
77575.758
139636.364
53706.294
76800.0
77575.758
137142.857
53333.333
76800.0
76800.0
137142.857
52602.74
76039.604
76039.604
139636.364
52244.898
75294.118
76800.0
137142.857
54084.507
77575.758
77575.758
137142.857
54468.085
78367.347
137142.857
54857.143
78367.347
78367.347
139636.364
54857.143
78367.347
137142.857
56058.394
76039.604
78367.347
139636.364
55652.174
76039.604
142222.222
54084.507
78367.347
79175.258
137142.857
54857.143
79175.258
139636.364
54084.507
79175.258
78367.347
137142.857
54857.143
77575.758
137142.857
54857.143
79175.258
78367.347
139636.364
54857.143
78367.347
137142.857
54857.143
78367.347
79175.258
137142.857
55251.799
77575.758
134736.842
55251.799
76800.0
78367.347
137142.857
53333.333
76800.0
76039.604
137142.857
53706.294
73846.154
76039.604
139636.364
53333.333
73846.154
76039.604
139636.364
52244.898
75294.118
76039.604
139636.364
52602.74
