189873.418
101351.351
128205.128
185185.185
101351.351
128205.128
182926.829
101351.351
128205.128
185185.185
101351.351
126050.42
185185.185
100671.141
128205.128
185185.185
100000.0
129310.345
182926.829
100671.141
128205.128
182926.829
100671.141
128205.128
182926.829
100671.141
126050.42
182926.829
102040.816
127118.644
185185.185
100000.0
129310.345
182926.829
100000.0
128205.128
182926.829
100000.0
127118.644
182926.829
100000.0
128205.128
182926.829
99337.748
127118.644
185185.185
98684.211
126050.42
187500.0
97402.597
128205.128
185185.185
98039.216
127118.644
185185.185
98039.216
127118.644
185185.185
98039.216
126050.42
187500.0
97402.597
126050.42
187500.0
97402.597
126050.42
189873.418
96774.194
125000.0
192307.692
96153.846
125000.0
189873.418
97402.597
125000.0
192307.692
96774.194
125000.0
192307.692
95541.401
127118.644
187500.0
96774.194
127118.644
187500.0
97402.597
125000.0
189873.418
96153.846
126050.42
189873.418
96774.194
123966.942
194805.195
94936.709
125000.0
194805.195
95541.401
125000.0
192307.692
94936.709
126050.42
189873.418
96774.194
125000.0
192307.692
94339.623
126050.42
192307.692
95541.401
123966.942
192307.692
94936.709
127118.644
192307.692
95541.401
125000.0
192307.692
94936.709
126050.42
192307.692
95541.401
127118.644
189873.418
96153.846
125000.0
192307.692
94339.623
126050.42
192307.692
95541.401
127118.644
189873.418
96153.846
122950.82
197368.421
94339.623
126050.42
194805.195
94936.709
125000.0
192307.692
96153.846
125000.0
194805.195
94339.623
126050.42
192307.692
94936.709
125000.0
194805.195
94339.623
126050.42
192307.692
94339.623
125000.0
194805.195
93750.0
123966.942
197368.421
93750.0
122950.82
194805.195
94339.623
125000.0
197368.421
92592.593
123966.942
197368.421
92592.593
125000.0
194805.195
93750.0
125000.0
194805.195
93167.702
123966.942
197368.421
92024.54
125000.0
197368.421
93167.702
126050.42
192307.692
93750.0
125000.0
194805.195
92592.593
129310.345
192307.692
94936.709
125000.0
192307.692
95541.401
126050.42
192307.692
94339.623
126050.42
194805.195
95541.401
125000.0
194805.195
94936.709
127118.644
189873.418
96153.846
125000.0
194805.195
95541.401
125000.0
192307.692
96153.846
127118.644
189873.418
96153.846
125000.0
194805.195
95541.401
126050.42
192307.692
96774.194
126050.42
189873.418
96774.194
126050.42
194805.195
94339.623
129310.345
192307.692
96153.846
126050.42
194805.195
95541.401
127118.644
192307.692
96153.846
127118.644
192307.692
96153.846
125000.0
194805.195
95541.401
125000.0
194805.195
96774.194
126050.42
194805.195
93750.0
127118.644
194805.195
95541.401
125000.0
197368.421
94936.709
123966.942
197368.421
94936.709
125000.0
197368.421
94339.623
126050.42
197368.421
94339.623
126050.42
194805.195
95541.401
125000.0
194805.195
94936.709
126050.42
197368.421
94339.623
125000.0
197368.421
94936.709
126050.42
194805.195
94936.709
125000.0
197368.421
93167.702
126050.42
197368.421
93750.0
126050.42
197368.421
93167.702
127118.644
205479.452
88757.396
121951.22
200000.0
89820.359
120967.742
197368.421
91463.415
121951.22
197368.421
104166.667
106382.979
120967.742
192307.692
227272.727
202702.703
100671.141
120000.0
192307.692
241935.484
192307.692
100000.0
122950.82
192307.692
238095.238
192307.692
102739.726
122950.82
197368.421
220588.235
192307.692
107913.669
123966.942
200000.0
223880.597
185185.185
109489.051
126050.42
211267.606
208333.333
187500.0
112781.955
127118.644
194805.195
95541.401
125000.0
202702.703
94339.623
125000.0
200000.0
94339.623
127118.644
197368.421
96153.846
125000.0
205479.452
94339.623
126050.42
202702.703
93750.0
126050.42
202702.703
94339.623
127118.644
200000.0
93750.0
126050.42
211267.606
205479.452
189873.418
114503.817
127118.644
205479.452
92592.593
127118.644
205479.452
428571.429
416666.667
187500.0
111940.299
127118.644
211267.606
211267.606
180722.892
111940.299
126050.42
208333.333
211267.606
151515.152
129310.345
123966.942
126050.42
123966.942
126050.42
194805.195
92024.54
122950.82
202702.703
214285.714
182926.829
111940.299
121951.22
202702.703
227272.727
180722.892
107913.669
123966.942
208333.333
211267.606
185185.185
109489.051
125000.0
194805.195
230769.231
178571.429
108695.652
123966.942
187500.0
245901.639
176470.588
108695.652
122950.82
189873.418
241935.484
180722.892
107142.857
120967.742
197368.421
230769.231
192307.692
102040.816
122950.82
194805.195
230769.231
189873.418
103448.276
121951.22
194805.195
234375.0
192307.692
102040.816
121951.22
194805.195
230769.231
192307.692
103448.276
120967.742
202702.703
227272.727
185185.185
106382.979
120967.742
197368.421
230769.231
192307.692
104166.667
121951.22
194805.195
234375.0
187500.0
104166.667
121951.22
197368.421
238095.238
187500.0
102040.816
122950.82
194805.195
238095.238
187500.0
102739.726
122950.82
194805.195
238095.238
185185.185
104166.667
120967.742
194805.195
238095.238
189873.418
102040.816
121951.22
194805.195
238095.238
189873.418
102040.816
121951.22
194805.195
241935.484
187500.0
101351.351
121951.22
192307.692
241935.484
189873.418
101351.351
121951.22
194805.195
238095.238
189873.418
100671.141
121951.22
192307.692
241935.484
192307.692
99337.748
120967.742
194805.195
238095.238
189873.418
99337.748
120967.742
194805.195
241935.484
192307.692
96774.194
120967.742
194805.195
241935.484
189873.418
97402.597
120967.742
194805.195
238095.238
194805.195
96774.194
120000.0
194805.195
238095.238
194805.195
97402.597
119047.619
197368.421
238095.238
189873.418
98684.211
120967.742
194805.195
238095.238
192307.692
98039.216
120967.742
194805.195
125000.0
109489.051
93750.0
120000.0
194805.195
241935.484
137614.679
123966.942
121951.22
120967.742
197368.421
88757.396
120000.0
197368.421
234375.0
192307.692
99337.748
120000.0
194805.195
234375.0
194805.195
99337.748
121951.22
194805.195
238095.238
189873.418
100000.0
120967.742
194805.195
126050.42
205479.452
189873.418
102040.816
121951.22
194805.195
238095.238
187500.0
100671.141
121951.22
194805.195
241935.484
187500.0
100000.0
120967.742
194805.195
254237.288
241935.484
208333.333
227272.727
288461.538
227272.727
238095.238
454545.455
627.484
125000.0
52083.333
68807.339
66371.681
65502.183
69444.444
67264.574
74257.426
74257.426
81081.081
95541.401
86206.897
84269.663
80213.904
79365.079
80645.161
80213.904
81081.081
87719.298
86206.897
93167.702
56179.775
55970.149
69124.424
70754.717
71090.047
75000.0
89820.359
78947.368
78534.031
76142.132
76923.077
82417.582
81521.739
80645.161
79365.079
78947.368
79365.079
94936.709
86206.897
81081.081
76923.077
84269.663
79787.234
94339.623
78947.368
77720.207
96774.194
101351.351
105633.803
82872.928
90909.091
93750.0
88235.294
92592.593
103448.276
71428.571
79787.234
81081.081
85714.286
83798.883
88757.396
81967.213
85714.286
82417.582
83798.883
88235.294
100671.141
104166.667
105633.803
104166.667
104166.667
102040.816
107142.857
107913.669
105633.803
107913.669
107142.857
108695.652
109489.051
109489.051
111111.111
109489.051
112781.955
111940.299
112781.955
113636.364
113636.364
115384.615
115384.615
117187.5
115384.615
115384.615
113636.364
116279.07
116279.07
117187.5
117187.5
118110.236
118110.236
119047.619
118110.236
118110.236
119047.619
118110.236
120967.742
119047.619
119047.619
120000.0
121951.22
120967.742
118110.236
119047.619
119047.619
120967.742
120000.0
120967.742
121951.22
120967.742
122950.82
121951.22
122950.82
121951.22
122950.82
123966.942
120967.742
123966.942
123966.942
122950.82
123966.942
122950.82
125000.0
120967.742
115384.615
114503.817
109489.051
148514.851
86705.202
106382.979
112781.955
108695.652
111940.299
108695.652
108695.652
117187.5
107913.669
115384.615
110294.118
115384.615
108695.652
100000.0
168539.326
87209.302
108695.652
108695.652
178571.429
82417.582
111940.299
111940.299
174418.605
86206.897
110294.118
185185.185
234375.0
205479.452
245901.639
118110.236
117187.5
163043.478
93167.702
153061.224
121951.22
85227.273
144230.769
93167.702
111111.111
111111.111
110294.118
108695.652
148514.851
92024.54
107142.857
187500.0
82872.928
111111.111
185185.185
223880.597
194805.195
90361.446
113636.364
182926.829
83798.883
111940.299
555555.556
3715.63
123966.942
112781.955
126050.42
119047.619
168539.326
93750.0
112781.955
108695.652
120000.0
120967.742
129310.345
145631.068
98684.211
120000.0
121951.22
120000.0
111940.299
129310.345
119047.619
122950.82
113636.364
180722.892
91463.415
119047.619
178571.429
91463.415
111940.299
189873.418
86705.202
113636.364
178571.429
88235.294
115384.615
180722.892
84745.763
115384.615
178571.429
86705.202
112781.955
185185.185
85714.286
117187.5
178571.429
166666.667
159574.468
125000.0
115384.615
176470.588
85714.286
112781.955
187500.0
81967.213
111940.299
194805.195
227272.727
