112781.955
111940.299
111940.299
112781.955
111940.299
111940.299
111940.299
111940.299
111111.111
111940.299
112781.955
113636.364
111111.111
111111.111
111940.299
111940.299
112781.955
112781.955
112781.955
112781.955
112781.955
112781.955
114503.817
112781.955
111940.299
111111.111
111940.299
111111.111
111940.299
111940.299
111940.299
111940.299
111111.111
112781.955
113636.364
112781.955
111940.299
111111.111
111940.299
111940.299
111940.299
111940.299
111940.299
111940.299
111940.299
112781.955
113636.364
112781.955
111940.299
111111.111
111111.111
111111.111
111111.111
111111.111
111940.299
111111.111
110294.118
111940.299
112781.955
111940.299
111111.111
110294.118
111111.111
111111.111
111940.299
111940.299
111940.299
111940.299
111940.299
111940.299
113636.364
112781.955
111940.299
111940.299
111111.111
111940.299
111940.299
111940.299
111940.299
111940.299
111940.299
111940.299
112781.955
111940.299
111111.111
111111.111
111111.111
111111.111
111111.111
110294.118
111111.111
111111.111
111111.111
111111.111
112781.955
111111.111
110294.118
110294.118
110294.118
110294.118
104166.667
116279.07
110294.118
110294.118
144230.769
71090.047
202702.703
110294.118
109489.051
109489.051
107913.669
112781.955
110294.118
110294.118
109489.051
110294.118
157894.737
91463.415
161290.323
208333.333
127118.644
110294.118
109489.051
110294.118
205479.452
234375.0
110294.118
108695.652
111111.111
109489.051
110294.118
107913.669
114503.817
109489.051
109489.051
111940.299
112781.955
104166.667
110294.118
109489.051
108695.652
111111.111
110294.118
111111.111
110294.118
108695.652
107913.669
110294.118
111940.299
238095.238
197368.421
107913.669
109489.051
109489.051
109489.051
108695.652
111940.299
108695.652
108695.652
107913.669
108695.652
108695.652
108695.652
111111.111
105633.803
108695.652
109489.051
110294.118
109489.051
120967.742
98039.216
106382.979
107142.857
112781.955
104166.667
107913.669
118110.236
100000.0
108695.652
109489.051
107142.857
107913.669
108695.652
107142.857
107142.857
108695.652
107913.669
107913.669
107913.669
108695.652
108695.652
109489.051
107142.857
107142.857
107913.669
107142.857
107913.669
107142.857
108695.652
107913.669
107142.857
108695.652
109489.051
107142.857
107142.857
107142.857
107142.857
107142.857
107142.857
107142.857
107142.857
107142.857
107913.669
108695.652
107913.669
106382.979
107142.857
105633.803
107142.857
106382.979
107142.857
107142.857
106382.979
107142.857
107913.669
108695.652
107142.857
106382.979
106382.979
106382.979
107142.857
106382.979
107142.857
106382.979
107142.857
107142.857
108695.652
107913.669
106382.979
106382.979
106382.979
106382.979
107142.857
106382.979
107142.857
110294.118
128205.128
89820.359
108695.652
106382.979
105633.803
105633.803
106382.979
106382.979
105633.803
107142.857
106382.979
107142.857
107142.857
107913.669
107142.857
106382.979
105633.803
106382.979
106382.979
106382.979
106382.979
106382.979
106382.979
106382.979
107913.669
107913.669
105633.803
105633.803
106382.979
105633.803
112781.955
100671.141
105633.803
105633.803
106382.979
107142.857
107142.857
106382.979
104895.105
105633.803
106382.979
105633.803
106382.979
105633.803
106382.979
105633.803
107142.857
107142.857
107142.857
104895.105
105633.803
105633.803
105633.803
105633.803
105633.803
106382.979
105633.803
106382.979
107142.857
107142.857
104895.105
104895.105
105633.803
105633.803
104895.105
105633.803
105633.803
105633.803
105633.803
107142.857
107142.857
105633.803
104895.105
104895.105
117187.5
96774.194
104895.105
105633.803
105633.803
105633.803
107142.857
107142.857
107142.857
106382.979
104895.105
105633.803
106382.979
108695.652
104166.667
106382.979
106382.979
106382.979
107913.669
107142.857
106382.979
105633.803
105633.803
106382.979
105633.803
106382.979
105633.803
106382.979
106382.979
107142.857
107913.669
202702.703
245901.639
105633.803
154639.175
164835.165
159574.468
98684.211
105633.803
105633.803
110294.118
220588.235
245901.639
211267.606
192307.692
140186.916
130434.783
116279.07
118110.236
180722.892
211267.606
187500.0
205479.452
205479.452
197368.421
250000.0
202702.703
217391.304
272727.273
277777.778
211267.606
227272.727
211267.606
178571.429
185185.185
245901.639
220588.235
168539.326
238095.238
220588.235
166666.667
166666.667
168539.326
99337.748
107913.669
105633.803
105633.803
106382.979
107142.857
107142.857
108695.652
107142.857
105633.803
105633.803
100000.0
113636.364
106382.979
105633.803
106382.979
106382.979
106382.979
107142.857
125000.0
94339.623
103448.276
105633.803
105633.803
116279.07
98039.216
106382.979
105633.803
106382.979
107913.669
107913.669
106382.979
105633.803
107913.669
104166.667
106382.979
107142.857
106382.979
106382.979
107142.857
106382.979
107142.857
106382.979
106382.979
107913.669
108695.652
106382.979
104895.105
105633.803
106382.979
105633.803
105633.803
106382.979
107142.857
104895.105
105633.803
105633.803
105633.803
104895.105
120967.742
95541.401
104895.105
105633.803
104166.667
104166.667
105633.803
104895.105
104895.105
105633.803
104895.105
104895.105
104895.105
105633.803
104895.105
104895.105
104895.105
106382.979
106382.979
104895.105
104895.105
104166.667
103448.276
98039.216
116279.07
103448.276
105633.803
104895.105
105633.803
104895.105
104895.105
105633.803
106382.979
107142.857
106382.979
105633.803
104895.105
105633.803
105633.803
205479.452
217391.304
105633.803
105633.803
106382.979
168539.326
53763.441
250000.0
107142.857
110294.118
107913.669
107913.669
107142.857
107142.857
107913.669
107142.857
107913.669
107142.857
107142.857
107142.857
107142.857
107913.669
107142.857
107142.857
108695.652
108695.652
102739.726
106382.979
106382.979
106382.979
107142.857
104166.667
106382.979
106382.979
105633.803
106382.979
106382.979
107142.857
105633.803
104895.105
105633.803
104895.105
105633.803
106382.979
104895.105
105633.803
106382.979
106382.979
105633.803
107142.857
107913.669
106382.979
105633.803
105633.803
104895.105
105633.803
105633.803
105633.803
106382.979
105633.803
102040.816
112781.955
104166.667
107142.857
104895.105
104166.667
105633.803
104166.667
104895.105
116279.07
96774.194
104166.667
104895.105
105633.803
104895.105
106382.979
106382.979
105633.803
107913.669
102040.816
104166.667
104895.105
102739.726
107913.669
104166.667
104895.105
104895.105
104895.105
102040.816
111111.111
105633.803
102739.726
103448.276
104166.667
105633.803
102739.726
104166.667
104166.667
104895.105
104166.667
104166.667
106382.979
104166.667
105633.803
104166.667
104166.667
104166.667
104166.667
104895.105
106382.979
102739.726
104166.667
104166.667
104895.105
104895.105
104166.667
108695.652
103448.276
104166.667
104895.105
104895.105
104166.667
105633.803
104166.667
105633.803
105633.803
104895.105
106382.979
119047.619
98039.216
102040.816
105633.803
104895.105
105633.803
105633.803
104895.105
102739.726
111111.111
106382.979
107142.857
107142.857
111111.111
107142.857
107913.669
107142.857
107142.857
105633.803
109489.051
205479.452
223880.597
107142.857
107142.857
107142.857
107142.857
106382.979
106382.979
106382.979
107913.669
107913.669
105633.803
108695.652
104166.667
106382.979
202702.703
227272.727
106382.979
106382.979
110294.118
142857.143
277777.778
117187.5
106382.979
105633.803
107142.857
108695.652
535714.286
63559.322
833333.333
103448.276
105633.803
107142.857
104166.667
111111.111
101351.351
105633.803
105633.803
105633.803
98039.216
116279.07
106382.979
110294.118
245901.639
48387.097
245901.639
105633.803
176470.588
172413.793
132743.363
106382.979
107142.857
104166.667
98684.211
113636.364
104895.105
107142.857
107142.857
106382.979
104895.105
105633.803
105633.803
105633.803
105633.803
105633.803
105633.803
105633.803
105633.803
105633.803
105633.803
105633.803
107142.857
107142.857
105633.803
104895.105
105633.803
106382.979
104166.667
105633.803
105633.803
104895.105
106382.979
104895.105
105633.803
105633.803
105633.803
107142.857
106382.979
104895.105
107142.857
107142.857
104895.105
230769.231
50000.0
227272.727
105633.803
106382.979
107142.857
107142.857
107142.857
115384.615
93167.702
123966.942
104895.105
98684.211
116279.07
107142.857
107142.857
107142.857
106382.979
107142.857
106382.979
106382.979
107142.857
106382.979
107142.857
107913.669
104895.105
105633.803
105633.803
105633.803
104895.105
105633.803
105633.803
109489.051
102040.816
245901.639
89285.714
312500.0
102040.816
107142.857
93750.0
123966.942
108695.652
104166.667
103448.276
106382.979
105633.803
108695.652
104166.667
106382.979
110294.118
102739.726
109489.051
102739.726
107142.857
113636.364
100000.0
105633.803
105633.803
105633.803
105633.803
108695.652
102739.726
105633.803
105633.803
104895.105
105633.803
104895.105
105633.803
107142.857
105633.803
110294.118
99337.748
104895.105
104895.105
102739.726
107913.669
104895.105
104895.105
104895.105
102040.816
111111.111
103448.276
106382.979
106382.979
104895.105
105633.803
104895.105
105633.803
106382.979
105633.803
106382.979
107913.669
104166.667
105633.803
106382.979
105633.803
106382.979
107142.857
107142.857
104895.105
104166.667
105633.803
105633.803
105633.803
105633.803
104895.105
192307.692
234375.0
104166.667
105633.803
105633.803
104895.105
107142.857
107142.857
103448.276
105633.803
104895.105
104895.105
104895.105
102739.726
107913.669
104895.105
105633.803
105633.803
104166.667
105633.803
105633.803
105633.803
107913.669
104166.667
104895.105
107913.669
97402.597
111111.111
104895.105
104895.105
105633.803
100671.141
109489.051
104895.105
105633.803
105633.803
106382.979
104895.105
106382.979
102739.726
105633.803
104895.105
105633.803
104895.105
105633.803
111111.111
102040.816
105633.803
103448.276
106382.979
107142.857
105633.803
105633.803
104895.105
105633.803
115384.615
98684.211
105633.803
105633.803
106382.979
106382.979
238095.238
211267.606
131578.947
141509.434
202702.703
223880.597
172413.793
220588.235
151515.152
164835.165
170454.545
223880.597
192307.692
194805.195
223880.597
192307.692
141509.434
194805.195
157894.737
174418.605
131578.947
142857.143
176470.588
214285.714
123966.942
185185.185
227272.727
245901.639
202702.703
245901.639
200000.0
208333.333
214285.714
227272.727
223880.597
227272.727
223880.597
272727.273
234375.0
217391.304
230769.231
217391.304
223880.597
234375.0
223880.597
227272.727
234375.0
217391.304
211267.606
283018.868
245901.639
245901.639
227272.727
258620.69
245901.639
245901.639
254237.288
245901.639
258620.69
217391.304
294117.647
245901.639
258620.69
245901.639
234375.0
245901.639
272727.273
254237.288
312500.0
197368.421
306122.449
