247741.935
75294.118
247741.935
76039.604
256000.0
76800.0
247741.935
76800.0
256000.0
76800.0
256000.0
77575.758
247741.935
78367.347
256000.0
61440.0
93658.537
256000.0
71775.701
71111.111
73142.857
74563.107
73846.154
75294.118
75294.118
75294.118
75294.118
76039.604
75294.118
76039.604
76039.604
76800.0
76800.0
76800.0
76800.0
77575.758
77575.758
78367.347
77575.758
77575.758
78367.347
77575.758
77575.758
77575.758
77575.758
77575.758
76800.0
77575.758
76039.604
121904.762
178604.651
80842.105
73846.154
74563.107
73142.857
71775.701
72452.83
71111.111
69818.182
93658.537
247741.935
84395.604
247741.935
81702.128
247741.935
58181.818
75294.118
240000.0
73846.154
247741.935
72452.83
240000.0
73142.857
240000.0
71775.701
240000.0
71111.111
240000.0
70458.716
232727.273
71111.111
232727.273
70458.716
240000.0
69818.182
240000.0
69818.182
240000.0
69189.189
225882.353
69818.182
219428.571
69818.182
225882.353
68571.429
225882.353
68571.429
225882.353
69189.189
225882.353
67964.602
219428.571
69189.189
225882.353
68571.429
232727.273
68571.429
232727.273
68571.429
232727.273
67964.602
232727.273
69818.182
225882.353
68571.429
240000.0
69818.182
219428.571
69818.182
225882.353
70458.716
219428.571
71111.111
225882.353
71111.111
232727.273
71111.111
232727.273
71111.111
240000.0
71111.111
232727.273
71775.701
240000.0
71775.701
240000.0
72452.83
240000.0
72452.83
240000.0
73846.154
240000.0
73142.857
247741.935
73846.154
247741.935
75294.118
247741.935
75294.118
247741.935
76039.604
247741.935
76800.0
256000.0
76800.0
256000.0
59534.884
60000.0
94814.815
247741.935
71111.111
73142.857
73846.154
74563.107
75294.118
73846.154
74563.107
74563.107
73846.154
73846.154
73846.154
75294.118
73846.154
74563.107
75294.118
73846.154
75294.118
76039.604
75294.118
76039.604
76039.604
76039.604
76039.604
76800.0
76800.0
78367.347
77575.758
76800.0
76800.0
76800.0
75294.118
74563.107
73142.857
70458.716
70458.716
69818.182
93658.537
247741.935
65641.026
84395.604
247741.935
82580.645
247741.935
76039.604
240000.0
73846.154
240000.0
73142.857
240000.0
73142.857
232727.273
72452.83
232727.273
71775.701
71775.701
232727.273
71111.111
225882.353
71111.111
232727.273
69818.182
232727.273
70458.716
225882.353
69818.182
225882.353
69818.182
225882.353
69818.182
225882.353
68571.429
232727.273
69189.189
240000.0
69189.189
232727.273
69189.189
240000.0
69189.189
240000.0
67964.602
240000.0
68571.429
232727.273
68571.429
225882.353
69189.189
219428.571
69818.182
225882.353
69818.182
219428.571
70458.716
225882.353
69189.189
232727.273
69818.182
225882.353
70458.716
232727.273
70458.716
240000.0
70458.716
240000.0
71775.701
240000.0
73142.857
247741.935
73142.857
256000.0
57313.433
58181.818
78367.347
256000.0
96000.0
247741.935
96000.0
247741.935
69818.182
125901.639
170666.667
69818.182
71111.111
72452.83
73846.154
73846.154
74563.107
74563.107
74563.107
74563.107
73846.154
73846.154
73846.154
73846.154
73846.154
73142.857
73846.154
72452.83
73142.857
73142.857
72452.83
72452.83
72452.83
70458.716
70458.716
69189.189
69189.189
91428.571
247741.935
66206.897
85333.333
247741.935
64000.0
79175.258
247741.935
77575.758
232727.273
74563.107
240000.0
74563.107
247741.935
73846.154
240000.0
73846.154
240000.0
73142.857
240000.0
73142.857
240000.0
72452.83
240000.0
73142.857
240000.0
72452.83
240000.0
72452.83
240000.0
72452.83
240000.0
71775.701
232727.273
72452.83
232727.273
71775.701
232727.273
71111.111
225882.353
71775.701
225882.353
71111.111
225882.353
70458.716
225882.353
70458.716
225882.353
70458.716
219428.571
71775.701
219428.571
71111.111
225882.353
71111.111
225882.353
71111.111
225882.353
71111.111
232727.273
70458.716
240000.0
71111.111
232727.273
71111.111
240000.0
71775.701
240000.0
55652.174
72452.83
240000.0
73846.154
247741.935
73142.857
240000.0
73846.154
247741.935
74563.107
247741.935
74563.107
247741.935
75294.118
256000.0
75294.118
256000.0
76039.604
256000.0
76800.0
247741.935
111304.348
43389.831
65641.026
69189.189
69189.189
70458.716
71111.111
70458.716
71111.111
72452.83
73142.857
73142.857
73846.154
73846.154
73846.154
73142.857
73846.154
73846.154
74563.107
73846.154
73846.154
75294.118
73846.154
75294.118
75294.118
74563.107
76039.604
76039.604
76800.0
76039.604
77575.758
76039.604
76800.0
76800.0
76800.0
76039.604
77575.758
75294.118
76800.0
76039.604
76039.604
74563.107
75294.118
73846.154
73846.154
73142.857
70458.716
70458.716
68571.429
66782.609
65084.746
79175.258
247741.935
88275.862
240000.0
76039.604
240000.0
73846.154
247741.935
73846.154
247741.935
73142.857
247741.935
73142.857
256000.0
72452.83
256000.0
72452.83
247741.935
71775.701
247741.935
71111.111
247741.935
71111.111
240000.0
71775.701
232727.273
71775.701
232727.273
70458.716
232727.273
71111.111
225882.353
71111.111
225882.353
70458.716
232727.273
69818.182
232727.273
69189.189
232727.273
69189.189
225882.353
69189.189
225882.353
69189.189
232727.273
68571.429
232727.273
69189.189
225882.353
69189.189
232727.273
69189.189
225882.353
69189.189
232727.273
69189.189
240000.0
69818.182
232727.273
69818.182
232727.273
70458.716
232727.273
70458.716
240000.0
71111.111
240000.0
71111.111
240000.0
71111.111
240000.0
72452.83
232727.273
72452.83
240000.0
72452.83
240000.0
73142.857
240000.0
73142.857
240000.0
73846.154
247741.935
76800.0
108169.014
109714.286
48301.887
75294.118
247741.935
77575.758
256000.0
82580.645
247741.935
69818.182
71111.111
71111.111
71775.701
74563.107
72452.83
74563.107
73846.154
73846.154
73142.857
74563.107
73846.154
73846.154
74563.107
74563.107
73846.154
73846.154
74563.107
74563.107
74563.107
75294.118
74563.107
75294.118
74563.107
75294.118
76039.604
74563.107
76039.604
75294.118
74563.107
73846.154
73846.154
72452.83
71775.701
71775.701
69818.182
68571.429
67964.602
69189.189
65084.746
86292.135
256000.0
80842.105
256000.0
77575.758
240000.0
78367.347
247741.935
75294.118
247741.935
74563.107
240000.0
74563.107
247741.935
73846.154
247741.935
73846.154
240000.0
73846.154
240000.0
73846.154
240000.0
73846.154
232727.273
73142.857
232727.273
72452.83
240000.0
71775.701
240000.0
71775.701
225882.353
72452.83
225882.353
71775.701
232727.273
71111.111
225882.353
71111.111
232727.273
70458.716
225882.353
70458.716
219428.571
70458.716
202105.263
71111.111
196923.077
71111.111
196923.077
71775.701
196923.077
71111.111
207567.568
69818.182
219428.571
69189.189
225882.353
69818.182
225882.353
70458.716
219428.571
70458.716
232727.273
70458.716
225882.353
71111.111
232727.273
71111.111
232727.273
71775.701
240000.0
55251.799
76039.604
256000.0
79175.258
256000.0
80000.0
256000.0
80000.0
256000.0
70458.716
247741.935
73846.154
256000.0
74563.107
247741.935
78367.347
247741.935
91428.571
247741.935
94814.815
240000.0
97215.19
247741.935
72452.83
71111.111
73846.154
73142.857
75294.118
73142.857
75294.118
75294.118
74563.107
74563.107
74563.107
75294.118
74563.107
76039.604
76039.604
76039.604
76800.0
76039.604
77575.758
77575.758
78367.347
77575.758
79175.258
77575.758
78367.347
78367.347
77575.758
89302.326
207567.568
103783.784
76800.0
77575.758
76800.0
77575.758
76039.604
75294.118
74563.107
73846.154
71775.701
72452.83
106666.667
153600.0
69818.182
83478.261
247741.935
82580.645
247741.935
60952.381
79175.258
256000.0
58625.954
78367.347
256000.0
78367.347
247741.935
76800.0
247741.935
73142.857
240000.0
52965.517
71111.111
219428.571
71775.701
240000.0
70458.716
240000.0
70458.716
240000.0
69818.182
240000.0
69818.182
240000.0
69818.182
240000.0
69818.182
232727.273
71111.111
225882.353
69818.182
232727.273
70458.716
240000.0
71111.111
232727.273
69818.182
247741.935
69818.182
240000.0
71111.111
225882.353
70458.716
232727.273
70458.716
232727.273
70458.716
225882.353
70458.716
225882.353
70458.716
232727.273
70458.716
232727.273
69818.182
240000.0
70458.716
232727.273
71111.111
232727.273
71111.111
240000.0
71111.111
240000.0
72452.83
225882.353
111304.348
163404.255
59534.884
247741.935
54468.085
74563.107
247741.935
76039.604
247741.935
76800.0
256000.0
70458.716
247741.935
73846.154
256000.0
75294.118
256000.0
76039.604
256000.0
59534.884
60952.381
92530.12
163404.255
88275.862
71775.701
73846.154
74563.107
73846.154
76039.604
75294.118
74563.107
76039.604
75294.118
75294.118
76039.604
76039.604
76800.0
76039.604
76039.604
76039.604
76800.0
76800.0
76039.604
76039.604
77575.758
76039.604
76800.0
76039.604
76039.604
74563.107
74563.107
73846.154
73142.857
71775.701
71775.701
71775.701
71111.111
70458.716
71111.111
70458.716
68571.429
66782.609
93658.537
247741.935
64000.0
84395.604
240000.0
76800.0
247741.935
74563.107
240000.0
73846.154
247741.935
73846.154
240000.0
73142.857
240000.0
73142.857
240000.0
72452.83
240000.0
72452.83
232727.273
71775.701
240000.0
71775.701
240000.0
71111.111
240000.0
71111.111
240000.0
70458.716
232727.273
71775.701
225882.353
71775.701
225882.353
71775.701
225882.353
71111.111
225882.353
71775.701
225882.353
70458.716
232727.273
71111.111
225882.353
70458.716
225882.353
71111.111
232727.273
70458.716
232727.273
71111.111
232727.273
71111.111
232727.273
71111.111
240000.0
71111.111
225882.353
72452.83
219428.571
71775.701
225882.353
71111.111
225882.353
71775.701
225882.353
71111.111
232727.273
71111.111
232727.273
71775.701
232727.273
71775.701
247741.935
72452.83
240000.0
56470.588
73142.857
247741.935
73846.154
256000.0
75294.118
247741.935
58625.954
77575.758
256000.0
80000.0
256000.0
70458.716
73142.857
73142.857
73846.154
76039.604
75294.118
75294.118
75294.118
76039.604
74563.107
76039.604
76039.604
75294.118
76039.604
76800.0
76039.604
76039.604
77575.758
76800.0
76800.0
77575.758
77575.758
76800.0
76800.0
76800.0
77575.758
77575.758
76800.0
92530.12
67964.602
87272.727
69189.189
93658.537
68571.429
77575.758
78367.347
99740.26
67964.602
73846.154
74563.107
74563.107
73142.857
71775.701
69818.182
67964.602
67368.421
88275.862
240000.0
88275.862
240000.0
85333.333
240000.0
80000.0
240000.0
73142.857
232727.273
72452.83
225882.353
71111.111
219428.571
71111.111
225882.353
69189.189
225882.353
69189.189
225882.353
68571.429
232727.273
67964.602
232727.273
67964.602
219428.571
67368.421
219428.571
67964.602
213333.333
67964.602
219428.571
66782.609
225882.353
66782.609
225882.353
66782.609
225882.353
67368.421
225882.353
67368.421
240000.0
67368.421
240000.0
67964.602
240000.0
68571.429
247741.935
69189.189
232727.273
69818.182
240000.0
55251.799
76039.604
256000.0
77575.758
247741.935
78367.347
256000.0
77575.758
247741.935
59076.923
69189.189
247741.935
73846.154
247741.935
73846.154
256000.0
87272.727
247741.935
68571.429
70458.716
71111.111
71775.701
87272.727
65641.026
72452.83
73846.154
80842.105
69818.182
73142.857
73142.857
74563.107
73142.857
73142.857
73142.857
73142.857
71775.701
72452.83
71775.701
71775.701
71111.111
71111.111
69818.182
70458.716
70458.716
69818.182
69818.182
69818.182
70458.716
69189.189
69818.182
163404.255
232727.273
264827.586
192000.0
192000.0
264827.586
98461.538
264827.586
71111.111
94814.815
264827.586
93658.537
274285.714
94814.815
264827.586
69818.182
70458.716
71111.111
153600.0
134736.842
284444.444
118153.846
58181.818
66782.609
62439.024
62439.024
63471.074
63471.074
66782.609
73142.857
74563.107
75294.118
85333.333
698181.818
75294.118
76800.0
76800.0
76800.0
76800.0
121904.762
207567.568
77575.758
76800.0
76800.0
76800.0
76800.0
76800.0
76039.604
76800.0
76800.0
76800.0
76800.0
76800.0
76800.0
77575.758
77575.758
77575.758
76800.0
77575.758
77575.758
77575.758
77575.758
77575.758
78367.347
76800.0
77575.758
78367.347
79175.258
77575.758
80000.0
79175.258
78367.347
80000.0
78367.347
80000.0
79175.258
80000.0
79175.258
80842.105
81702.128
81702.128
80000.0
82580.645
82580.645
82580.645
81702.128
82580.645
83478.261
82580.645
83478.261
81702.128
83478.261
83478.261
83478.261
83478.261
83478.261
83478.261
83478.261
83478.261
83478.261
82580.645
84395.604
84395.604
84395.604
83478.261
83478.261
84395.604
83478.261
82580.645
84395.604
84395.604
82580.645
84395.604
83478.261
83478.261
82580.645
84395.604
82580.645
82580.645
82580.645
83478.261
81702.128
82580.645
82580.645
81702.128
83478.261
83478.261
83478.261
83478.261
83478.261
83478.261
84395.604
83478.261
82580.645
84395.604
83478.261
84395.604
82580.645
83478.261
84395.604
82580.645
83478.261
83478.261
84395.604
83478.261
82580.645
84395.604
82580.645
82580.645
81702.128
130169.492
187317.073
89302.326
83478.261
83478.261
83478.261
82580.645
80842.105
121904.762
187317.073
87272.727
79175.258
80842.105
80842.105
80842.105
80000.0
80000.0
80000.0
76800.0
93658.537
67368.421
90352.941
73846.154
80000.0
79175.258
80000.0
80000.0
76800.0
77575.758
77575.758
77575.758
76039.604
76800.0
77575.758
75294.118
75294.118
73846.154
76039.604
90352.941
65641.026
82580.645
69189.189
76039.604
76039.604
75294.118
75294.118
76039.604
75294.118
75294.118
89302.326
64537.815
76800.0
71111.111
76800.0
74563.107
76800.0
79175.258
73846.154
76800.0
81702.128
73142.857
77575.758
76039.604
78367.347
77575.758
74563.107
79175.258
78367.347
75294.118
80000.0
77575.758
77575.758
87272.727
71775.701
79175.258
78367.347
74563.107
76800.0
77575.758
77575.758
76800.0
78367.347
76800.0
75294.118
79175.258
76039.604
76800.0
77575.758
75294.118
76800.0
76039.604
75294.118
73142.857
76800.0
71775.701
71111.111
75294.118
69818.182
73846.154
70458.716
132413.793
187317.073
66206.897
102400.0
56888.889
62439.024
67368.421
61935.484
61935.484
61935.484
62439.024
62439.024
62950.82
66782.609
73846.154
75294.118
73846.154
74563.107
75294.118
75294.118
73142.857
74563.107
73846.154
73142.857
73846.154
73846.154
73846.154
73846.154
73142.857
71111.111
73846.154
72452.83
71775.701
73142.857
73142.857
73142.857
73846.154
72452.83
73846.154
73846.154
71775.701
74563.107
72452.83
70458.716
74563.107
70458.716
71111.111
74563.107
73142.857
73846.154
73846.154
75294.118
73142.857
76800.0
75294.118
76039.604
75294.118
76800.0
76039.604
76039.604
125901.639
187317.073
76039.604
74563.107
74563.107
71111.111
73846.154
73142.857
74563.107
73142.857
74563.107
73846.154
76039.604
75294.118
75294.118
75294.118
78367.347
132413.793
187317.073
76800.0
74563.107
80000.0
77575.758
76800.0
90352.941
71111.111
78367.347
78367.347
78367.347
77575.758
79175.258
79175.258
77575.758
78367.347
79175.258
77575.758
77575.758
79175.258
78367.347
78367.347
77575.758
79175.258
78367.347
77575.758
79175.258
79175.258
79175.258
78367.347
80842.105
79175.258
80000.0
80000.0
80000.0
77575.758
80842.105
79175.258
78367.347
77575.758
80000.0
77575.758
76800.0
77575.758
79175.258
77575.758
76800.0
79175.258
79175.258
78367.347
77575.758
80000.0
77575.758
79175.258
77575.758
76039.604
79175.258
76039.604
75294.118
76039.604
76039.604
75294.118
75294.118
76039.604
75294.118
74563.107
76800.0
75294.118
74563.107
76800.0
75294.118
73142.857
77575.758
74563.107
76039.604
108169.014
182857.143
84395.604
75294.118
76800.0
76039.604
73846.154
77575.758
74563.107
75294.118
73142.857
76039.604
74563.107
73846.154
74563.107
76039.604
75294.118
73846.154
77575.758
76039.604
76039.604
74563.107
77575.758
76039.604
75294.118
75294.118
76800.0
75294.118
73846.154
76800.0
75294.118
76039.604
75294.118
76800.0
76800.0
75294.118
75294.118
74563.107
73846.154
73846.154
74563.107
74563.107
74563.107
75294.118
73142.857
73142.857
76039.604
73142.857
73142.857
75294.118
73846.154
75294.118
74563.107
74563.107
101052.632
264827.586
114626.866
56058.394
71775.701
76039.604
71775.701
101052.632
256000.0
75294.118
73846.154
73142.857
74563.107
73846.154
75294.118
70458.716
75294.118
69818.182
73142.857
75294.118
73846.154
73846.154
71111.111
76039.604
72452.83
74563.107
73142.857
72452.83
76039.604
74563.107
74563.107
75294.118
75294.118
73846.154
74563.107
74563.107
74563.107
74563.107
74563.107
73846.154
73846.154
73846.154
74563.107
73142.857
73846.154
75294.118
74563.107
71775.701
74563.107
73846.154
73846.154
73142.857
73846.154
72452.83
71775.701
75294.118
74563.107
74563.107
76800.0
76800.0
76800.0
77575.758
76039.604
78367.347
76800.0
76800.0
77575.758
86292.135
67964.602
79175.258
76039.604
76800.0
74563.107
79175.258
85333.333
67964.602
87272.727
192000.0
112941.176
76800.0
77575.758
76800.0
78367.347
76800.0
76039.604
76039.604
76800.0
76800.0
74563.107
78367.347
75294.118
73142.857
76039.604
76039.604
75294.118
75294.118
78367.347
75294.118
73846.154
76039.604
76800.0
76800.0
77575.758
76039.604
75294.118
76800.0
76800.0
76039.604
74563.107
73142.857
74563.107
75294.118
75294.118
74563.107
71775.701
75294.118
73142.857
73142.857
73142.857
74563.107
73142.857
71775.701
74563.107
73846.154
72452.83
75294.118
73142.857
72452.83
70458.716
73846.154
71111.111
67964.602
73846.154
71111.111
73142.857
71775.701
72452.83
71775.701
71111.111
73846.154
71775.701
71775.701
71775.701
71775.701
73142.857
73142.857
72452.83
73142.857
73142.857
73142.857
72452.83
74563.107
73846.154
73142.857
73142.857
74563.107
73142.857
73846.154
71775.701
74563.107
73142.857
73846.154
72452.83
75294.118
72452.83
70458.716
67368.421
67368.421
72452.83
67368.421
71775.701
72452.83
70458.716
73846.154
72452.83
73142.857
73846.154
73142.857
75294.118
71111.111
75294.118
74563.107
75294.118
75294.118
75294.118
77575.758
76039.604
75294.118
79175.258
87272.727
70458.716
85333.333
69818.182
88275.862
70458.716
74563.107
83478.261
72452.83
76800.0
75294.118
79175.258
76039.604
76039.604
76039.604
73846.154
76800.0
74563.107
71775.701
73846.154
73846.154
73142.857
71775.701
75294.118
73142.857
73846.154
72452.83
72452.83
73846.154
71111.111
69189.189
72452.83
71111.111
70458.716
73846.154
70458.716
71111.111
71775.701
70458.716
71111.111
66782.609
70458.716
66782.609
68571.429
98461.538
247741.935
69189.189
69189.189
69189.189
72452.83
70458.716
70458.716
67368.421
71111.111
69189.189
67964.602
69818.182
69189.189
69189.189
68571.429
69818.182
68571.429
69189.189
68571.429
71775.701
70458.716
71111.111
94814.815
240000.0
96000.0
247741.935
88275.862
256000.0
66206.897
85333.333
256000.0
64000.0
66782.609
66206.897
97215.19
256000.0
71111.111
97215.19
256000.0
74563.107
72452.83
72452.83
73142.857
73142.857
73142.857
73846.154
101052.632
247741.935
74563.107
72452.83
71111.111
74563.107
71775.701
71775.701
71775.701
69818.182
74563.107
72452.83
72452.83
73142.857
98461.538
264827.586
74563.107
73142.857
73142.857
74563.107
75294.118
76039.604
76039.604
76800.0
76039.604
91428.571
192000.0
97215.19
75294.118
76800.0
75294.118
74563.107
76800.0
74563.107
75294.118
74563.107
73846.154
71775.701
74563.107
73142.857
72452.83
73142.857
74563.107
73142.857
73142.857
97215.19
264827.586
73142.857
72452.83
137142.857
182857.143
67964.602
70458.716
71111.111
73846.154
73142.857
73142.857
101052.632
256000.0
74563.107
75294.118
73142.857
76039.604
74563.107
74563.107
78367.347
76039.604
76800.0
77575.758
76800.0
130169.492
187317.073
80000.0
74563.107
79175.258
77575.758
77575.758
75294.118
79175.258
76800.0
76039.604
76800.0
78367.347
77575.758
123870.968
178604.651
81702.128
75294.118
74563.107
76039.604
75294.118
84395.604
67964.602
74563.107
74563.107
73142.857
76800.0
74563.107
76039.604
73142.857
76039.604
79175.258
71111.111
78367.347
72452.83
75294.118
74563.107
74563.107
83478.261
69189.189
74563.107
73142.857
73142.857
101052.632
264827.586
102400.0
240000.0
76800.0
76039.604
77575.758
74563.107
75294.118
73846.154
73846.154
73142.857
73846.154
72452.83
72452.83
71775.701
74563.107
73142.857
73846.154
73142.857
74563.107
73846.154
73846.154
74563.107
73846.154
88275.862
63471.074
75294.118
74563.107
73846.154
76800.0
75294.118
76039.604
75294.118
76800.0
75294.118
75294.118
91428.571
67964.602
73846.154
76800.0
74563.107
77575.758
76800.0
74563.107
76800.0
76800.0
77575.758
77575.758
80842.105
79175.258
78367.347
76800.0
76039.604
76039.604
75294.118
101052.632
320000.0
75294.118
76800.0
103783.784
264827.586
75294.118
106666.667
333913.043
1280000.0
76800.0
76800.0
76039.604
78367.347
79175.258
78367.347
77575.758
79175.258
79175.258
78367.347
80842.105
80000.0
80842.105
80842.105
82580.645
81702.128
82580.645
83478.261
81702.128
84395.604
83478.261
84395.604
86292.135
83478.261
86292.135
86292.135
84395.604
87272.727
86292.135
85333.333
86292.135
86292.135
85333.333
86292.135
85333.333
85333.333
86292.135
85333.333
85333.333
86292.135
84395.604
85333.333
87272.727
85333.333
85333.333
87272.727
85333.333
86292.135
87272.727
87272.727
85333.333
87272.727
88275.862
86292.135
88275.862
88275.862
87272.727
88275.862
89302.326
89302.326
88275.862
88275.862
90352.941
87272.727
90352.941
89302.326
88275.862
89302.326
89302.326
89302.326
88275.862
88275.862
88275.862
87272.727
182857.143
170666.667
86292.135
86292.135
86292.135
87272.727
87272.727
307200.0
120000.0
86292.135
86292.135
86292.135
85333.333
85333.333
83478.261
84395.604
83478.261
83478.261
83478.261
83478.261
83478.261
82580.645
81702.128
82580.645
81702.128
81702.128
80842.105
80000.0
80842.105
80000.0
78367.347
80000.0
76800.0
76800.0
79175.258
79175.258
78367.347
80000.0
79175.258
79175.258
79175.258
77575.758
79175.258
80842.105
80000.0
78367.347
80842.105
80842.105
80842.105
80842.105
80842.105
81702.128
81702.128
83478.261
82580.645
81702.128
85333.333
84395.604
83478.261
86292.135
91428.571
81702.128
85333.333
88275.862
88275.862
88275.862
89302.326
89302.326
91428.571
90352.941
91428.571
91428.571
92530.12
92530.12
92530.12
94814.815
94814.815
94814.815
96000.0
97215.19
97215.19
98461.538
98461.538
99740.26
99740.26
101052.632
101052.632
101052.632
102400.0
101052.632
102400.0
103783.784
102400.0
102400.0
105205.479
102400.0
105205.479
105205.479
103783.784
105205.479
105205.479
105205.479
112941.176
99740.26
105205.479
106666.667
105205.479
106666.667
105205.479
105205.479
105205.479
105205.479
106666.667
102400.0
106666.667
105205.479
103783.784
105205.479
103783.784
105205.479
103783.784
103783.784
103783.784
103783.784
112941.176
93658.537
101052.632
101052.632
101052.632
101052.632
99740.26
98461.538
99740.26
97215.19
98461.538
97215.19
97215.19
98461.538
96000.0
96000.0
94814.815
93658.537
94814.815
93658.537
92530.12
91428.571
89302.326
89302.326
90352.941
88275.862
89302.326
86292.135
105205.479
548571.429
85333.333
85333.333
85333.333
85333.333
86292.135
86292.135
187317.073
150588.235
85333.333
91428.571
77575.758
84395.604
78367.347
80842.105
89302.326
85333.333
108169.014
1536000.0
69818.182
81702.128
93658.537
76800.0
82580.645
307200.0
120000.0
80000.0
83478.261
85333.333
85333.333
86292.135
85333.333
86292.135
86292.135
86292.135
87272.727
87272.727
86292.135
88275.862
87272.727
88275.862
87272.727
88275.862
89302.326
87272.727
88275.862
89302.326
88275.862
88275.862
109714.286
76800.0
85333.333
87272.727
88275.862
87272.727
88275.862
88275.862
87272.727
88275.862
86292.135
86292.135
85333.333
85333.333
83478.261
80842.105
85333.333
78367.347
80842.105
79175.258
81702.128
80842.105
92530.12
73142.857
81702.128
80000.0
79175.258
80842.105
80000.0
78367.347
93658.537
80842.105
79175.258
93658.537
99740.26
96000.0
96000.0
103783.784
109714.286
65641.026
59076.923
64000.0
65641.026
65084.746
64537.815
84395.604
264827.586
64537.815
64537.815
64537.815
65084.746
66206.897
75294.118
75294.118
75294.118
75294.118
75294.118
75294.118
73846.154
83478.261
96000.0
256000.0
75294.118
75294.118
76039.604
75294.118
150588.235
166956.522
76800.0
78367.347
108169.014
284444.444
76800.0
79175.258
80842.105
78367.347
79175.258
81702.128
207567.568
134736.842
83478.261
83478.261
85333.333
85333.333
85333.333
86292.135
87272.727
87272.727
87272.727
89302.326
86292.135
90352.941
89302.326
88275.862
91428.571
90352.941
91428.571
92530.12
92530.12
91428.571
96000.0
88275.862
93658.537
92530.12
92530.12
93658.537
92530.12
92530.12
92530.12
93658.537
90352.941
92530.12
90352.941
94814.815
90352.941
90352.941
91428.571
90352.941
91428.571
89302.326
91428.571
88275.862
90352.941
91428.571
89302.326
88275.862
88275.862
87272.727
88275.862
87272.727
86292.135
86292.135
86292.135
85333.333
84395.604
85333.333
86292.135
84395.604
83478.261
86292.135
82580.645
82580.645
82580.645
84395.604
81702.128
81702.128
80000.0
96000.0
74563.107
81702.128
79175.258
80842.105
78367.347
78367.347
78367.347
94814.815
71111.111
80842.105
80842.105
80000.0
78367.347
79175.258
79175.258
86292.135
74563.107
80000.0
79175.258
80842.105
81702.128
80842.105
82580.645
82580.645
80000.0
83478.261
80842.105
82580.645
80000.0
82580.645
80000.0
80842.105
82580.645
81702.128
82580.645
81702.128
80000.0
81702.128
80000.0
80842.105
80842.105
81702.128
81702.128
83478.261
80842.105
82580.645
83478.261
83478.261
82580.645
83478.261
85333.333
83478.261
84395.604
85333.333
83478.261
85333.333
85333.333
84395.604
83478.261
85333.333
83478.261
130169.492
196923.077
90352.941
84395.604
82580.645
84395.604
84395.604
85333.333
82580.645
85333.333
83478.261
84395.604
83478.261
84395.604
83478.261
82580.645
83478.261
125901.639
192000.0
92530.12
81702.128
82580.645
83478.261
83478.261
81702.128
82580.645
82580.645
81702.128
81702.128
81702.128
81702.128
80842.105
81702.128
80842.105
81702.128
80842.105
80842.105
80000.0
80000.0
80000.0
80000.0
79175.258
79175.258
79175.258
80000.0
80000.0
81702.128
79175.258
77575.758
79175.258
77575.758
77575.758
76039.604
78367.347
73142.857
73846.154
72452.83
72452.83
76039.604
73846.154
73142.857
76039.604
73142.857
76800.0
76039.604
76039.604
76039.604
75294.118
78367.347
76800.0
77575.758
77575.758
76039.604
79175.258
77575.758
76039.604
78367.347
76800.0
76039.604
79175.258
75294.118
73846.154
75294.118
75294.118
75294.118
74563.107
75294.118
73846.154
76039.604
76039.604
77575.758
80000.0
78367.347
75294.118
73142.857
69818.182
68571.429
69189.189
69189.189
69189.189
71111.111
87272.727
61935.484
69818.182
71111.111
73142.857
