78947.368
79365.079
79365.079
79787.234
79365.079
79365.079
79365.079
79787.234
79365.079
79365.079
79365.079
79787.234
79365.079
79365.079
79365.079
79787.234
79365.079
79365.079
79365.079
79365.079
79787.234
79365.079
79365.079
79365.079
79365.079
79787.234
79365.079
79365.079
79365.079
79365.079
79365.079
79365.079
79365.079
79787.234
79365.079
79365.079
79365.079
79787.234
79365.079
79365.079
79365.079
79365.079
79787.234
79365.079
79365.079
79365.079
79787.234
79365.079
79365.079
79365.079
79787.234
79365.079
79365.079
79365.079
79365.079
79787.234
79365.079
79365.079
79365.079
79365.079
78947.368
79787.234
79787.234
141509.434
55762.082
78534.031
79365.079
79365.079
79365.079
79787.234
79365.079
79365.079
79787.234
79365.079
78947.368
79787.234
79365.079
79365.079
79787.234
79787.234
78947.368
79787.234
79365.079
79365.079
79365.079
79787.234
79365.079
79365.079
79787.234
79365.079
79365.079
79365.079
79787.234
79365.079
79365.079
79365.079
79365.079
79365.079
79787.234
79365.079
79365.079
79787.234
79365.079
79365.079
79787.234
79365.079
79365.079
78947.368
79787.234
79365.079
79365.079
79365.079
79365.079
79365.079
79787.234
79365.079
79365.079
79365.079
79365.079
79787.234
79365.079
79365.079
79365.079
79365.079
79787.234
79365.079
79365.079
79365.079
79787.234
78947.368
79787.234
79365.079
79787.234
79365.079
79365.079
79365.079
79365.079
79787.234
79365.079
79365.079
79365.079
79365.079
79787.234
79365.079
79787.234
79365.079
79787.234
79365.079
78947.368
79787.234
79365.079
79365.079
79365.079
79365.079
79365.079
79787.234
79365.079
79365.079
79365.079
79365.079
79787.234
79365.079
79365.079
79365.079
79365.079
79365.079
79787.234
79365.079
79365.079
79365.079
79365.079
79365.079
79787.234
79365.079
79365.079
79787.234
79365.079
79365.079
79365.079
79365.079
79365.079
79365.079
79787.234
79365.079
79365.079
79365.079
79365.079
79787.234
79365.079
79365.079
79365.079
79787.234
79365.079
79365.079
79365.079
79365.079
79365.079
79787.234
79365.079
79365.079
79365.079
79787.234
79365.079
79787.234
79365.079
79365.079
79365.079
79787.234
79365.079
78947.368
79365.079
79787.234
79365.079
79787.234
79365.079
79365.079
79365.079
79365.079
79787.234
79365.079
79365.079
79365.079
79787.234
79365.079
79365.079
79365.079
79787.234
79365.079
79365.079
79365.079
79787.234
79365.079
79365.079
79365.079
79787.234
79365.079
79365.079
79365.079
79365.079
79365.079
79787.234
79365.079
79365.079
79787.234
79365.079
79365.079
79365.079
79365.079
79787.234
79365.079
79365.079
79365.079
79787.234
79365.079
79365.079
79365.079
79787.234
79365.079
79365.079
79365.079
79365.079
79787.234
79365.079
79365.079
79365.079
79787.234
79365.079
79365.079
163043.478
205479.452
71090.047
78534.031
79787.234
79365.079
79365.079
79365.079
79365.079
79787.234
79365.079
79365.079
79365.079
79787.234
79365.079
79365.079
79365.079
79787.234
79365.079
79365.079
79365.079
79787.234
79365.079
79365.079
79365.079
79787.234
79365.079
79365.079
79365.079
79787.234
79365.079
79365.079
79365.079
79365.079
79787.234
79365.079
79365.079
79365.079
79365.079
79787.234
79365.079
79365.079
79365.079
79787.234
79365.079
79365.079
79365.079
79365.079
79787.234
79365.079
79365.079
79365.079
79787.234
79365.079
79365.079
79365.079
79787.234
79365.079
79365.079
79365.079
79365.079
79787.234
79365.079
79787.234
79365.079
79365.079
79365.079
79365.079
79365.079
79365.079
79365.079
79365.079
79787.234
79365.079
79365.079
79365.079
79787.234
79365.079
79365.079
79365.079
79787.234
79365.079
79787.234
79365.079
79365.079
79365.079
79365.079
79365.079
79365.079
79787.234
79365.079
79365.079
79365.079
79787.234
79365.079
79365.079
79365.079
79787.234
79365.079
79365.079
79365.079
79365.079
79787.234
79365.079
79365.079
79365.079
79787.234
79365.079
79365.079
79365.079
79787.234
79365.079
79365.079
79365.079
79365.079
79787.234
79365.079
79365.079
79365.079
79365.079
79787.234
79365.079
79365.079
79365.079
79365.079
79365.079
79365.079
79365.079
79787.234
164835.165
208333.333
238095.238
44378.698
78534.031
79365.079
79787.234
79365.079
79365.079
79365.079
79365.079
79365.079
79365.079
79787.234
79365.079
79787.234
78947.368
79787.234
79365.079
79365.079
79365.079
79787.234
79365.079
79365.079
79365.079
79787.234
79365.079
79365.079
79365.079
79787.234
79365.079
79365.079
79365.079
79365.079
79365.079
79365.079
79787.234
79365.079
79365.079
79365.079
79787.234
79365.079
79365.079
79365.079
79365.079
79365.079
79787.234
79365.079
79365.079
79365.079
79365.079
79787.234
79365.079
79787.234
79365.079
79365.079
79787.234
78947.368
79365.079
79787.234
79365.079
79787.234
136363.636
56603.774
78534.031
79365.079
79365.079
79365.079
79787.234
79365.079
79365.079
78947.368
79787.234
79365.079
79365.079
79365.079
79787.234
428571.429
887.837
1875000.0
2632.503
294117.647
28735.632
28846.154
28901.734
29013.54
29239.766
29761.905
29761.905
30303.03
30737.705
64655.172
59760.956
31512.605
31380.753
48859.935
40983.607
28517.11
58365.759
62240.664
29296.875
39062.5
65217.391
63559.322
27522.936
141509.434
8156.607
14464.802
28409.091
29761.905
28089.888
30364.372
32397.408
