76800.0
78367.347
77575.758
77575.758
76800.0
76800.0
77575.758
76800.0
76800.0
76800.0
76800.0
77575.758
76800.0
77575.758
76800.0
76800.0
76800.0
76039.604
76039.604
76039.604
77575.758
74563.107
76039.604
75294.118
74563.107
73846.154
73142.857
74563.107
73846.154
75294.118
74563.107
75294.118
76039.604
74563.107
76039.604
76039.604
76800.0
76800.0
106666.667
63471.074
76800.0
98461.538
65641.026
76800.0
78367.347
77575.758
77575.758
77575.758
77575.758
78367.347
80000.0
79175.258
79175.258
79175.258
80000.0
101052.632
66206.897
78367.347
79175.258
80000.0
79175.258
79175.258
80000.0
79175.258
76800.0
78367.347
76039.604
78367.347
77575.758
77575.758
79175.258
76800.0
78367.347
76800.0
78367.347
79175.258
78367.347
77575.758
76039.604
77575.758
77575.758
78367.347
78367.347
79175.258
79175.258
80000.0
78367.347
80842.105
80000.0
79175.258
79175.258
80842.105
78367.347
79175.258
79175.258
78367.347
77575.758
80000.0
79175.258
78367.347
80000.0
80000.0
76800.0
78367.347
77575.758
76800.0
77575.758
77575.758
76800.0
76039.604
77575.758
77575.758
77575.758
78367.347
76800.0
77575.758
78367.347
76800.0
88275.862
69189.189
76039.604
78367.347
77575.758
78367.347
76800.0
79175.258
78367.347
80000.0
77575.758
79175.258
79175.258
77575.758
77575.758
77575.758
76800.0
75294.118
74563.107
73846.154
75294.118
72452.83
73142.857
73846.154
71775.701
73142.857
71775.701
71775.701
71775.701
72452.83
71111.111
72452.83
71775.701
69818.182
71111.111
70458.716
70458.716
70458.716
71111.111
69818.182
71111.111
70458.716
70458.716
71111.111
71111.111
70458.716
71111.111
71111.111
69818.182
71111.111
69818.182
70458.716
71111.111
70458.716
71111.111
72452.83
71111.111
71775.701
71111.111
70458.716
69818.182
70458.716
69818.182
69818.182
70458.716
69189.189
69818.182
70458.716
69818.182
69818.182
69818.182
68571.429
68571.429
69818.182
69189.189
68571.429
69818.182
69818.182
69818.182
69189.189
69189.189
69818.182
69189.189
67964.602
68571.429
67368.421
67964.602
69189.189
67964.602
67368.421
69189.189
67964.602
67964.602
68571.429
67964.602
67964.602
68571.429
67368.421
68571.429
67964.602
67964.602
67964.602
67964.602
67964.602
68571.429
68571.429
67964.602
68571.429
68571.429
68571.429
71111.111
71111.111
70458.716
70458.716
71111.111
71111.111
69818.182
70458.716
69818.182
68571.429
69818.182
67964.602
68571.429
68571.429
67964.602
67964.602
67964.602
68571.429
67964.602
68571.429
67964.602
67964.602
67964.602
69189.189
68571.429
67964.602
68571.429
68571.429
69818.182
69189.189
69189.189
70458.716
71775.701
69818.182
71111.111
70458.716
70458.716
70458.716
69818.182
68571.429
69818.182
68571.429
68571.429
69189.189
67964.602
66782.609
68571.429
67368.421
67368.421
89302.326
56470.588
68571.429
69818.182
67964.602
68571.429
69189.189
68571.429
67964.602
69818.182
67964.602
69189.189
70458.716
69189.189
69818.182
69189.189
69189.189
69189.189
69818.182
69818.182
69818.182
71111.111
69818.182
71111.111
71111.111
70458.716
69818.182
71111.111
69189.189
70458.716
71111.111
69818.182
71111.111
70458.716
69189.189
71111.111
70458.716
69189.189
69818.182
69818.182
68571.429
69818.182
69189.189
68571.429
69818.182
68571.429
68571.429
69818.182
69818.182
71775.701
70458.716
70458.716
71111.111
71111.111
70458.716
71775.701
71111.111
71111.111
73142.857
69189.189
71775.701
72452.83
71111.111
70458.716
71111.111
73142.857
123870.968
142222.222
130169.492
137142.857
111304.348
74563.107
72452.83
71111.111
71111.111
71775.701
70458.716
71111.111
73142.857
71111.111
72452.83
72452.83
71111.111
72452.83
71111.111
71111.111
71111.111
70458.716
71111.111
70458.716
70458.716
70458.716
70458.716
70458.716
69818.182
69189.189
69818.182
69189.189
69189.189
68571.429
69189.189
69189.189
68571.429
69189.189
69189.189
69818.182
68571.429
67964.602
69189.189
69189.189
69189.189
69818.182
69818.182
70458.716
71111.111
71775.701
70458.716
71775.701
72452.83
72452.83
71775.701
73142.857
71775.701
73142.857
71111.111
71775.701
73142.857
71775.701
72452.83
73142.857
71111.111
71111.111
72452.83
71111.111
70458.716
71775.701
69818.182
70458.716
71775.701
71775.701
73142.857
72452.83
72452.83
72452.83
73142.857
73142.857
72452.83
71775.701
72452.83
71775.701
72452.83
72452.83
71111.111
71775.701
72452.83
73846.154
71775.701
72452.83
71111.111
73142.857
72452.83
73846.154
73846.154
74563.107
73142.857
73846.154
75294.118
73846.154
74563.107
74563.107
73846.154
73846.154
74563.107
73142.857
74563.107
73142.857
73846.154
75294.118
75294.118
73142.857
75294.118
76039.604
75294.118
76039.604
76800.0
76800.0
77575.758
76039.604
76800.0
76800.0
75294.118
76039.604
76800.0
76039.604
75294.118
76800.0
76039.604
76039.604
76039.604
76039.604
74563.107
76800.0
76800.0
77575.758
76039.604
76800.0
76039.604
76800.0
75294.118
76039.604
75294.118
76039.604
73142.857
76039.604
73846.154
74563.107
74563.107
74563.107
74563.107
74563.107
75294.118
76039.604
76039.604
73846.154
73846.154
78367.347
79175.258
79175.258
80000.0
81702.128
80000.0
80842.105
80000.0
80000.0
79175.258
79175.258
79175.258
79175.258
80000.0
80000.0
80000.0
79175.258
79175.258
80000.0
80000.0
78367.347
78367.347
79175.258
77575.758
77575.758
76800.0
75294.118
76800.0
75294.118
76039.604
75294.118
74563.107
76039.604
76039.604
74563.107
76039.604
76039.604
76039.604
75294.118
76800.0
73142.857
74563.107
76039.604
73846.154
74563.107
73846.154
73846.154
71775.701
72452.83
73142.857
73142.857
72452.83
73846.154
73142.857
72452.83
73142.857
72452.83
73142.857
72452.83
73142.857
72452.83
73142.857
73142.857
73142.857
73142.857
73142.857
73142.857
73846.154
74563.107
73142.857
74563.107
73846.154
74563.107
74563.107
73846.154
74563.107
73846.154
74563.107
73846.154
73846.154
73846.154
74563.107
73846.154
73142.857
74563.107
73846.154
73846.154
74563.107
74563.107
74563.107
74563.107
73846.154
73142.857
74563.107
73846.154
73846.154
74563.107
73142.857
74563.107
74563.107
73142.857
73142.857
73846.154
73142.857
71775.701
72452.83
72452.83
73846.154
73142.857
73846.154
73846.154
73142.857
73142.857
73846.154
73142.857
73846.154
73142.857
72452.83
72452.83
73142.857
73142.857
73142.857
72452.83
73142.857
73142.857
75294.118
74563.107
73142.857
74563.107
73846.154
75294.118
75294.118
75294.118
76039.604
75294.118
73846.154
75294.118
74563.107
73846.154
76039.604
73846.154
76039.604
76039.604
74563.107
75294.118
73846.154
75294.118
76039.604
74563.107
73846.154
73846.154
73846.154
71775.701
73142.857
71775.701
73142.857
72452.83
73142.857
72452.83
73142.857
72452.83
71775.701
73142.857
72452.83
71775.701
72452.83
71775.701
71775.701
71111.111
71111.111
71775.701
71775.701
71775.701
70458.716
71775.701
71111.111
71775.701
73142.857
71111.111
73142.857
72452.83
73142.857
73142.857
72452.83
73142.857
73846.154
72452.83
73142.857
74563.107
73846.154
72452.83
76039.604
75294.118
74563.107
76039.604
76039.604
75294.118
76039.604
82580.645
960000.0
76039.604
77575.758
76039.604
307200.0
97215.19
73846.154
74563.107
72452.83
76039.604
81702.128
77575.758
73846.154
75294.118
78367.347
74563.107
76039.604
83478.261
284444.444
102400.0
76039.604
74563.107
76800.0
142222.222
166956.522
82580.645
73846.154
80842.105
77575.758
74563.107
80842.105
72452.83
76039.604
76039.604
73846.154
73142.857
73846.154
73142.857
73142.857
73142.857
74563.107
73142.857
170666.667
132413.793
74563.107
73142.857
73846.154
74563.107
73142.857
72452.83
73142.857
71775.701
71775.701
71775.701
71775.701
72452.83
71775.701
103783.784
219428.571
71111.111
71775.701
70458.716
70458.716
71775.701
71775.701
72452.83
72452.83
73142.857
73142.857
71111.111
72452.83
70458.716
71111.111
71111.111
71775.701
71111.111
71111.111
71775.701
71775.701
70458.716
71775.701
71111.111
72452.83
72452.83
73846.154
72452.83
73142.857
73142.857
71775.701
71775.701
73142.857
72452.83
71111.111
72452.83
71775.701
89302.326
384000.0
73142.857
73142.857
74563.107
73846.154
76039.604
320000.0
96000.0
71775.701
73846.154
72452.83
118153.846
202105.263
74563.107
72452.83
73846.154
72452.83
88275.862
384000.0
71775.701
71111.111
111304.348
57744.361
69189.189
69189.189
70458.716
69818.182
68571.429
69818.182
70458.716
70458.716
71111.111
71775.701
69818.182
71775.701
71111.111
71111.111
71775.701
69818.182
69189.189
70458.716
67964.602
67368.421
67964.602
66782.609
66206.897
66206.897
66782.609
61935.484
64537.815
64537.815
240000.0
87272.727
65084.746
67964.602
68571.429
78367.347
512000.0
66782.609
69189.189
67368.421
67964.602
67368.421
118153.846
123870.968
121904.762
121904.762
66782.609
68571.429
65641.026
65084.746
66782.609
66206.897
67368.421
67964.602
68571.429
71111.111
69189.189
69189.189
69818.182
69818.182
69818.182
69818.182
69818.182
70458.716
69818.182
69818.182
72452.83
76039.604
69189.189
72452.83
70458.716
70458.716
70458.716
69818.182
69818.182
70458.716
69818.182
69818.182
71111.111
69189.189
70458.716
70458.716
69189.189
70458.716
67964.602
70458.716
70458.716
68571.429
69818.182
69189.189
68571.429
70458.716
69189.189
67368.421
67964.602
67368.421
67368.421
66206.897
65084.746
65084.746
65084.746
75294.118
58625.954
65641.026
60952.381
64537.815
64000.0
62950.82
63471.074
63471.074
62950.82
61440.0
65084.746
60472.441
64000.0
64000.0
62439.024
64537.815
65641.026
63471.074
62950.82
64537.815
60472.441
64000.0
65084.746
62950.82
63471.074
65084.746
61935.484
64537.815
64000.0
61935.484
65084.746
62950.82
61440.0
63471.074
64000.0
62950.82
65084.746
64537.815
64000.0
64000.0
65084.746
63471.074
64000.0
65084.746
62950.82
65084.746
62950.82
63471.074
64000.0
64000.0
65641.026
65641.026
64000.0
66206.897
64537.815
64000.0
65084.746
62439.024
61440.0
63471.074
61935.484
60952.381
69189.189
55251.799
60000.0
62950.82
62439.024
62950.82
62439.024
62950.82
62950.82
62950.82
62439.024
62439.024
64000.0
62439.024
62950.82
64000.0
62950.82
80842.105
54468.085
62950.82
62950.82
64000.0
64537.815
61935.484
64537.815
63471.074
63471.074
63471.074
62950.82
62950.82
63471.074
62950.82
61935.484
62439.024
64000.0
62950.82
64537.815
64000.0
62439.024
62950.82
62950.82
63471.074
62439.024
62439.024
61935.484
64000.0
62439.024
64000.0
65084.746
62439.024
64537.815
62950.82
63471.074
61935.484
63471.074
61440.0
61440.0
62439.024
60952.381
70458.716
54084.507
61440.0
57313.433
61440.0
60472.441
60472.441
61440.0
61935.484
60952.381
63471.074
61935.484
62439.024
62439.024
61935.484
62439.024
62439.024
61440.0
62439.024
61935.484
61440.0
62439.024
62439.024
62439.024
61935.484
63471.074
61440.0
61440.0
61440.0
61440.0
61440.0
59076.923
61440.0
61440.0
57744.361
61440.0
59534.884
58625.954
56888.889
60472.441
59534.884
59534.884
58181.818
60000.0
59534.884
60472.441
61440.0
60000.0
59534.884
61935.484
59534.884
60000.0
61935.484
61440.0
61935.484
61440.0
61935.484
58625.954
61440.0
61440.0
59076.923
59534.884
61440.0
61440.0
60000.0
61440.0
61440.0
59534.884
60952.381
60472.441
60000.0
60472.441
60472.441
61935.484
55652.174
60472.441
58625.954
59534.884
60000.0
58625.954
58181.818
59534.884
59076.923
58625.954
60000.0
60472.441
58625.954
60000.0
60472.441
60000.0
61935.484
61440.0
61440.0
61440.0
62950.82
62950.82
62439.024
62950.82
64537.815
62439.024
63471.074
62950.82
64000.0
60952.381
61440.0
61935.484
59076.923
60000.0
60000.0
59076.923
59076.923
59534.884
60000.0
59534.884
58181.818
60000.0
59534.884
60000.0
58181.818
58625.954
56470.588
58625.954
58181.818
58625.954
58181.818
59076.923
59534.884
60000.0
58625.954
59534.884
60000.0
56888.889
60000.0
61440.0
59534.884
60952.381
61935.484
60000.0
60472.441
60952.381
59534.884
58625.954
60952.381
59534.884
59076.923
60472.441
58181.818
59076.923
59076.923
58625.954
58625.954
56470.588
59076.923
66782.609
51543.624
58181.818
59534.884
58181.818
59076.923
59076.923
59076.923
58181.818
59534.884
59534.884
58181.818
58625.954
60472.441
59076.923
58625.954
60472.441
58625.954
59076.923
59534.884
59076.923
58625.954
59076.923
60000.0
58625.954
57744.361
58625.954
58625.954
57313.433
58181.818
58625.954
58625.954
57744.361
58625.954
58625.954
59534.884
58181.818
57744.361
59076.923
58181.818
58181.818
60472.441
54857.143
59076.923
57744.361
57313.433
59076.923
59534.884
59534.884
60472.441
62439.024
60952.381
60952.381
62950.82
61440.0
60000.0
61440.0
61440.0
60000.0
60000.0
59534.884
58181.818
58181.818
58181.818
56058.394
57744.361
56470.588
56888.889
57313.433
58625.954
57313.433
59534.884
60000.0
58625.954
59076.923
59076.923
58181.818
59534.884
58625.954
59076.923
58181.818
59534.884
59534.884
60000.0
60000.0
60000.0
59076.923
58181.818
59076.923
58625.954
57744.361
59534.884
57313.433
57313.433
57744.361
58181.818
56470.588
57313.433
59076.923
57744.361
57744.361
58181.818
58625.954
58181.818
60000.0
60000.0
59534.884
60000.0
60472.441
59534.884
58181.818
59534.884
56470.588
57313.433
59076.923
56888.889
56058.394
60472.441
59534.884
58625.954
60952.381
60472.441
60000.0
60952.381
62950.82
61935.484
61935.484
62950.82
62950.82
60472.441
59534.884
61440.0
58625.954
58625.954
59076.923
57744.361
56888.889
56058.394
57313.433
56058.394
56058.394
56058.394
55652.174
56058.394
55652.174
55251.799
56470.588
57313.433
57313.433
57744.361
56888.889
57313.433
56888.889
58181.818
57744.361
57313.433
59076.923
57744.361
57744.361
58181.818
60952.381
59534.884
57313.433
57313.433
59534.884
59534.884
56470.588
57313.433
58625.954
55652.174
56888.889
58625.954
56058.394
58181.818
58181.818
60952.381
59076.923
58625.954
60472.441
60472.441
59534.884
60472.441
61440.0
62439.024
62950.82
64000.0
64000.0
62439.024
60952.381
63471.074
61935.484
60952.381
62950.82
61440.0
60952.381
61440.0
62439.024
61440.0
60952.381
62439.024
61440.0
60952.381
61440.0
60952.381
61440.0
60952.381
60472.441
60472.441
60952.381
60952.381
60472.441
60472.441
60952.381
59534.884
61440.0
59076.923
59534.884
58625.954
59534.884
58181.818
58625.954
59076.923
58625.954
59076.923
59076.923
59534.884
58181.818
58625.954
59076.923
58625.954
58181.818
58181.818
58625.954
57744.361
58625.954
59076.923
57744.361
58181.818
59076.923
57313.433
56470.588
58625.954
58181.818
57313.433
59534.884
61935.484
59534.884
59534.884
61440.0
58625.954
60000.0
60952.381
60000.0
59076.923
61935.484
60000.0
59534.884
60000.0
60952.381
60000.0
59534.884
60000.0
59534.884
57744.361
56888.889
57313.433
57744.361
56470.588
56888.889
57313.433
56888.889
58181.818
58625.954
58181.818
58181.818
57744.361
58625.954
57744.361
58181.818
57313.433
58181.818
73142.857
47701.863
57744.361
58625.954
58181.818
59534.884
60000.0
59534.884
59076.923
59534.884
58625.954
58625.954
58625.954
58625.954
56888.889
56888.889
57313.433
59534.884
56058.394
59534.884
58625.954
57744.361
59534.884
59076.923
58181.818
60000.0
59534.884
58625.954
60472.441
60000.0
57744.361
58181.818
57744.361
56470.588
55251.799
57744.361
55652.174
56470.588
55251.799
57313.433
56470.588
57744.361
56058.394
57744.361
57313.433
56470.588
56888.889
56888.889
55251.799
56888.889
56470.588
56470.588
56058.394
55251.799
56888.889
57744.361
56470.588
54857.143
58625.954
53706.294
56470.588
57313.433
55652.174
84395.604
46829.268
55251.799
55251.799
59534.884
55251.799
56470.588
56888.889
54857.143
54468.085
57313.433
55652.174
55251.799
56058.394
53333.333
59076.923
60472.441
63471.074
61935.484
61440.0
64000.0
63471.074
61935.484
64000.0
64000.0
62950.82
62439.024
64000.0
63471.074
60472.441
59534.884
61440.0
60000.0
58625.954
59534.884
59076.923
57744.361
60472.441
58625.954
59076.923
60000.0
59534.884
60000.0
60472.441
60000.0
59534.884
59076.923
60000.0
59076.923
58181.818
58625.954
59076.923
59534.884
58625.954
59076.923
58625.954
58181.818
56470.588
56888.889
57313.433
56058.394
57744.361
57744.361
59076.923
58181.818
59534.884
60000.0
60000.0
58625.954
58625.954
58625.954
59534.884
58625.954
57313.433
57313.433
56058.394
56058.394
57744.361
65084.746
49548.387
56888.889
57744.361
56058.394
56058.394
56470.588
57744.361
57313.433
58181.818
58181.818
58625.954
57313.433
56888.889
56058.394
59076.923
57313.433
58181.818
57744.361
60472.441
58625.954
58181.818
60472.441
58181.818
57744.361
59534.884
57313.433
57744.361
58625.954
57744.361
55251.799
56888.889
57744.361
54857.143
56058.394
56058.394
55251.799
55652.174
57744.361
56058.394
55251.799
54468.085
56058.394
54857.143
54857.143
54857.143
55652.174
56058.394
57313.433
55652.174
55652.174
56058.394
59076.923
58181.818
56470.588
57744.361
58181.818
55652.174
56470.588
58625.954
56058.394
55652.174
57744.361
55251.799
56888.889
57313.433
56888.889
55251.799
56470.588
57313.433
56888.889
56888.889
57313.433
58625.954
57744.361
55251.799
56058.394
57744.361
54857.143
56058.394
56470.588
54468.085
56058.394
59076.923
56470.588
57744.361
59534.884
56470.588
58181.818
58625.954
55652.174
57744.361
57313.433
55251.799
55652.174
56470.588
54084.507
54857.143
54857.143
53706.294
54468.085
55652.174
55251.799
54857.143
56058.394
56888.889
56888.889
56058.394
56470.588
55652.174
54084.507
55652.174
56470.588
55652.174
57313.433
56888.889
57744.361
56888.889
57313.433
56470.588
56470.588
56888.889
56058.394
55251.799
55251.799
56470.588
56058.394
54468.085
54857.143
58181.818
51891.892
57313.433
57744.361
54857.143
57744.361
59076.923
57313.433
58625.954
58181.818
58625.954
60000.0
62439.024
61440.0
61440.0
61440.0
62950.82
60000.0
59534.884
60000.0
59076.923
57313.433
59534.884
58181.818
57313.433
58181.818
57744.361
56888.889
57744.361
57313.433
56058.394
56058.394
56888.889
56888.889
56470.588
55652.174
55652.174
55251.799
56470.588
56058.394
56888.889
56470.588
56470.588
58181.818
57313.433
57313.433
57313.433
57313.433
56058.394
54857.143
85333.333
45443.787
54084.507
53706.294
56888.889
56058.394
56058.394
54468.085
58181.818
59076.923
57744.361
57744.361
59076.923
59534.884
57313.433
59534.884
60000.0
58181.818
58625.954
60952.381
60000.0
59076.923
60472.441
60000.0
57744.361
59076.923
58181.818
56058.394
55652.174
57744.361
54857.143
54857.143
56888.889
55652.174
53706.294
54084.507
56058.394
54468.085
53706.294
54084.507
55251.799
54468.085
53706.294
55251.799
56058.394
55251.799
57744.361
59076.923
56470.588
54468.085
57313.433
56470.588
52965.517
55251.799
57744.361
56058.394
52602.74
56058.394
58625.954
57313.433
56470.588
59534.884
57313.433
56888.889
57313.433
58625.954
54857.143
56058.394
57313.433
55652.174
55652.174
56470.588
55652.174
54857.143
58181.818
55251.799
55251.799
57313.433
54468.085
54084.507
56888.889
58181.818
57744.361
60000.0
56888.889
55652.174
56470.588
53706.294
51543.624
53333.333
55251.799
54857.143
56888.889
58625.954
60000.0
57744.361
57744.361
58625.954
57313.433
56058.394
54857.143
55251.799
55251.799
55652.174
54468.085
55251.799
55251.799
53706.294
67964.602
89302.326
66206.897
42197.802
54084.507
54084.507
57313.433
54857.143
54468.085
58181.818
58625.954
51891.892
56058.394
58625.954
53333.333
54084.507
57744.361
57744.361
53333.333
59534.884
58181.818
51891.892
56888.889
56470.588
55251.799
57744.361
56470.588
56470.588
58625.954
57744.361
56888.889
101052.632
47407.407
54084.507
58181.818
57313.433
55251.799
56470.588
57313.433
55251.799
53706.294
54084.507
52965.517
52965.517
52965.517
54084.507
54857.143
54857.143
54468.085
55251.799
