72452.83
73846.154
72452.83
72452.83
73142.857
73142.857
72452.83
73142.857
72452.83
72452.83
72452.83
72452.83
72452.83
105205.479
55652.174
71775.701
106666.667
54468.085
89302.326
60000.0
71111.111
71111.111
105205.479
53706.294
87272.727
58625.954
69818.182
70458.716
102400.0
53333.333
86292.135
59076.923
69818.182
69818.182
102400.0
53333.333
68571.429
69189.189
102400.0
52965.517
85333.333
58181.818
68571.429
69818.182
101052.632
52602.74
68571.429
69189.189
102400.0
51891.892
67964.602
105205.479
51200.0
68571.429
69189.189
101052.632
52602.74
68571.429
69189.189
94814.815
54468.085
68571.429
68571.429
69189.189
68571.429
69189.189
69818.182
69818.182
70458.716
71111.111
71111.111
71111.111
71775.701
71111.111
71111.111
72452.83
71775.701
71775.701
71775.701
72452.83
72452.83
71775.701
72452.83
71775.701
71775.701
71775.701
72452.83
71111.111
109714.286
53333.333
71111.111
71111.111
72452.83
71775.701
72452.83
71775.701
71775.701
71775.701
71775.701
71111.111
71111.111
69818.182
70458.716
70458.716
69818.182
69818.182
70458.716
69818.182
70458.716
69818.182
69818.182
69818.182
69189.189
69189.189
102400.0
53706.294
87272.727
54084.507
69189.189
67964.602
67964.602
67964.602
68571.429
67964.602
68571.429
68571.429
67964.602
67964.602
67368.421
67964.602
67964.602
69189.189
68571.429
69189.189
69818.182
70458.716
70458.716
71111.111
71775.701
89302.326
59534.884
73142.857
101052.632
56058.394
72452.83
101052.632
56888.889
72452.83
72452.83
101052.632
56888.889
72452.83
72452.83
73142.857
72452.83
72452.83
72452.83
73142.857
72452.83
73142.857
72452.83
73142.857
72452.83
73846.154
73142.857
105205.479
54468.085
71775.701
72452.83
103783.784
55251.799
85333.333
62439.024
72452.83
71775.701
105205.479
55251.799
71111.111
106666.667
54857.143
71111.111
71775.701
106666.667
54084.507
85333.333
144905.66
43389.831
89302.326
58625.954
71111.111
71775.701
71775.701
70458.716
71111.111
70458.716
70458.716
70458.716
69818.182
70458.716
69818.182
69818.182
71111.111
70458.716
69818.182
71775.701
70458.716
70458.716
69818.182
70458.716
71111.111
69189.189
71111.111
70458.716
71111.111
70458.716
70458.716
71111.111
70458.716
71111.111
70458.716
70458.716
70458.716
69818.182
70458.716
70458.716
71111.111
70458.716
70458.716
70458.716
70458.716
70458.716
69818.182
69818.182
69818.182
69189.189
69818.182
69189.189
69189.189
69818.182
68571.429
69189.189
69189.189
114626.866
50196.078
81702.128
59076.923
69189.189
98461.538
53333.333
103783.784
52244.898
69189.189
69818.182
69818.182
71111.111
69818.182
70458.716
105205.479
52965.517
69189.189
105205.479
53333.333
69818.182
71111.111
105205.479
54084.507
71775.701
72452.83
103783.784
55251.799
71775.701
72452.83
72452.83
71775.701
72452.83
72452.83
72452.83
71775.701
105205.479
56470.588
73142.857
72452.83
103783.784
55652.174
71111.111
71111.111
105205.479
54084.507
70458.716
102400.0
55251.799
71111.111
68571.429
73142.857
71111.111
71111.111
70458.716
73846.154
71775.701
71111.111
69818.182
73142.857
69189.189
73142.857
69189.189
72452.83
69818.182
71775.701
68571.429
73142.857
70458.716
71111.111
70458.716
70458.716
71111.111
71111.111
71775.701
71775.701
71775.701
71111.111
69189.189
71111.111
69818.182
69818.182
69189.189
71775.701
69189.189
67964.602
71775.701
69189.189
69818.182
71775.701
69818.182
70458.716
71775.701
69189.189
72452.83
75294.118
112941.176
50526.316
71111.111
71775.701
72452.83
72452.83
71775.701
72452.83
71111.111
73142.857
72452.83
71775.701
73846.154
71111.111
73142.857
71775.701
73142.857
72452.83
73142.857
73142.857
73142.857
72452.83
73142.857
72452.83
73142.857
71775.701
72452.83
72452.83
69818.182
71775.701
71775.701
71775.701
70458.716
70458.716
73142.857
70458.716
71111.111
71775.701
70458.716
71775.701
70458.716
70458.716
71111.111
71111.111
69189.189
72452.83
71111.111
70458.716
71775.701
71111.111
71111.111
71775.701
98461.538
55652.174
69818.182
71775.701
71111.111
71775.701
72452.83
71775.701
71775.701
71775.701
71775.701
72452.83
71775.701
72452.83
71775.701
72452.83
71775.701
72452.83
72452.83
71775.701
72452.83
72452.83
71775.701
72452.83
72452.83
72452.83
72452.83
72452.83
71775.701
71775.701
73142.857
71775.701
72452.83
71775.701
71111.111
72452.83
71111.111
70458.716
71775.701
71111.111
70458.716
70458.716
71111.111
70458.716
71111.111
70458.716
71775.701
71111.111
71111.111
71775.701
71775.701
71111.111
71775.701
71775.701
71111.111
71111.111
71111.111
71111.111
71111.111
71775.701
71111.111
71775.701
71775.701
70458.716
99740.26
55251.799
99740.26
116363.636
93658.537
39587.629
87272.727
57313.433
70458.716
71775.701
71111.111
69818.182
73142.857
70458.716
71111.111
74563.107
67368.421
73142.857
71111.111
69818.182
93658.537
57744.361
102400.0
55652.174
71111.111
69818.182
103783.784
55251.799
71775.701
105205.479
54084.507
71111.111
70458.716
73142.857
71775.701
69818.182
73846.154
70458.716
72452.83
120000.0
50860.927
86292.135
58625.954
72452.83
69818.182
71111.111
71111.111
70458.716
69818.182
71775.701
70458.716
70458.716
70458.716
71111.111
70458.716
69818.182
70458.716
69818.182
70458.716
70458.716
69818.182
70458.716
71111.111
70458.716
70458.716
70458.716
70458.716
70458.716
70458.716
71111.111
71111.111
67964.602
71775.701
70458.716
70458.716
71111.111
71111.111
69189.189
72452.83
69818.182
70458.716
72452.83
70458.716
70458.716
72452.83
70458.716
71111.111
72452.83
71111.111
72452.83
72452.83
70458.716
72452.83
72452.83
71775.701
71775.701
71111.111
71775.701
111304.348
52965.517
87272.727
60000.0
73846.154
72452.83
72452.83
72452.83
72452.83
72452.83
73142.857
71775.701
72452.83
72452.83
71775.701
71775.701
72452.83
70458.716
72452.83
71775.701
71111.111
71775.701
69189.189
72452.83
68571.429
71111.111
68571.429
71111.111
67964.602
71111.111
67368.421
71111.111
67964.602
69818.182
67964.602
69818.182
67368.421
69818.182
66782.609
69818.182
66782.609
69189.189
69189.189
69189.189
67368.421
71111.111
67368.421
71775.701
70458.716
69818.182
67964.602
71775.701
68571.429
68571.429
71111.111
67964.602
69189.189
71111.111
69189.189
67368.421
71775.701
68571.429
67964.602
71111.111
67964.602
67964.602
71111.111
69189.189
67964.602
93658.537
54857.143
85333.333
57744.361
70458.716
67368.421
70458.716
66782.609
69818.182
68571.429
66782.609
68571.429
69818.182
66782.609
68571.429
67368.421
69818.182
66206.897
69189.189
66206.897
68571.429
66206.897
66782.609
67368.421
66782.609
66206.897
66782.609
66782.609
66206.897
66206.897
65641.026
66782.609
66206.897
67368.421
67368.421
67368.421
66206.897
68571.429
67368.421
70458.716
66782.609
67964.602
69818.182
67368.421
67964.602
67964.602
69818.182
66782.609
67964.602
67964.602
67964.602
69818.182
67368.421
67964.602
68571.429
67964.602
68571.429
68571.429
67368.421
68571.429
69189.189
67368.421
68571.429
70458.716
67368.421
68571.429
69818.182
67964.602
68571.429
69818.182
67368.421
68571.429
69818.182
66782.609
68571.429
67964.602
67964.602
67964.602
67964.602
67368.421
67368.421
66782.609
66782.609
66206.897
66206.897
98461.538
50196.078
101052.632
49230.769
99740.26
102400.0
39792.746
87272.727
58181.818
59076.923
65641.026
66782.609
66206.897
66782.609
67368.421
66782.609
67368.421
67368.421
67368.421
67368.421
67368.421
67368.421
66782.609
66206.897
66782.609
66206.897
66782.609
66782.609
66206.897
66782.609
66782.609
66782.609
67368.421
66782.609
67368.421
66782.609
66782.609
67964.602
67368.421
67368.421
68571.429
67964.602
67368.421
68571.429
67368.421
67964.602
67964.602
67964.602
67368.421
67368.421
67368.421
67368.421
67368.421
67368.421
67368.421
66782.609
67368.421
67964.602
109714.286
49230.769
86292.135
54857.143
67964.602
67964.602
67964.602
68571.429
67964.602
67964.602
67964.602
67368.421
67964.602
66782.609
67368.421
66206.897
66206.897
66206.897
65641.026
65641.026
65641.026
65641.026
66206.897
65641.026
65641.026
66206.897
66206.897
65084.746
65641.026
65641.026
65641.026
66206.897
66206.897
66206.897
66206.897
66206.897
66206.897
66206.897
66206.897
66206.897
65641.026
66206.897
65641.026
105205.479
48917.197
86292.135
53333.333
66206.897
66206.897
66206.897
66206.897
66782.609
66782.609
66206.897
66782.609
66782.609
67964.602
66782.609
67368.421
67368.421
67368.421
66782.609
67368.421
86292.135
54857.143
86292.135
54468.085
66782.609
66782.609
66782.609
66206.897
66782.609
66782.609
66782.609
66206.897
66782.609
66782.609
66206.897
66782.609
66782.609
66782.609
67368.421
66206.897
66782.609
66782.609
65641.026
66206.897
65641.026
65084.746
65084.746
65084.746
64537.815
65084.746
65084.746
65084.746
65641.026
66206.897
65641.026
65641.026
66782.609
65641.026
66206.897
65641.026
65084.746
66206.897
65641.026
65641.026
65641.026
65641.026
65641.026
66206.897
65641.026
66206.897
65641.026
65641.026
66206.897
66206.897
85333.333
54468.085
84395.604
55251.799
66782.609
101052.632
50196.078
66782.609
67368.421
103783.784
49870.13
66782.609
67368.421
67368.421
68571.429
67368.421
68571.429
68571.429
68571.429
69189.189
68571.429
68571.429
69189.189
68571.429
69189.189
69189.189
68571.429
69189.189
69189.189
68571.429
69818.182
68571.429
68571.429
69189.189
68571.429
67964.602
68571.429
67964.602
67964.602
67368.421
67964.602
67368.421
67368.421
67368.421
66782.609
66782.609
66782.609
66782.609
66206.897
66782.609
66206.897
66782.609
66782.609
66206.897
66206.897
66782.609
65641.026
66782.609
66782.609
66206.897
66782.609
65641.026
66782.609
66782.609
66782.609
66782.609
67368.421
66782.609
67964.602
66782.609
67368.421
67368.421
67368.421
67368.421
66782.609
66782.609
67368.421
67368.421
67368.421
67368.421
66782.609
66782.609
67368.421
67368.421
66206.897
67368.421
66782.609
66782.609
66782.609
66782.609
66782.609
67368.421
67368.421
66782.609
67368.421
67368.421
66782.609
67368.421
67964.602
67368.421
67964.602
67964.602
67964.602
67964.602
67964.602
67964.602
67368.421
67964.602
67368.421
67368.421
67368.421
67368.421
66782.609
67368.421
67368.421
66782.609
67368.421
66782.609
67368.421
66782.609
66782.609
66782.609
66206.897
66206.897
66782.609
66206.897
67368.421
67368.421
66782.609
67368.421
67368.421
67368.421
67964.602
66782.609
67964.602
67368.421
67368.421
67964.602
68571.429
67964.602
68571.429
67964.602
68571.429
67964.602
67368.421
67964.602
67964.602
66782.609
67368.421
67368.421
67368.421
67964.602
66782.609
67368.421
67368.421
66782.609
66782.609
67368.421
66782.609
66206.897
66782.609
66782.609
66782.609
66782.609
66782.609
66782.609
66206.897
67368.421
66206.897
66782.609
66782.609
66206.897
66782.609
66206.897
66782.609
66782.609
66782.609
66782.609
67368.421
66206.897
66782.609
66782.609
84395.604
55652.174
84395.604
55251.799
66782.609
66782.609
67368.421
66782.609
67368.421
66782.609
66782.609
66782.609
66782.609
66206.897
66782.609
66206.897
66782.609
65641.026
66206.897
66782.609
66206.897
66782.609
66782.609
66206.897
67368.421
67368.421
66782.609
66782.609
66782.609
66782.609
67368.421
66206.897
66782.609
67368.421
66782.609
67368.421
67368.421
67964.602
68571.429
67368.421
68571.429
67964.602
67964.602
68571.429
69189.189
67964.602
68571.429
68571.429
68571.429
67964.602
68571.429
67964.602
67964.602
67368.421
67964.602
67964.602
67368.421
66782.609
67368.421
67368.421
67368.421
66782.609
67368.421
66782.609
66782.609
66782.609
66782.609
66206.897
66206.897
66206.897
66206.897
65641.026
65641.026
65641.026
65641.026
65641.026
66206.897
65641.026
66782.609
66206.897
66782.609
66782.609
66782.609
66782.609
66782.609
66206.897
66206.897
66206.897
66206.897
66206.897
65641.026
66206.897
66206.897
66782.609
66206.897
66782.609
66782.609
66782.609
66206.897
66782.609
66206.897
66206.897
66782.609
65641.026
66782.609
66782.609
67368.421
67368.421
69189.189
67964.602
67964.602
70458.716
77575.758
61440.0
69189.189
68571.429
69189.189
69818.182
68571.429
69818.182
69189.189
69189.189
68571.429
69189.189
68571.429
68571.429
67964.602
67964.602
67368.421
67964.602
67368.421
67964.602
67964.602
67964.602
67368.421
67964.602
67368.421
66782.609
66782.609
66782.609
66782.609
65641.026
82580.645
57313.433
64537.815
65641.026
65641.026
66206.897
108169.014
48301.887
87272.727
53706.294
65641.026
89302.326
52602.74
102400.0
48917.197
65641.026
65641.026
65641.026
65084.746
66206.897
65084.746
66206.897
65641.026
92530.12
50860.927
65641.026
65641.026
66206.897
66206.897
65641.026
66206.897
66206.897
96000.0
90352.941
43146.067
86292.135
53333.333
67368.421
66782.609
67964.602
67368.421
74563.107
61440.0
67368.421
67964.602
69189.189
66782.609
66782.609
68571.429
67964.602
67368.421
68571.429
68571.429
67964.602
67964.602
68571.429
70458.716
66782.609
67964.602
69818.182
66206.897
67368.421
69189.189
66782.609
67964.602
67964.602
67964.602
68571.429
67368.421
67368.421
67964.602
66782.609
66782.609
66782.609
66206.897
66206.897
66206.897
66206.897
66782.609
66782.609
66782.609
67368.421
66782.609
67964.602
66782.609
66782.609
66782.609
66782.609
66206.897
66782.609
66206.897
66782.609
66206.897
66206.897
66206.897
65641.026
66206.897
65641.026
65641.026
65641.026
65641.026
65084.746
65641.026
65641.026
66206.897
65641.026
65641.026
66782.609
66782.609
66782.609
67368.421
66782.609
67964.602
67964.602
67964.602
69189.189
68571.429
68571.429
69189.189
69818.182
69189.189
68571.429
69818.182
68571.429
69189.189
69189.189
69189.189
69818.182
68571.429
69818.182
70458.716
68571.429
69818.182
71111.111
67964.602
69189.189
71111.111
67964.602
69189.189
71775.701
68571.429
69818.182
70458.716
118153.846
49870.13
69189.189
69818.182
69189.189
69189.189
69189.189
67964.602
68571.429
67964.602
68571.429
67368.421
67964.602
67368.421
66782.609
67368.421
66782.609
66782.609
66782.609
66782.609
66206.897
66206.897
66206.897
66206.897
66782.609
66206.897
66782.609
65641.026
66782.609
66206.897
65641.026
66206.897
66782.609
66782.609
67368.421
67368.421
67964.602
67964.602
68571.429
67964.602
69189.189
67964.602
68571.429
69818.182
68571.429
69189.189
69818.182
69818.182
69818.182
69818.182
69818.182
71111.111
69189.189
69189.189
69189.189
69189.189
69189.189
68571.429
69189.189
69189.189
69189.189
69189.189
69818.182
69818.182
69189.189
71111.111
69189.189
69818.182
70458.716
69818.182
69818.182
69818.182
69189.189
70458.716
69189.189
69818.182
69818.182
69189.189
69818.182
69818.182
69818.182
69818.182
69818.182
69189.189
69818.182
69818.182
69189.189
69818.182
69189.189
68571.429
69189.189
68571.429
68571.429
69189.189
69189.189
69189.189
69189.189
69189.189
69818.182
69189.189
69189.189
69189.189
68571.429
67964.602
68571.429
67368.421
67368.421
66782.609
67368.421
67368.421
67368.421
67368.421
67964.602
67368.421
67368.421
67368.421
67964.602
67964.602
67964.602
68571.429
67964.602
68571.429
68571.429
68571.429
68571.429
69189.189
69189.189
68571.429
69189.189
68571.429
68571.429
69189.189
67964.602
68571.429
68571.429
67964.602
68571.429
68571.429
68571.429
68571.429
68571.429
68571.429
67964.602
68571.429
67964.602
68571.429
67368.421
96000.0
52602.74
67964.602
67964.602
67368.421
67964.602
67964.602
67964.602
68571.429
67964.602
68571.429
68571.429
67964.602
67964.602
68571.429
68571.429
67964.602
67964.602
67964.602
67368.421
66782.609
96000.0
111304.348
40209.424
65641.026
66206.897
94814.815
51200.0
86292.135
53706.294
65641.026
66782.609
66782.609
66782.609
66782.609
66782.609
66782.609
66782.609
66782.609
66782.609
67368.421
67368.421
66782.609
66782.609
66782.609
66782.609
67368.421
66782.609
67368.421
67368.421
67964.602
67964.602
68571.429
67964.602
68571.429
68571.429
67964.602
68571.429
67964.602
68571.429
67964.602
67368.421
67964.602
67964.602
67368.421
68571.429
67368.421
68571.429
68571.429
67964.602
68571.429
67964.602
67368.421
67964.602
67368.421
67368.421
67368.421
67368.421
67964.602
67368.421
67368.421
66782.609
66782.609
67368.421
66782.609
65641.026
66782.609
66206.897
65641.026
66782.609
66206.897
67368.421
66782.609
66206.897
66782.609
66206.897
65641.026
66206.897
65641.026
65084.746
65641.026
65641.026
65084.746
65084.746
66206.897
65641.026
65641.026
66206.897
66782.609
66206.897
66782.609
66782.609
66206.897
76800.0
60000.0
66782.609
67368.421
66782.609
67368.421
67368.421
67368.421
67368.421
67368.421
67368.421
67368.421
67368.421
67964.602
67368.421
67368.421
67964.602
67964.602
68571.429
69189.189
68571.429
68571.429
68571.429
69189.189
69189.189
68571.429
69189.189
69189.189
69189.189
69818.182
69818.182
68571.429
69818.182
69818.182
69189.189
69189.189
68571.429
69189.189
68571.429
69189.189
68571.429
69189.189
67964.602
68571.429
67964.602
67964.602
67368.421
67368.421
66782.609
66782.609
66206.897
66782.609
66206.897
66782.609
65641.026
65641.026
65641.026
65641.026
65641.026
65641.026
65641.026
66206.897
66206.897
66206.897
66782.609
66206.897
66782.609
66206.897
66206.897
66782.609
66782.609
66206.897
66206.897
66206.897
66206.897
66206.897
66206.897
66206.897
66206.897
66782.609
66206.897
66782.609
66782.609
66782.609
65641.026
66782.609
66782.609
66206.897
66782.609
67368.421
67368.421
67368.421
67368.421
67964.602
67368.421
67964.602
67368.421
67964.602
67964.602
67964.602
68571.429
69189.189
68571.429
69189.189
69818.182
69189.189
94814.815
102400.0
44393.064
69189.189
69818.182
69818.182
69818.182
69818.182
70458.716
69818.182
69818.182
69818.182
69818.182
69189.189
69189.189
69189.189
68571.429
68571.429
68571.429
67964.602
67964.602
67964.602
67368.421
67964.602
67368.421
67368.421
80000.0
59076.923
66782.609
66206.897
66206.897
66206.897
66206.897
66206.897
66206.897
66782.609
66782.609
66782.609
66206.897
67368.421
66782.609
67368.421
66782.609
67368.421
66782.609
66782.609
66782.609
67368.421
66206.897
67368.421
66782.609
67368.421
66782.609
66782.609
66782.609
67368.421
66206.897
67368.421
67368.421
66782.609
67368.421
67368.421
67368.421
67368.421
67368.421
67368.421
67368.421
67368.421
67368.421
67368.421
67368.421
67368.421
67368.421
67964.602
67964.602
67964.602
69818.182
67368.421
68571.429
69189.189
68571.429
69189.189
69189.189
68571.429
69818.182
69189.189
69189.189
69189.189
68571.429
69189.189
68571.429
68571.429
67964.602
68571.429
67368.421
67964.602
67368.421
67368.421
68571.429
67368.421
66782.609
67368.421
66782.609
67368.421
66782.609
66206.897
65641.026
66206.897
66206.897
65641.026
65641.026
66206.897
66206.897
65641.026
65641.026
66206.897
65084.746
65641.026
65641.026
65641.026
66206.897
66206.897
66782.609
66782.609
66782.609
67368.421
98461.538
51200.0
66782.609
66782.609
67368.421
66206.897
66782.609
67368.421
66206.897
67368.421
67368.421
66782.609
67368.421
67368.421
67964.602
67368.421
66782.609
67368.421
66782.609
66782.609
67368.421
102400.0
50196.078
66782.609
67368.421
67368.421
67964.602
67368.421
67368.421
67368.421
67964.602
67368.421
67368.421
67964.602
67964.602
67964.602
67964.602
68571.429
67964.602
69189.189
67964.602
68571.429
68571.429
67964.602
68571.429
68571.429
67964.602
68571.429
67964.602
67368.421
67368.421
67368.421
66782.609
66782.609
65641.026
66206.897
65641.026
98461.538
50196.078
83478.261
53706.294
65084.746
65084.746
65084.746
64537.815
65084.746
64537.815
65084.746
64537.815
65641.026
65084.746
65084.746
65641.026
65641.026
66206.897
66206.897
66782.609
66782.609
66782.609
67368.421
66782.609
67368.421
67964.602
67368.421
67964.602
67964.602
67964.602
67368.421
67964.602
67368.421
67368.421
67368.421
67964.602
66782.609
67964.602
67368.421
67964.602
67964.602
67964.602
67964.602
68571.429
67964.602
67964.602
68571.429
67368.421
67964.602
67368.421
67368.421
67964.602
67368.421
67368.421
67964.602
66782.609
67368.421
67368.421
66782.609
67368.421
67368.421
66782.609
67368.421
66782.609
67368.421
67368.421
66206.897
66206.897
66206.897
66206.897
66206.897
65641.026
65641.026
65641.026
64537.815
64537.815
64537.815
64537.815
65641.026
64537.815
65641.026
65084.746
65084.746
65084.746
65084.746
65641.026
65641.026
65641.026
65641.026
66206.897
65641.026
65641.026
66206.897
66206.897
66206.897
66782.609
67368.421
67368.421
67368.421
67964.602
67964.602
67964.602
68571.429
67964.602
67964.602
67964.602
67964.602
67964.602
67368.421
67964.602
67964.602
69189.189
67964.602
68571.429
70458.716
67964.602
69818.182
68571.429
69818.182
68571.429
69189.189
68571.429
68571.429
67964.602
67964.602
67964.602
68571.429
67368.421
67964.602
67964.602
67368.421
67368.421
67368.421
66782.609
67964.602
66782.609
67368.421
67964.602
67368.421
67964.602
67368.421
66782.609
67368.421
66782.609
66782.609
66206.897
66206.897
65641.026
66206.897
66206.897
66206.897
80000.0
57313.433
65641.026
