98684.211
111111.111
94936.709
104895.105
100671.141
95541.401
100671.141
101351.351
102739.726
104166.667
103448.276
96153.846
96774.194
98039.216
99337.748
99337.748
100000.0
101351.351
102040.816
102739.726
103448.276
104166.667
104895.105
105633.803
97402.597
96774.194
98684.211
99337.748
100671.141
100671.141
102040.816
102739.726
102739.726
104895.105
105633.803
107142.857
107142.857
106382.979
90361.446
93167.702
96774.194
99337.748
100671.141
102739.726
99337.748
104895.105
100671.141
104895.105
104166.667
105633.803
105633.803
106382.979
105633.803
101351.351
100000.0
100671.141
100000.0
100671.141
101351.351
102739.726
103448.276
104895.105
95541.401
96774.194
98684.211
100671.141
101351.351
101351.351
102040.816
103448.276
104166.667
105633.803
106382.979
106382.979
99337.748
98684.211
100000.0
100671.141
101351.351
102040.816
102040.816
103448.276
103448.276
104166.667
104166.667
97402.597
97402.597
96153.846
99337.748
101351.351
98684.211
102739.726
102739.726
102739.726
104166.667
104166.667
96774.194
96153.846
97402.597
159574.468
73891.626
99337.748
102739.726
102739.726
104895.105
107142.857
100000.0
100000.0
101351.351
102040.816
102739.726
103448.276
104166.667
104895.105
105633.803
106382.979
107913.669
102040.816
100671.141
101351.351
102040.816
102739.726
104166.667
104166.667
105633.803
105633.803
102739.726
100671.141
100671.141
101351.351
100671.141
102040.816
103448.276
103448.276
105633.803
157894.737
77720.207
98039.216
101351.351
101351.351
102739.726
103448.276
102739.726
103448.276
103448.276
103448.276
104166.667
103448.276
104895.105
107142.857
107913.669
108695.652
97402.597
95541.401
98039.216
99337.748
100671.141
100671.141
101351.351
102040.816
103448.276
104895.105
103448.276
99337.748
98684.211
100671.141
100000.0
100671.141
102040.816
102739.726
104166.667
104895.105
105633.803
107142.857
97402.597
96774.194
99337.748
100671.141
101351.351
102739.726
102739.726
103448.276
105633.803
104895.105
106382.979
107913.669
98684.211
96774.194
98684.211
99337.748
100671.141
100671.141
102040.816
102040.816
102739.726
104166.667
104895.105
104895.105
107142.857
100671.141
96774.194
99337.748
100000.0
101351.351
101351.351
102739.726
103448.276
104166.667
105633.803
107142.857
107142.857
102739.726
88757.396
92024.54
104166.667
92024.54
100000.0
101351.351
102040.816
103448.276
103448.276
104166.667
104895.105
105633.803
105633.803
104895.105
105633.803
104895.105
106382.979
163043.478
76923.077
98039.216
101351.351
102040.816
102739.726
102739.726
102040.816
103448.276
102739.726
104166.667
103448.276
104166.667
104166.667
99337.748
100671.141
101351.351
93750.0
94936.709
96774.194
98039.216
154639.175
73891.626
99337.748
96774.194
96774.194
98039.216
99337.748
99337.748
100000.0
100000.0
101351.351
102040.816
105633.803
100671.141
108695.652
111940.299
113636.364
112781.955
112781.955
111940.299
111111.111
111940.299
111111.111
111940.299
111111.111
111111.111
111111.111
116279.07
107142.857
111111.111
111111.111
111111.111
111111.111
111940.299
111111.111
111940.299
111111.111
111940.299
111940.299
111940.299
111940.299
111111.111
111940.299
118110.236
106382.979
112781.955
111940.299
111940.299
112781.955
112781.955
111940.299
112781.955
111111.111
121951.22
105633.803
111940.299
122950.82
111111.111
104895.105
111940.299
112781.955
111940.299
111940.299
112781.955
112781.955
111940.299
111940.299
112781.955
112781.955
111940.299
111940.299
111940.299
111940.299
111940.299
111940.299
111940.299
111940.299
111940.299
111940.299
111940.299
112781.955
112781.955
111940.299
111940.299
111940.299
111940.299
111940.299
112781.955
111111.111
111940.299
111940.299
112781.955
112781.955
111940.299
111940.299
111940.299
112781.955
111940.299
111940.299
112781.955
111940.299
111940.299
117187.5
107913.669
112781.955
112781.955
111940.299
111940.299
112781.955
112781.955
113636.364
112781.955
112781.955
112781.955
112781.955
111940.299
112781.955
112781.955
112781.955
112781.955
112781.955
112781.955
112781.955
111940.299
112781.955
172413.793
86206.897
114503.817
107913.669
111111.111
111940.299
111940.299
112781.955
118110.236
107913.669
111111.111
126050.42
102739.726
118110.236
107913.669
111940.299
113636.364
119047.619
107913.669
113636.364
112781.955
113636.364
112781.955
113636.364
113636.364
112781.955
112781.955
112781.955
113636.364
112781.955
113636.364
112781.955
113636.364
113636.364
112781.955
112781.955
112781.955
112781.955
114503.817
112781.955
114503.817
113636.364
113636.364
114503.817
112781.955
114503.817
113636.364
112781.955
113636.364
112781.955
113636.364
111940.299
117187.5
107913.669
111940.299
111940.299
172413.793
85714.286
111940.299
113636.364
107913.669
111940.299
111940.299
111940.299
112781.955
112781.955
111940.299
112781.955
111940.299
111111.111
111940.299
111940.299
111940.299
111111.111
112781.955
112781.955
111940.299
111940.299
111940.299
112781.955
112781.955
111940.299
112781.955
112781.955
111111.111
111940.299
112781.955
112781.955
111940.299
112781.955
111940.299
112781.955
111940.299
112781.955
112781.955
111940.299
111940.299
111111.111
112781.955
111940.299
111940.299
111940.299
111111.111
111111.111
111940.299
111940.299
112781.955
112781.955
112781.955
111940.299
112781.955
112781.955
112781.955
111940.299
111940.299
111940.299
113636.364
112781.955
112781.955
111940.299
112781.955
112781.955
111940.299
111940.299
111940.299
112781.955
112781.955
112781.955
112781.955
111940.299
112781.955
112781.955
112781.955
112781.955
113636.364
112781.955
112781.955
112781.955
112781.955
111940.299
112781.955
111940.299
112781.955
111940.299
112781.955
112781.955
111940.299
112781.955
111940.299
111940.299
110294.118
114503.817
111940.299
112781.955
112781.955
112781.955
112781.955
111940.299
112781.955
112781.955
113636.364
113636.364
112781.955
112781.955
112781.955
113636.364
112781.955
111940.299
112781.955
112781.955
113636.364
112781.955
111940.299
113636.364
112781.955
113636.364
112781.955
112781.955
112781.955
112781.955
112781.955
112781.955
112781.955
113636.364
111940.299
112781.955
112781.955
112781.955
112781.955
112781.955
112781.955
113636.364
112781.955
112781.955
113636.364
112781.955
113636.364
111940.299
113636.364
111940.299
112781.955
111940.299
111940.299
111940.299
111111.111
111111.111
111111.111
111940.299
111111.111
111940.299
111111.111
111111.111
111940.299
111111.111
111111.111
111111.111
111940.299
111940.299
111111.111
111111.111
111940.299
111940.299
111940.299
111940.299
111940.299
111940.299
111940.299
112781.955
112781.955
111940.299
112781.955
112781.955
112781.955
111940.299
111940.299
112781.955
112781.955
112781.955
111940.299
111111.111
111940.299
111940.299
111940.299
112781.955
111940.299
111940.299
112781.955
112781.955
112781.955
112781.955
111940.299
156250.0
90361.446
110294.118
112781.955
111940.299
111940.299
111940.299
111940.299
111940.299
111940.299
112781.955
112781.955
111940.299
111940.299
111940.299
116279.07
108695.652
112781.955
113636.364
116279.07
108695.652
113636.364
110294.118
112781.955
111940.299
111940.299
111940.299
112781.955
111940.299
112781.955
111111.111
111940.299
127118.644
100671.141
117187.5
197368.421
81967.213
100671.141
111111.111
112781.955
111940.299
112781.955
111940.299
112781.955
112781.955
112781.955
111940.299
111940.299
111940.299
111940.299
112781.955
111940.299
111940.299
111940.299
111111.111
112781.955
111111.111
111940.299
111111.111
111940.299
118110.236
208333.333
202702.703
197368.421
200000.0
217391.304
230769.231
227272.727
230769.231
230769.231
223880.597
230769.231
227272.727
227272.727
223880.597
227272.727
223880.597
258620.69
200000.0
241935.484
208333.333
227272.727
227272.727
223880.597
250000.0
202702.703
197368.421
267857.143
220588.235
214285.714
223880.597
230769.231
217391.304
220588.235
223880.597
223880.597
220588.235
223880.597
223880.597
220588.235
220588.235
223880.597
220588.235
223880.597
220588.235
223880.597
234375.0
250000.0
189873.418
223880.597
220588.235
223880.597
220588.235
220588.235
220588.235
223880.597
220588.235
223880.597
220588.235
220588.235
220588.235
223880.597
217391.304
220588.235
217391.304
223880.597
217391.304
223880.597
220588.235
220588.235
214285.714
220588.235
200000.0
238095.238
217391.304
220588.235
217391.304
214285.714
220588.235
217391.304
214285.714
217391.304
217391.304
214285.714
214285.714
214285.714
217391.304
214285.714
211267.606
217391.304
217391.304
214285.714
211267.606
205479.452
227272.727
211267.606
214285.714
211267.606
208333.333
214285.714
211267.606
217391.304
211267.606
211267.606
208333.333
211267.606
214285.714
205479.452
214285.714
220588.235
192307.692
234375.0
197368.421
208333.333
205479.452
208333.333
197368.421
217391.304
208333.333
454545.455
69444.444
357142.857
211267.606
208333.333
202702.703
205479.452
205479.452
205479.452
159574.468
93750.0
384615.385
205479.452
202702.703
205479.452
214285.714
194805.195
205479.452
205479.452
200000.0
205479.452
202702.703
200000.0
205479.452
194805.195
200000.0
205479.452
200000.0
200000.0
205479.452
197368.421
205479.452
192307.692
200000.0
200000.0
202702.703
194805.195
200000.0
202702.703
194805.195
202702.703
294117.647
1103.185
10330.579
28142.589
30364.372
39062.5
46728.972
51020.408
60240.964
63829.787
67873.303
68181.818
71428.571
138888.889
51020.408
79365.079
80645.161
85714.286
37688.442
78947.368
81967.213
80213.904
79787.234
