150000.0
123966.942
148514.851
130434.783
147058.824
145631.068
145631.068
153061.224
137614.679
126050.42
140186.916
135135.135
154639.175
154639.175
136363.636
128205.128
153061.224
159574.468
156250.0
116279.07
132743.363
144230.769
127118.644
153061.224
156250.0
142857.143
133928.571
157894.737
133928.571
141509.434
147058.824
140186.916
138888.889
161290.323
150000.0
147058.824
166666.667
122950.82
138888.889
147058.824
168539.326
128205.128
136363.636
136363.636
144230.769
153061.224
142857.143
153061.224
151515.152
136363.636
154639.175
136363.636
161290.323
144230.769
157894.737
154639.175
157894.737
153061.224
95541.401
245901.639
194805.195
312500.0
288461.538
319148.936
245901.639
91463.415
306122.449
570.603
937500.0
12975.779
8324.084
53763.441
45592.705
46439.628
8143.322
59055.118
49019.608
205479.452
46153.846
86705.202
217391.304
63559.322
57915.058
53956.835
54545.455
53956.835
52816.901
55350.554
79365.079
140186.916
326086.957
549.269
1000000.0
5415.162
5321.036
19108.28
82872.928
8566.533
26595.745
71770.335
25167.785
32608.696
37128.713
29411.765
44642.857
34562.212
37783.375
32051.282
32751.092
52083.333
24154.589
36496.35
30800.821
28355.388
23622.047
9855.453
326086.957
