85714.286
43352.601
43352.601
56179.775
67873.303
77720.207
82872.928
51546.392
43988.27
44776.119
78947.368
63559.322
59760.956
66371.681
96153.846
45317.221
68181.818
68493.151
79787.234
44378.698
44642.857
57915.058
45454.545
56603.774
64935.065
81967.213
75000.0
45045.045
70754.717
49019.608
45317.221
48387.097
45871.56
46012.27
46012.27
46012.27
60728.745
200000.0
50675.676
46583.851
46296.296
46583.851
46153.846
48859.935
46439.628
46012.27
46728.972
46439.628
47169.811
46153.846
47021.944
46875.0
46583.851
46728.972
46439.628
46583.851
46583.851
46583.851
46583.851
106382.979
42857.143
46296.296
46439.628
46583.851
46583.851
46439.628
46728.972
46728.972
46875.0
46875.0
46728.972
46728.972
46875.0
46875.0
46728.972
46875.0
47021.944
46875.0
46875.0
46875.0
46875.0
46583.851
46728.972
46296.296
47021.944
46875.0
46439.628
46583.851
101351.351
42372.881
46153.846
46439.628
46583.851
46439.628
46296.296
46583.851
46583.851
46296.296
46296.296
46296.296
46583.851
46012.27
46583.851
46439.628
46439.628
46583.851
54945.055
43227.666
46296.296
46012.27
47169.811
46296.296
46439.628
46728.972
46728.972
47021.944
46728.972
47021.944
47021.944
47021.944
47021.944
163043.478
46583.851
46583.851
46439.628
46583.851
46583.851
46439.628
46439.628
45731.707
45871.56
45871.56
45871.56
45731.707
45045.045
45731.707
46296.296
45731.707
45731.707
44776.119
156250.0
46012.27
44117.647
43859.649
44117.647
43859.649
43478.261
43604.651
42613.636
43227.666
151515.152
151515.152
40540.541
41782.73
41782.73
133928.571
41551.247
40871.935
144230.769
163043.478
39893.617
39893.617
150000.0
39893.617
39370.079
39267.016
41095.89
156250.0
37037.037
38961.039
38265.306
39062.5
157894.737
35885.167
38265.306
37688.442
153061.224
164835.165
35799.523
37313.433
36319.613
157894.737
35799.523
36496.35
36057.692
168539.326
32327.586
44117.647
168539.326
37974.684
34802.784
36057.692
37037.037
151515.152
74257.426
86206.897
176470.588
84745.763
60975.61
85227.273
163043.478
81081.081
88235.294
87719.298
132743.363
31185.031
357142.857
