56179.775
54347.826
54744.526
57471.264
57251.908
56818.182
57034.221
57034.221
54545.455
56390.977
57251.908
56390.977
54744.526
56818.182
57692.308
53191.489
55970.149
56603.774
54945.055
54347.826
56179.775
55555.556
54151.625
56603.774
55555.556
55350.554
53956.835
55147.059
53191.489
54744.526
54744.526
54744.526
54744.526
55762.082
56818.182
54545.455
56603.774
57251.908
57471.264
55762.082
57251.908
55970.149
53956.835
55147.059
55762.082
55147.059
55555.556
57034.221
55762.082
56818.182
58593.75
56818.182
57251.908
56818.182
56390.977
57471.264
56603.774
55350.554
57251.908
57915.058
56390.977
58139.535
58365.759
55555.556
57034.221
57471.264
56390.977
56603.774
55970.149
56603.774
56818.182
56179.775
58139.535
58823.529
57034.221
57692.308
57692.308
55762.082
57692.308
57034.221
55970.149
55970.149
57034.221
57034.221
57251.908
58365.759
56603.774
56390.977
56603.774
57251.908
55350.554
55147.059
55970.149
56603.774
57251.908
54945.055
57471.264
56603.774
55350.554
55762.082
56603.774
57034.221
55147.059
56603.774
56603.774
57034.221
56818.182
57471.264
56179.775
55350.554
56818.182
54945.055
57471.264
57251.908
56818.182
59055.118
58365.759
58823.529
57915.058
59760.956
59055.118
58593.75
60000.0
57471.264
59288.538
58365.759
55350.554
55970.149
57034.221
56818.182
54744.526
57471.264
55147.059
53763.441
57471.264
56179.775
55147.059
57915.058
58593.75
55970.149
59055.118
59523.81
57471.264
54744.526
57471.264
56818.182
55970.149
55147.059
54151.625
54945.055
56179.775
53191.489
57471.264
55350.554
54744.526
55970.149
58139.535
57692.308
55147.059
58139.535
54744.526
57034.221
56603.774
54744.526
55762.082
55350.554
55970.149
54744.526
56818.182
56179.775
57251.908
58365.759
57034.221
56818.182
57471.264
58139.535
56390.977
58823.529
58823.529
56818.182
60483.871
57692.308
57471.264
60240.964
60000.0
58139.535
59288.538
60975.61
58365.759
58139.535
60240.964
58823.529
59288.538
59055.118
57471.264
59055.118
58593.75
57915.058
58139.535
60240.964
58139.535
56818.182
272727.273
3000000.0
203.569
