58625.954
60000.0
61935.484
59076.923
59534.884
60472.441
59534.884
108169.014
46265.06
90352.941
44651.163
56888.889
59076.923
58625.954
59534.884
60000.0
60472.441
57313.433
59534.884
60472.441
58625.954
59076.923
60000.0
61440.0
55652.174
60000.0
60472.441
59076.923
58181.818
59076.923
61440.0
59076.923
59534.884
60472.441
59534.884
59534.884
59076.923
59534.884
58625.954
59076.923
58625.954
57313.433
59076.923
59076.923
58181.818
57313.433
60000.0
60000.0
58625.954
58625.954
60000.0
58625.954
58181.818
60000.0
60000.0
59076.923
58181.818
60000.0
61440.0
58625.954
59076.923
59534.884
60472.441
60000.0
58181.818
60000.0
58625.954
60000.0
57744.361
58181.818
60000.0
59534.884
59076.923
59534.884
60952.381
58181.818
58625.954
58625.954
59534.884
111304.348
46265.06
58625.954
57744.361
57744.361
58181.818
57744.361
59076.923
58625.954
58625.954
58181.818
60472.441
58625.954
57744.361
59076.923
59534.884
58181.818
57313.433
59076.923
57744.361
57744.361
58181.818
58181.818
58625.954
57744.361
57744.361
57313.433
59534.884
58625.954
58181.818
59076.923
59534.884
59534.884
57313.433
58181.818
59076.923
57744.361
57744.361
59076.923
60000.0
57313.433
59076.923
59534.884
59076.923
58181.818
57313.433
58181.818
59076.923
58625.954
58181.818
59534.884
59534.884
57744.361
58625.954
59076.923
57744.361
57744.361
58625.954
58181.818
59076.923
58625.954
59534.884
59534.884
59076.923
60000.0
57313.433
57744.361
59534.884
58625.954
59534.884
59076.923
60472.441
58181.818
59076.923
60000.0
60000.0
57744.361
58181.818
60952.381
58181.818
59076.923
58625.954
59076.923
58625.954
57744.361
60472.441
59076.923
59534.884
58181.818
59534.884
59076.923
59076.923
59076.923
56888.889
60000.0
59534.884
57313.433
56470.588
58181.818
59076.923
57744.361
59534.884
59076.923
58181.818
57313.433
58625.954
60952.381
57744.361
58625.954
59534.884
59534.884
58625.954
57744.361
59076.923
57744.361
60472.441
57744.361
59534.884
60000.0
58625.954
57313.433
59534.884
60000.0
57744.361
58625.954
58625.954
60000.0
59534.884
58625.954
58181.818
58625.954
59534.884
58625.954
58625.954
59534.884
59534.884
58625.954
58625.954
59534.884
57313.433
57313.433
58181.818
59534.884
59076.923
57744.361
59076.923
58181.818
60000.0
58181.818
60000.0
59534.884
59076.923
58625.954
58625.954
60000.0
57744.361
57744.361
58181.818
59534.884
58625.954
58181.818
59076.923
59076.923
58181.818
57744.361
59534.884
59076.923
57744.361
58625.954
60000.0
59076.923
57744.361
58625.954
58625.954
58181.818
58625.954
58625.954
59534.884
59076.923
60000.0
58181.818
59534.884
58625.954
58625.954
59534.884
59076.923
59076.923
57744.361
59076.923
57313.433
58625.954
59076.923
57313.433
59076.923
59076.923
60000.0
58181.818
58625.954
60472.441
57313.433
59534.884
59076.923
60000.0
57313.433
57313.433
60472.441
57313.433
57313.433
59076.923
60472.441
59076.923
59534.884
60472.441
57744.361
59534.884
58625.954
59076.923
60000.0
59534.884
58181.818
57744.361
60472.441
57313.433
57313.433
58625.954
59534.884
58625.954
59076.923
60472.441
58181.818
59076.923
59076.923
58625.954
59076.923
58625.954
58625.954
57313.433
59534.884
59534.884
58181.818
58181.818
58181.818
59076.923
57744.361
59534.884
60000.0
60472.441
59076.923
58625.954
60952.381
58181.818
57744.361
58625.954
61935.484
58181.818
57744.361
59534.884
59076.923
58625.954
58625.954
60472.441
58181.818
59076.923
59076.923
59534.884
58625.954
58181.818
60000.0
58181.818
59534.884
60000.0
57744.361
58625.954
60000.0
60000.0
57744.361
59534.884
60000.0
58181.818
58181.818
58625.954
60952.381
57744.361
59076.923
60952.381
59076.923
59534.884
59076.923
59076.923
58625.954
59534.884
59534.884
58181.818
59534.884
60472.441
59534.884
59534.884
96000.0
44137.931
54857.143
59534.884
60952.381
60000.0
58625.954
60000.0
59076.923
58625.954
59534.884
59534.884
59534.884
59076.923
59534.884
59534.884
60000.0
60000.0
56888.889
58625.954
58625.954
59534.884
59534.884
58181.818
59534.884
59076.923
59534.884
59076.923
60000.0
59076.923
58625.954
59534.884
60000.0
60000.0
59534.884
60000.0
60000.0
59534.884
58625.954
58625.954
60000.0
59076.923
59076.923
58625.954
60000.0
59076.923
59076.923
60000.0
59076.923
58181.818
58181.818
60472.441
60000.0
59076.923
59076.923
58181.818
60472.441
60000.0
59076.923
59076.923
60472.441
60000.0
59076.923
59534.884
81702.128
46545.455
54857.143
58181.818
59534.884
58625.954
58625.954
58181.818
60472.441
60472.441
59076.923
58625.954
60472.441
59534.884
57744.361
60472.441
60000.0
58625.954
59076.923
59534.884
59076.923
58625.954
59534.884
59534.884
59076.923
59534.884
59076.923
59076.923
59534.884
60472.441
58181.818
59534.884
60000.0
60000.0
58625.954
59076.923
61440.0
59076.923
57313.433
59534.884
61440.0
60000.0
59534.884
60472.441
59076.923
60000.0
59534.884
59076.923
60952.381
60000.0
59534.884
60000.0
61440.0
59534.884
57744.361
60952.381
109714.286
81702.128
80842.105
66206.897
69818.182
54084.507
63471.074
72452.83
97215.19
99740.26
56058.394
73142.857
52965.517
76800.0
83478.261
67964.602
74563.107
82580.645
73846.154
88275.862
65641.026
62950.82
85333.333
88275.862
78367.347
86292.135
88275.862
89302.326
88275.862
84395.604
91428.571
98461.538
53706.294
78367.347
101052.632
73846.154
60952.381
63471.074
93658.537
65641.026
97215.19
79175.258
65641.026
91428.571
88275.862
81702.128
88275.862
91428.571
58625.954
66782.609
75294.118
87272.727
101052.632
59534.884
59076.923
64000.0
65641.026
62950.82
60472.441
64537.815
68571.429
96000.0
79175.258
82580.645
71111.111
60952.381
73846.154
76039.604
64000.0
64000.0
65641.026
64000.0
65641.026
63471.074
67368.421
64537.815
66206.897
62439.024
66206.897
94814.815
71775.701
67964.602
61440.0
67964.602
62950.82
74563.107
35720.93
45443.787
54084.507
55652.174
55251.799
56470.588
83478.261
39384.615
56470.588
66206.897
47407.407
52965.517
60000.0
51543.624
52965.517
56058.394
59076.923
56058.394
57744.361
58181.818
60000.0
57313.433
97215.19
67964.602
61935.484
59534.884
98461.538
97215.19
81702.128
86292.135
61935.484
81702.128
55251.799
64537.815
87272.727
69189.189
62439.024
67964.602
64537.815
67964.602
65084.746
62950.82
65084.746
64000.0
75294.118
97215.19
55652.174
84395.604
56058.394
72452.83
56888.889
77575.758
66206.897
50860.927
73142.857
65084.746
63471.074
71775.701
83478.261
92530.12
54857.143
85333.333
102400.0
108169.014
91428.571
98461.538
101052.632
87272.727
101052.632
60000.0
64000.0
94814.815
75294.118
80842.105
105205.479
106666.667
77575.758
44651.163
60000.0
71111.111
66782.609
89302.326
65641.026
87272.727
76039.604
46545.455
60952.381
76039.604
103783.784
58181.818
66782.609
65641.026
60952.381
62950.82
71111.111
33537.118
52602.74
53333.333
55652.174
79175.258
44393.064
53706.294
55251.799
56470.588
54084.507
54857.143
52965.517
106666.667
36571.429
89302.326
38984.772
56058.394
56058.394
55652.174
56470.588
57744.361
54468.085
53706.294
34594.595
96000.0
47116.564
99740.26
54468.085
103783.784
49548.387
98461.538
52244.898
102400.0
49230.769
101052.632
49548.387
103783.784
49870.13
102400.0
48607.595
102400.0
52244.898
102400.0
48607.595
103783.784
48607.595
105205.479
48917.197
103783.784
49230.769
102400.0
48917.197
101052.632
48000.0
102400.0
47407.407
101052.632
46265.06
103783.784
47116.564
101052.632
46829.268
103783.784
47116.564
56058.394
106666.667
46829.268
94814.815
48917.197
56470.588
57313.433
108169.014
47116.564
96000.0
48000.0
102400.0
53706.294
102400.0
47116.564
99740.26
49548.387
103783.784
48000.0
102400.0
47407.407
98461.538
47701.863
101052.632
48000.0
102400.0
46829.268
99740.26
48000.0
102400.0
48000.0
98461.538
49870.13
102400.0
49230.769
102400.0
48917.197
99740.26
49870.13
101052.632
49230.769
101052.632
50526.316
103783.784
48301.887
99740.26
52244.898
102400.0
49548.387
98461.538
54084.507
103783.784
49870.13
101052.632
49230.769
101052.632
49230.769
99740.26
48607.595
101052.632
50196.078
102400.0
48917.197
98461.538
49870.13
103783.784
48917.197
98461.538
48917.197
102400.0
49230.769
99740.26
49870.13
101052.632
49548.387
99740.26
51200.0
105205.479
48917.197
101052.632
48607.595
99740.26
48000.0
101052.632
46829.268
97215.19
46545.455
102400.0
47116.564
99740.26
47407.407
101052.632
48000.0
97215.19
47407.407
101052.632
48301.887
99740.26
47116.564
98461.538
49230.769
101052.632
48000.0
98461.538
53333.333
102400.0
48607.595
94814.815
54857.143
102400.0
49548.387
96000.0
49870.13
101052.632
49548.387
99740.26
48000.0
97215.19
50526.316
99740.26
46265.06
97215.19
48301.887
101052.632
46829.268
97215.19
46829.268
99740.26
47701.863
98461.538
47407.407
99740.26
47116.564
99740.26
46829.268
99740.26
48607.595
98461.538
47407.407
97215.19
51891.892
101052.632
47407.407
98461.538
48607.595
97215.19
47701.863
97215.19
48607.595
99740.26
47407.407
98461.538
47407.407
102400.0
47407.407
99740.26
47407.407
99740.26
48000.0
99740.26
47116.564
98461.538
48607.595
98461.538
47701.863
98461.538
48301.887
99740.26
46265.06
98461.538
47407.407
101052.632
46265.06
98461.538
46829.268
98461.538
52965.517
97215.19
46545.455
99740.26
47701.863
97215.19
47701.863
96000.0
50860.927
96000.0
49870.13
97215.19
56470.588
99740.26
52602.74
96000.0
55251.799
91428.571
57313.433
97215.19
56058.394
87272.727
58181.818
82580.645
55652.174
89302.326
56888.889
89302.326
56470.588
91428.571
56470.588
90352.941
57313.433
87272.727
54857.143
94814.815
54084.507
96000.0
52244.898
98461.538
54084.507
101052.632
51543.624
102400.0
52965.517
101052.632
53333.333
98461.538
53333.333
102400.0
52244.898
98461.538
53706.294
101052.632
53706.294
99740.26
51200.0
101052.632
51543.624
101052.632
52965.517
99740.26
52244.898
102400.0
52965.517
102400.0
51200.0
99740.26
52965.517
98461.538
51543.624
101052.632
52244.898
105205.479
50860.927
99740.26
51891.892
101052.632
52965.517
98461.538
52602.74
102400.0
51891.892
99740.26
50860.927
97215.19
52965.517
101052.632
50196.078
99740.26
50526.316
103783.784
50196.078
98461.538
50196.078
102400.0
51200.0
99740.26
50196.078
103783.784
51891.892
102400.0
50526.316
101052.632
50860.927
103783.784
49548.387
98461.538
51891.892
103783.784
50860.927
98461.538
49548.387
102400.0
49870.13
102400.0
48301.887
99740.26
48917.197
103783.784
48607.595
103783.784
47701.863
102400.0
48000.0
99740.26
48301.887
101052.632
50196.078
99740.26
47701.863
101052.632
49230.769
103783.784
47116.564
101052.632
49870.13
101052.632
48301.887
101052.632
49870.13
102400.0
48301.887
59076.923
111304.348
47701.863
58625.954
55652.174
58181.818
58625.954
56470.588
56058.394
61935.484
111304.348
46265.06
58181.818
58181.818
57313.433
58181.818
60952.381
109714.286
82580.645
81702.128
53706.294
89302.326
91428.571
102400.0
93658.537
83478.261
81702.128
76800.0
80842.105
69189.189
82580.645
71775.701
73846.154
69818.182
65084.746
67368.421
51891.892
62950.82
60952.381
59534.884
86292.135
60472.441
63471.074
41069.519
52244.898
60000.0
69189.189
68571.429
56470.588
68571.429
59534.884
80842.105
69189.189
68571.429
60952.381
80842.105
94814.815
62439.024
79175.258
85333.333
54857.143
46829.268
72452.83
77575.758
101052.632
105205.479
102400.0
66206.897
69818.182
87272.727
88275.862
53706.294
93658.537
98461.538
81702.128
86292.135
91428.571
60000.0
77575.758
84395.604
58625.954
69818.182
60472.441
67368.421
58181.818
63471.074
61440.0
77575.758
58625.954
71775.701
59534.884
71111.111
58625.954
64000.0
58181.818
79175.258
60472.441
72452.83
50196.078
60000.0
68571.429
60952.381
70458.716
61935.484
67964.602
59534.884
69818.182
56058.394
76800.0
61935.484
65641.026
66782.609
63471.074
67368.421
61440.0
69818.182
63471.074
66782.609
62950.82
69818.182
64000.0
67964.602
61935.484
61440.0
69189.189
69189.189
60952.381
60000.0
71111.111
65641.026
67368.421
43636.364
54084.507
55251.799
53706.294
54468.085
58625.954
60000.0
56470.588
56058.394
58181.818
57313.433
56058.394
58181.818
57744.361
58181.818
57313.433
58625.954
56058.394
55652.174
57744.361
58181.818
59534.884
109714.286
47407.407
54468.085
112941.176
48607.595
33684.211
98461.538
48301.887
99740.26
47701.863
99740.26
50526.316
102400.0
47701.863
101052.632
49870.13
105205.479
46829.268
102400.0
48000.0
106666.667
46829.268
97215.19
83478.261
44137.931
36056.338
82580.645
47701.863
98461.538
48000.0
101052.632
49230.769
103783.784
48000.0
99740.26
48917.197
103783.784
49230.769
103783.784
47407.407
105205.479
48607.595
101052.632
52602.74
102400.0
48917.197
99740.26
49870.13
102400.0
49548.387
103783.784
50526.316
101052.632
50196.078
99740.26
51543.624
58181.818
108169.014
49870.13
60472.441
109714.286
49230.769
59076.923
111304.348
48607.595
57313.433
108169.014
48917.197
56058.394
108169.014
46545.455
56888.889
109714.286
46829.268
54857.143
108169.014
47407.407
56888.889
105205.479
45988.024
57313.433
108169.014
45714.286
96000.0
49548.387
101052.632
46545.455
101052.632
48301.887
56470.588
108169.014
47116.564
58625.954
108169.014
48301.887
58625.954
103783.784
48301.887
96000.0
50196.078
57744.361
111304.348
48607.595
58181.818
108169.014
48917.197
59076.923
108169.014
48301.887
57744.361
60472.441
103783.784
46829.268
55652.174
108169.014
47407.407
55251.799
106666.667
47701.863
54857.143
106666.667
46829.268
55652.174
108169.014
45988.024
57313.433
108169.014
47407.407
56888.889
105205.479
46265.06
55652.174
108169.014
45988.024
52602.74
108169.014
45714.286
51891.892
53333.333
108169.014
45176.471
52602.74
56058.394
108169.014
45176.471
53706.294
106666.667
45443.787
55652.174
54857.143
55251.799
54084.507
55251.799
54857.143
108169.014
45988.024
51891.892
53706.294
106666.667
46265.06
52602.74
54084.507
108169.014
45176.471
54084.507
54857.143
108169.014
45988.024
54084.507
108169.014
45443.787
53706.294
105205.479
44912.281
53706.294
103783.784
44651.163
91428.571
48301.887
99740.26
46545.455
101052.632
46545.455
98461.538
47116.564
94814.815
48607.595
101052.632
46829.268
96000.0
47701.863
103783.784
47116.564
98461.538
49230.769
101052.632
47116.564
103783.784
46545.455
103783.784
45714.286
98461.538
46829.268
99740.26
47407.407
102400.0
47116.564
94814.815
48917.197
102400.0
46829.268
96000.0
50196.078
103783.784
48000.0
99740.26
46829.268
98461.538
48000.0
102400.0
48301.887
102400.0
48301.887
101052.632
47407.407
102400.0
48000.0
102400.0
47407.407
102400.0
47701.863
102400.0
48607.595
101052.632
47116.564
101052.632
48301.887
102400.0
45988.024
98461.538
47116.564
101052.632
50196.078
102400.0
47701.863
99740.26
49870.13
102400.0
47407.407
102400.0
50526.316
99740.26
47701.863
101052.632
48607.595
101052.632
48000.0
102400.0
50860.927
102400.0
48000.0
102400.0
48301.887
102400.0
48000.0
102400.0
48607.595
102400.0
48000.0
101052.632
48301.887
101052.632
49548.387
101052.632
48000.0
101052.632
49870.13
99740.26
48917.197
101052.632
49870.13
102400.0
48301.887
102400.0
49548.387
103783.784
47701.863
97215.19
49548.387
102400.0
48000.0
99740.26
47701.863
102400.0
48917.197
101052.632
47116.564
101052.632
48000.0
102400.0
47407.407
102400.0
49548.387
101052.632
48301.887
99740.26
50196.078
102400.0
47407.407
99740.26
49230.769
103783.784
48000.0
98461.538
49230.769
101052.632
48607.595
99740.26
48000.0
105205.479
47701.863
101052.632
49548.387
101052.632
48917.197
101052.632
47407.407
101052.632
48301.887
103783.784
47701.863
99740.26
47116.564
97215.19
46545.455
56888.889
57313.433
55652.174
56888.889
56888.889
56888.889
56058.394
56058.394
56058.394
56058.394
56470.588
56058.394
55251.799
55652.174
56888.889
58625.954
56888.889
56470.588
54468.085
56470.588
56470.588
59534.884
55251.799
56058.394
56888.889
56058.394
56058.394
55251.799
56470.588
56470.588
56058.394
54857.143
55652.174
55652.174
55251.799
55251.799
57313.433
55652.174
54857.143
58181.818
55652.174
54468.085
58625.954
56058.394
54857.143
58625.954
54468.085
55251.799
106666.667
79175.258
33391.304
90352.941
35887.85
59076.923
58181.818
59534.884
58181.818
57313.433
57744.361
59534.884
57744.361
56470.588
57744.361
56058.394
55652.174
56470.588
60952.381
56058.394
54084.507
55652.174
56888.889
54857.143
55652.174
54857.143
56470.588
55251.799
55251.799
55652.174
56470.588
106666.667
44393.064
54084.507
55251.799
55652.174
53706.294
55652.174
55652.174
54084.507
54857.143
58625.954
54857.143
57313.433
56888.889
58181.818
53706.294
58181.818
58625.954
56470.588
56888.889
54084.507
57744.361
58181.818
52965.517
58181.818
55251.799
58625.954
56058.394
54857.143
55251.799
58181.818
55251.799
54084.507
59076.923
55251.799
54468.085
58625.954
56888.889
54084.507
55652.174
57744.361
55652.174
54084.507
55652.174
58625.954
56058.394
54857.143
59534.884
56888.889
54857.143
59534.884
56470.588
55652.174
54084.507
56058.394
57313.433
54857.143
106666.667
44912.281
88275.862
40421.053
56470.588
53706.294
56058.394
56470.588
57313.433
54857.143
55652.174
54468.085
54468.085
56058.394
57313.433
54857.143
55652.174
54468.085
108169.014
45988.024
54084.507
56058.394
57744.361
56470.588
56058.394
56470.588
55652.174
54857.143
55652.174
58181.818
55251.799
58181.818
54084.507
56058.394
54468.085
55652.174
55652.174
54468.085
55251.799
56058.394
55251.799
56470.588
55251.799
54857.143
57313.433
56888.889
55251.799
56470.588
56058.394
56470.588
55251.799
56470.588
55652.174
56058.394
55251.799
61440.0
55251.799
54468.085
54468.085
54857.143
56058.394
55251.799
55251.799
55251.799
55251.799
54468.085
54857.143
55251.799
55652.174
53333.333
54857.143
59534.884
53706.294
54857.143
58181.818
54468.085
52965.517
57313.433
54468.085
53706.294
55652.174
54468.085
54084.507
54468.085
54857.143
54468.085
57313.433
53706.294
53333.333
53706.294
57744.361
52965.517
54084.507
58625.954
54084.507
52602.74
55251.799
54468.085
52965.517
56470.588
55251.799
53706.294
57313.433
54468.085
54468.085
56888.889
55652.174
54084.507
53706.294
56888.889
53706.294
54468.085
54468.085
54468.085
54084.507
54857.143
55652.174
54084.507
57744.361
54084.507
57744.361
57313.433
56888.889
57744.361
53706.294
55652.174
57744.361
57313.433
52602.74
55652.174
56888.889
53333.333
52965.517
57313.433
54084.507
52965.517
53706.294
54857.143
52965.517
53706.294
54857.143
55251.799
56470.588
54468.085
60472.441
54084.507
53706.294
51543.624
56470.588
53706.294
54857.143
53333.333
58181.818
54468.085
54084.507
54084.507
58181.818
53706.294
52602.74
55251.799
54857.143
52965.517
54084.507
55251.799
54084.507
54084.507
54468.085
53706.294
54084.507
