56888.889
125901.639
54468.085
52965.517
54857.143
128000.0
55652.174
54084.507
53706.294
125901.639
56470.588
96000.0
52965.517
99740.26
53706.294
54084.507
120000.0
52965.517
102400.0
52602.74
52244.898
52602.74
125901.639
56058.394
52965.517
52602.74
58181.818
59076.923
56470.588
55652.174
58181.818
59076.923
56470.588
56470.588
59534.884
58625.954
56888.889
56888.889
125901.639
57313.433
55251.799
54468.085
57744.361
60952.381
59076.923
57313.433
58625.954
59534.884
57744.361
56888.889
58625.954
58625.954
120000.0
54468.085
54084.507
56470.588
123870.968
54468.085
53706.294
56058.394
125901.639
54857.143
54084.507
56470.588
123870.968
54857.143
93658.537
54084.507
102400.0
54468.085
53333.333
121904.762
56058.394
54857.143
52965.517
120000.0
54857.143
54468.085
120000.0
49230.769
53706.294
128000.0
56888.889
53333.333
54857.143
125901.639
57744.361
55652.174
54468.085
123870.968
56888.889
56058.394
53706.294
121904.762
56058.394
55251.799
54468.085
118153.846
55251.799
99740.26
53706.294
53706.294
54084.507
59076.923
123870.968
54084.507
98461.538
71775.701
52244.898
53706.294
54084.507
58625.954
58181.818
123870.968
52965.517
54468.085
55251.799
123870.968
52965.517
54468.085
57313.433
57313.433
57744.361
121904.762
56888.889
56058.394
53333.333
118153.846
54084.507
54468.085
53333.333
118153.846
54468.085
106666.667
53333.333
118153.846
54084.507
93658.537
54084.507
53706.294
54084.507
58181.818
57744.361
56058.394
55652.174
58181.818
56470.588
54857.143
56058.394
58625.954
56470.588
55251.799
121904.762
55251.799
54468.085
53333.333
120000.0
56058.394
55251.799
55251.799
120000.0
56888.889
58625.954
56470.588
121904.762
55652.174
99740.26
55251.799
120000.0
52965.517
101052.632
51891.892
123870.968
53706.294
98461.538
49230.769
123870.968
54468.085
51200.0
51891.892
56470.588
56888.889
56888.889
58181.818
58625.954
57313.433
56470.588
58625.954
60472.441
57744.361
120000.0
54468.085
106666.667
54857.143
54084.507
54084.507
58181.818
125901.639
55652.174
52965.517
54468.085
128000.0
54084.507
101052.632
50196.078
121904.762
54084.507
52965.517
52244.898
123870.968
53333.333
52965.517
52244.898
121904.762
54084.507
52602.74
53333.333
121904.762
55652.174
54468.085
53706.294
121904.762
56888.889
55652.174
54857.143
123870.968
56888.889
56470.588
55652.174
120000.0
55652.174
57744.361
55652.174
121904.762
55251.799
56470.588
56888.889
123870.968
53333.333
54468.085
56058.394
125901.639
54084.507
54857.143
57313.433
125901.639
56058.394
54084.507
56888.889
128000.0
56470.588
53333.333
55652.174
128000.0
56058.394
53333.333
54468.085
128000.0
56888.889
54084.507
54084.507
56470.588
57744.361
118153.846
54084.507
55251.799
56058.394
123870.968
55652.174
56058.394
57744.361
125901.639
56470.588
55251.799
57313.433
125901.639
56058.394
54468.085
55251.799
125901.639
54468.085
53333.333
55251.799
125901.639
55652.174
53333.333
55652.174
125901.639
56058.394
54468.085
55652.174
59534.884
59076.923
121904.762
54857.143
54857.143
54857.143
123870.968
53706.294
54084.507
54084.507
125901.639
53333.333
53333.333
56470.588
56470.588
56470.588
123870.968
57313.433
55251.799
53706.294
123870.968
55652.174
54468.085
53706.294
120000.0
54084.507
108169.014
52965.517
52244.898
53333.333
56058.394
55652.174
55251.799
57313.433
59076.923
58181.818
56888.889
59534.884
60952.381
59076.923
58625.954
60000.0
61440.0
58625.954
56888.889
59076.923
60472.441
57744.361
56888.889
58625.954
59534.884
58625.954
56470.588
58181.818
128000.0
57313.433
54468.085
55652.174
128000.0
57744.361
55652.174
54857.143
121904.762
57744.361
54857.143
53706.294
123870.968
56888.889
55251.799
54468.085
120000.0
57744.361
56888.889
54857.143
120000.0
56058.394
56888.889
54468.085
120000.0
54857.143
56058.394
56058.394
118153.846
54084.507
56058.394
57313.433
121904.762
54857.143
55652.174
56888.889
123870.968
55251.799
54468.085
57313.433
123870.968
56058.394
55251.799
56058.394
128000.0
56058.394
54084.507
55251.799
123870.968
54857.143
53706.294
54857.143
128000.0
56058.394
54857.143
55251.799
123870.968
56470.588
54468.085
54468.085
123870.968
55652.174
53706.294
53333.333
123870.968
56470.588
53706.294
53333.333
121904.762
56058.394
54857.143
54084.507
121904.762
56058.394
56058.394
54468.085
121904.762
56058.394
102400.0
54857.143
54084.507
54468.085
58181.818
128000.0
54857.143
53333.333
56058.394
56888.889
56470.588
56888.889
59534.884
61440.0
59076.923
58625.954
60952.381
61440.0
58181.818
57313.433
60000.0
60000.0
57744.361
57744.361
60000.0
60472.441
57744.361
56470.588
59534.884
60472.441
58181.818
57313.433
60000.0
60000.0
56058.394
56470.588
58181.818
58181.818
55251.799
55652.174
57744.361
57744.361
65084.746
51200.0
57313.433
58625.954
56470.588
58181.818
60472.441
59076.923
56888.889
58625.954
60000.0
59076.923
56888.889
57744.361
59076.923
125901.639
54468.085
53706.294
56470.588
56888.889
58181.818
60000.0
61935.484
60472.441
58181.818
60000.0
60000.0
59534.884
56888.889
59076.923
60472.441
58625.954
56470.588
58181.818
60472.441
58625.954
56888.889
58181.818
60000.0
57313.433
57744.361
58625.954
60000.0
58181.818
57313.433
60472.441
62950.82
60472.441
58625.954
60000.0
61935.484
59534.884
57744.361
59534.884
60952.381
58625.954
56470.588
58181.818
60000.0
58625.954
56058.394
57744.361
60000.0
58625.954
57744.361
58181.818
59534.884
57313.433
57313.433
58625.954
59076.923
56888.889
56058.394
59076.923
60000.0
59534.884
59076.923
60952.381
61440.0
59534.884
58181.818
59076.923
58625.954
56888.889
56470.588
58181.818
58625.954
125901.639
52602.74
55251.799
56888.889
56470.588
57313.433
59076.923
60952.381
58625.954
56888.889
58625.954
60000.0
58181.818
56888.889
58181.818
60472.441
59076.923
56888.889
59076.923
60472.441
58181.818
57313.433
58625.954
60000.0
120000.0
53706.294
55652.174
57313.433
56470.588
56058.394
58181.818
59534.884
56888.889
57313.433
60000.0
59076.923
57313.433
56470.588
59076.923
60000.0
56470.588
56058.394
58625.954
59534.884
58181.818
57744.361
59534.884
61440.0
59534.884
57313.433
60952.381
61935.484
59534.884
58625.954
59534.884
60472.441
59076.923
58625.954
61440.0
128000.0
57744.361
56058.394
58181.818
60472.441
60952.381
59076.923
59534.884
61440.0
60000.0
56058.394
57744.361
125901.639
55652.174
54468.085
54468.085
57744.361
125901.639
56470.588
53706.294
55652.174
57744.361
56470.588
57313.433
59076.923
59534.884
123870.968
54857.143
55652.174
57313.433
57313.433
120000.0
57744.361
58181.818
57744.361
57744.361
123870.968
56888.889
71111.111
50860.927
55251.799
56888.889
59076.923
56058.394
56058.394
58181.818
58625.954
56470.588
56058.394
128000.0
54857.143
54084.507
53333.333
57313.433
58625.954
56470.588
56470.588
57313.433
59076.923
58181.818
59076.923
60952.381
60000.0
59076.923
59076.923
60000.0
58625.954
56888.889
121904.762
54468.085
54468.085
52965.517
101052.632
53333.333
55652.174
54857.143
56888.889
60472.441
60472.441
59534.884
60472.441
63471.074
65084.746
66206.897
66206.897
66782.609
67368.421
66782.609
65641.026
98461.538
52965.517
62950.82
65084.746
64537.815
66782.609
69189.189
69189.189
67964.602
67368.421
69818.182
71111.111
70458.716
68571.429
70458.716
70458.716
71111.111
68571.429
66782.609
66206.897
66782.609
64000.0
62439.024
61440.0
64000.0
62950.82
61935.484
63471.074
66206.897
67368.421
65084.746
62950.82
63471.074
63471.074
62950.82
60472.441
60472.441
63471.074
61935.484
60952.381
60952.381
62950.82
63471.074
61935.484
62439.024
62950.82
63471.074
61935.484
60472.441
63471.074
63471.074
61440.0
61935.484
61935.484
63471.074
61440.0
61440.0
60472.441
62950.82
63471.074
60952.381
61935.484
63471.074
64537.815
60952.381
61440.0
64537.815
64000.0
62950.82
62950.82
64537.815
66206.897
65641.026
65084.746
66206.897
68571.429
69189.189
67964.602
67964.602
69189.189
69818.182
66782.609
65084.746
65084.746
66782.609
66206.897
64537.815
64000.0
64000.0
65084.746
62950.82
62950.82
61935.484
62950.82
61935.484
61440.0
60472.441
61935.484
61935.484
61935.484
60000.0
62439.024
62950.82
60952.381
61440.0
61935.484
64000.0
62950.82
62439.024
66206.897
66206.897
66206.897
66206.897
66782.609
69818.182
69818.182
67368.421
66206.897
65084.746
66782.609
63471.074
62439.024
62439.024
62950.82
61935.484
61935.484
60472.441
61935.484
61440.0
61440.0
60000.0
61935.484
62439.024
61440.0
59534.884
61935.484
62439.024
61935.484
59534.884
60952.381
62439.024
61440.0
60000.0
61935.484
64000.0
61935.484
60472.441
61440.0
63471.074
61935.484
60472.441
60952.381
62950.82
61935.484
60472.441
61440.0
62950.82
63471.074
62439.024
61440.0
64537.815
66206.897
64537.815
64000.0
66206.897
69189.189
69189.189
67964.602
68571.429
69189.189
70458.716
67964.602
93658.537
57744.361
61440.0
65641.026
64000.0
63471.074
65084.746
65084.746
64537.815
61935.484
62950.82
66206.897
62950.82
60952.381
62439.024
62950.82
62439.024
60472.441
60952.381
62439.024
63471.074
61935.484
61935.484
64537.815
66206.897
65084.746
64000.0
64000.0
66206.897
65084.746
62439.024
62950.82
64537.815
64000.0
61935.484
62439.024
62950.82
63471.074
62950.82
60000.0
61935.484
62950.82
61935.484
60000.0
60472.441
62439.024
61935.484
60000.0
62439.024
62439.024
64000.0
61935.484
64000.0
66206.897
66782.609
65084.746
64537.815
66782.609
67368.421
64000.0
61935.484
64537.815
61935.484
60472.441
60472.441
59076.923
60952.381
60000.0
60000.0
59534.884
60472.441
61935.484
60000.0
60000.0
61440.0
63471.074
60000.0
60472.441
62950.82
61935.484
60952.381
60472.441
63471.074
63471.074
63471.074
62950.82
63471.074
65084.746
65641.026
62439.024
62950.82
65084.746
64000.0
61935.484
61935.484
64000.0
63471.074
62439.024
61935.484
62439.024
63471.074
62950.82
61440.0
61440.0
62950.82
61935.484
60472.441
60472.441
62439.024
61935.484
60952.381
59534.884
61935.484
61935.484
60472.441
59534.884
61440.0
62439.024
60952.381
59076.923
61935.484
64000.0
60952.381
59534.884
63471.074
64000.0
61440.0
61440.0
63471.074
65084.746
65641.026
64537.815
64000.0
65641.026
65084.746
62950.82
60952.381
61935.484
62439.024
60952.381
60000.0
62439.024
61935.484
61935.484
60472.441
60472.441
61935.484
62439.024
60472.441
60000.0
62439.024
62950.82
60000.0
60000.0
61935.484
62950.82
59076.923
60000.0
64537.815
62950.82
61935.484
62950.82
65641.026
67368.421
65084.746
65641.026
67368.421
70458.716
61935.484
62439.024
120000.0
60952.381
128000.0
60000.0
56470.588
56888.889
60472.441
60952.381
59076.923
62439.024
61935.484
59076.923
57313.433
57744.361
60000.0
60000.0
58625.954
57744.361
59076.923
61935.484
57744.361
57744.361
60000.0
61935.484
58181.818
58181.818
61440.0
61440.0
58625.954
60000.0
61935.484
61935.484
59534.884
60952.381
60472.441
61440.0
58625.954
120000.0
56058.394
57313.433
56888.889
58625.954
59534.884
62439.024
61440.0
59534.884
60472.441
62950.82
61440.0
59534.884
61440.0
62950.82
62439.024
61440.0
60952.381
61935.484
63471.074
61440.0
60472.441
61935.484
64000.0
61935.484
60000.0
61935.484
62950.82
62439.024
60000.0
60952.381
64000.0
61935.484
60000.0
61935.484
62950.82
62439.024
60000.0
61935.484
62439.024
61440.0
60472.441
60952.381
61440.0
61935.484
61440.0
60000.0
61440.0
62950.82
61935.484
60000.0
61935.484
63471.074
60952.381
59534.884
61440.0
63471.074
60472.441
59076.923
62950.82
63471.074
64000.0
62439.024
62950.82
67368.421
66206.897
66206.897
65641.026
68571.429
67964.602
65641.026
64000.0
64000.0
65084.746
65084.746
61440.0
61440.0
68571.429
61935.484
61935.484
63471.074
64000.0
64000.0
64537.815
62950.82
62950.82
64537.815
64537.815
61935.484
62439.024
64537.815
66206.897
64537.815
63471.074
65641.026
67964.602
65084.746
64000.0
66206.897
69189.189
69189.189
66782.609
67368.421
69189.189
69189.189
67964.602
66206.897
75294.118
132413.793
62439.024
125901.639
60000.0
121904.762
59534.884
125901.639
61440.0
123870.968
59534.884
121904.762
60472.441
125901.639
65084.746
121904.762
59076.923
57744.361
59076.923
57313.433
58625.954
60000.0
60000.0
58181.818
57313.433
60000.0
60952.381
59076.923
59076.923
60952.381
63471.074
62439.024
60472.441
61935.484
62950.82
60472.441
58625.954
59534.884
61440.0
60000.0
58625.954
59076.923
60000.0
60000.0
58181.818
59534.884
62439.024
60952.381
60000.0
61935.484
63471.074
63471.074
61935.484
61440.0
64000.0
70458.716
60472.441
63471.074
65641.026
66206.897
66206.897
64537.815
66206.897
67368.421
66206.897
65084.746
65084.746
66782.609
67368.421
66206.897
64537.815
66206.897
67368.421
67964.602
66206.897
65641.026
68571.429
68571.429
67368.421
65641.026
66206.897
66782.609
65084.746
63471.074
61935.484
64537.815
65084.746
76800.0
57313.433
62439.024
62950.82
63471.074
61440.0
62439.024
65084.746
63471.074
61935.484
63471.074
63471.074
63471.074
62439.024
60952.381
62950.82
63471.074
62439.024
60472.441
61935.484
64537.815
62439.024
60952.381
63471.074
64537.815
62950.82
62439.024
62950.82
64000.0
63471.074
62950.82
61935.484
64000.0
65641.026
64000.0
62439.024
65641.026
66782.609
66206.897
65084.746
64537.815
67964.602
68571.429
66782.609
67964.602
67964.602
70458.716
69189.189
66206.897
66782.609
66782.609
68571.429
67368.421
64537.815
66782.609
72452.83
64537.815
66206.897
66782.609
69818.182
68571.429
67368.421
66782.609
68571.429
69818.182
67964.602
67368.421
79175.258
65641.026
69189.189
68571.429
67368.421
65084.746
67964.602
66206.897
64000.0
63471.074
64000.0
65084.746
62439.024
61935.484
68571.429
62950.82
62950.82
60952.381
61935.484
64000.0
62950.82
61440.0
61440.0
73846.154
59534.884
62439.024
61935.484
64537.815
64537.815
64537.815
64000.0
64537.815
66206.897
67368.421
66782.609
65641.026
67368.421
68571.429
66206.897
64000.0
65084.746
65641.026
65084.746
63471.074
62439.024
64000.0
64537.815
62950.82
61935.484
64000.0
66206.897
66206.897
63471.074
66206.897
67964.602
69189.189
67368.421
67964.602
69818.182
71775.701
70458.716
69818.182
70458.716
72452.83
73846.154
71775.701
69818.182
71775.701
73142.857
73142.857
71775.701
111304.348
57313.433
73142.857
67368.421
69189.189
68571.429
70458.716
73142.857
72452.83
69818.182
69818.182
71111.111
74563.107
70458.716
68571.429
72452.83
67368.421
67964.602
83478.261
58625.954
66206.897
67964.602
67964.602
65641.026
67368.421
69189.189
67964.602
68571.429
67368.421
68571.429
70458.716
70458.716
70458.716
76039.604
66206.897
71111.111
71111.111
70458.716
67964.602
69818.182
84395.604
65084.746
66782.609
82580.645
134736.842
60472.441
60000.0
63471.074
64537.815
66206.897
80000.0
61440.0
62439.024
65084.746
70458.716
64537.815
64000.0
66782.609
65641.026
66206.897
66206.897
64000.0
65641.026
66782.609
66206.897
63471.074
65084.746
65641.026
66782.609
63471.074
63471.074
65084.746
65084.746
64537.815
63471.074
64000.0
65641.026
66206.897
65641.026
65084.746
66782.609
69189.189
65641.026
65084.746
69189.189
67964.602
69189.189
67964.602
69818.182
96000.0
156734.694
65641.026
125901.639
62950.82
121904.762
63471.074
130169.492
64000.0
123870.968
60000.0
125901.639
62439.024
130169.492
59534.884
58181.818
59534.884
64537.815
63471.074
62439.024
61440.0
64537.815
64000.0
61440.0
60472.441
71775.701
58625.954
60000.0
59534.884
61440.0
63471.074
63471.074
61935.484
62950.82
64537.815
63471.074
59534.884
60472.441
62950.82
62439.024
60000.0
60952.381
61935.484
62439.024
60000.0
60472.441
62950.82
64537.815
62439.024
62439.024
64537.815
66206.897
66206.897
64000.0
65641.026
67368.421
67368.421
65641.026
65641.026
69189.189
69818.182
123870.968
55652.174
62439.024
64537.815
72452.83
71111.111
68571.429
68571.429
71775.701
73846.154
66206.897
69818.182
79175.258
65084.746
67368.421
65641.026
120000.0
187317.073
63471.074
99740.26
57744.361
58625.954
62950.82
65641.026
64537.815
65084.746
65084.746
64537.815
66206.897
64000.0
62950.82
65084.746
66782.609
65641.026
62439.024
63471.074
66206.897
70458.716
61935.484
63471.074
66782.609
68571.429
66206.897
65641.026
67368.421
70458.716
108169.014
60952.381
60472.441
70458.716
71111.111
71111.111
68571.429
69189.189
71111.111
71775.701
68571.429
67368.421
72452.83
66206.897
69818.182
66206.897
66782.609
68571.429
69818.182
73846.154
66206.897
66782.609
71111.111
109714.286
60000.0
61935.484
67368.421
69818.182
71111.111
65641.026
64000.0
71111.111
62950.82
62950.82
80842.105
57744.361
64537.815
64537.815
62439.024
62950.82
114626.866
51891.892
57313.433
64000.0
66206.897
67964.602
66206.897
64537.815
64000.0
65084.746
66206.897
62950.82
63471.074
63471.074
66206.897
65084.746
63471.074
64000.0
66782.609
66782.609
64000.0
64537.815
67368.421
68571.429
67368.421
66206.897
66206.897
69189.189
69189.189
63471.074
63471.074
64537.815
63471.074
61935.484
60000.0
64000.0
62950.82
61935.484
61440.0
62950.82
64000.0
62950.82
61935.484
62439.024
64000.0
64537.815
62439.024
60952.381
63471.074
65084.746
62950.82
61935.484
63471.074
72452.83
59076.923
61440.0
64537.815
65084.746
64537.815
130169.492
46545.455
55652.174
64000.0
64000.0
63471.074
64537.815
66206.897
64000.0
62950.82
63471.074
65084.746
78367.347
58625.954
60472.441
64000.0
64537.815
62439.024
125901.639
46545.455
56888.889
62439.024
62439.024
64000.0
65641.026
64537.815
62439.024
64537.815
64537.815
65084.746
73846.154
59076.923
61440.0
63471.074
114626.866
47407.407
54857.143
64000.0
63471.074
61935.484
61935.484
65084.746
64537.815
61935.484
62950.82
65084.746
66206.897
65084.746
64537.815
67368.421
69818.182
67964.602
65084.746
66782.609
67964.602
66782.609
64537.815
76039.604
60952.381
64000.0
64000.0
108169.014
51200.0
59076.923
65641.026
65084.746
64537.815
66782.609
68571.429
67368.421
65641.026
65641.026
67368.421
67368.421
65641.026
79175.258
61935.484
123870.968
49870.13
54857.143
63471.074
65084.746
65084.746
62950.82
63471.074
65084.746
63471.074
61935.484
60472.441
62950.82
63471.074
61440.0
59534.884
61440.0
62950.82
61935.484
60472.441
61440.0
63471.074
63471.074
61935.484
61440.0
64000.0
64537.815
62950.82
63471.074
65084.746
66782.609
65084.746
62950.82
66206.897
66206.897
66206.897
64000.0
65641.026
68571.429
67368.421
65641.026
65084.746
65084.746
67368.421
64537.815
62950.82
63471.074
64537.815
62439.024
76039.604
52602.74
64000.0
65641.026
109714.286
51200.0
56470.588
66206.897
67368.421
65641.026
66206.897
68571.429
68571.429
71111.111
63471.074
65641.026
66782.609
66206.897
73846.154
60952.381
65641.026
66206.897
63471.074
62950.82
132413.793
48607.595
55652.174
62439.024
64537.815
66206.897
66782.609
64000.0
65084.746
67964.602
67368.421
65084.746
65084.746
66206.897
67964.602
67964.602
64000.0
66782.609
68571.429
69818.182
68571.429
66206.897
67964.602
69189.189
75294.118
60952.381
62950.82
66206.897
118153.846
50860.927
54468.085
64537.815
66206.897
66206.897
65084.746
64000.0
67368.421
78367.347
61440.0
108169.014
52965.517
59076.923
67964.602
67964.602
68571.429
70458.716
70458.716
69818.182
67368.421
69189.189
70458.716
83478.261
63471.074
66782.609
67368.421
76039.604
