116363.636
90352.941
108169.014
89302.326
112941.176
90352.941
112941.176
90352.941
125901.639
88275.862
98461.538
99740.26
97215.19
123870.968
88275.862
116363.636
90352.941
108169.014
92530.12
111304.348
90352.941
99740.26
101052.632
99740.26
116363.636
89302.326
116363.636
88275.862
99740.26
98461.538
102400.0
102400.0
101052.632
99740.26
102400.0
102400.0
109714.286
93658.537
112941.176
88275.862
111304.348
87272.727
114626.866
90352.941
112941.176
68571.429
116363.636
80842.105
93658.537
99740.26
98461.538
105205.479
102400.0
99740.26
114626.866
92530.12
114626.866
106666.667
109714.286
91428.571
121904.762
150588.235
132413.793
118153.846
121904.762
123870.968
128000.0
139636.364
130169.492
139636.364
134736.842
134736.842
120000.0
130169.492
121904.762
128000.0
123870.968
120000.0
123870.968
114626.866
121904.762
125901.639
123870.968
118153.846
103783.784
99740.26
120000.0
97215.19
116363.636
66206.897
123870.968
67368.421
120000.0
72452.83
121904.762
80842.105
114626.866
85333.333
114626.866
82580.645
123870.968
80842.105
120000.0
87272.727
96000.0
103783.784
101052.632
103783.784
112941.176
93658.537
118153.846
91428.571
118153.846
91428.571
116363.636
90352.941
121904.762
320000.0
112941.176
123870.968
86292.135
132413.793
81702.128
132413.793
82580.645
284444.444
247741.935
89302.326
111304.348
91428.571
112941.176
93658.537
120000.0
85333.333
132413.793
1920000.0
82580.645
123870.968
84395.604
134736.842
85333.333
139636.364
84395.604
274285.714
232727.273
98461.538
103783.784
106666.667
120000.0
99740.26
118153.846
96000.0
123870.968
98461.538
108169.014
108169.014
114626.866
105205.479
118153.846
101052.632
120000.0
118153.846
384000.0
142222.222
88275.862
106666.667
106666.667
108169.014
150588.235
90352.941
284444.444
247741.935
87272.727
123870.968
97215.19
111304.348
99740.26
114626.866
99740.26
118153.846
96000.0
118153.846
92530.12
118153.846
91428.571
118153.846
96000.0
111304.348
97215.19
120000.0
163404.255
73142.857
123870.968
85333.333
114626.866
93658.537
123870.968
92530.12
118153.846
92530.12
101052.632
108169.014
106666.667
105205.479
108169.014
108169.014
108169.014
97215.19
123870.968
125901.639
98461.538
108169.014
109714.286
109714.286
109714.286
109714.286
109714.286
109714.286
111304.348
111304.348
109714.286
109714.286
112941.176
106666.667
123870.968
99740.26
116363.636
102400.0
118153.846
102400.0
112941.176
99740.26
125901.639
97215.19
123870.968
94814.815
121904.762
93658.537
125901.639
96000.0
120000.0
94814.815
121904.762
94814.815
116363.636
96000.0
120000.0
93658.537
123870.968
92530.12
109714.286
102400.0
118153.846
96000.0
120000.0
97215.19
112941.176
111304.348
116363.636
88275.862
128000.0
99740.26
116363.636
96000.0
121904.762
94814.815
116363.636
97215.19
118153.846
99740.26
106666.667
105205.479
109714.286
108169.014
111304.348
103783.784
121904.762
97215.19
116363.636
97215.19
120000.0
93658.537
118153.846
91428.571
123870.968
90352.941
116363.636
92530.12
118153.846
91428.571
112941.176
88275.862
118153.846
92530.12
118153.846
85333.333
123870.968
88275.862
114626.866
91428.571
114626.866
91428.571
853333.333
134736.842
80000.0
132413.793
81702.128
134736.842
82580.645
132413.793
83478.261
132413.793
84395.604
103783.784
103783.784
105205.479
103783.784
125901.639
90352.941
137142.857
86292.135
295384.615
256000.0
91428.571
114626.866
94814.815
103783.784
102400.0
114626.866
97215.19
114626.866
96000.0
114626.866
93658.537
121904.762
89302.326
116363.636
90352.941
101052.632
101052.632
103783.784
99740.26
105205.479
99740.26
105205.479
99740.26
93658.537
112941.176
102400.0
101052.632
121904.762
90352.941
111304.348
80000.0
120000.0
80842.105
114626.866
78367.347
116363.636
80000.0
112941.176
87272.727
111304.348
86292.135
114626.866
87272.727
114626.866
86292.135
102400.0
101052.632
101052.632
103783.784
102400.0
103783.784
101052.632
102400.0
101052.632
101052.632
114626.866
89302.326
120000.0
81702.128
118153.846
80842.105
114626.866
81702.128
114626.866
82580.645
112941.176
82580.645
114626.866
82580.645
111304.348
89302.326
114626.866
86292.135
109714.286
92530.12
111304.348
92530.12
116363.636
90352.941
118153.846
89302.326
114626.866
90352.941
114626.866
91428.571
111304.348
96000.0
118153.846
90352.941
112941.176
93658.537
118153.846
88275.862
118153.846
92530.12
116363.636
87272.727
114626.866
90352.941
120000.0
84395.604
128000.0
89302.326
101052.632
101052.632
101052.632
103783.784
116363.636
90352.941
240000.0
247741.935
78367.347
128000.0
80842.105
132413.793
77575.758
150588.235
196923.077
147692.308
118153.846
81702.128
120000.0
81702.128
116363.636
84395.604
114626.866
87272.727
112941.176
93658.537
114626.866
87272.727
103783.784
103783.784
102400.0
103783.784
105205.479
101052.632
105205.479
105205.479
116363.636
92530.12
118153.846
90352.941
114626.866
89302.326
118153.846
87272.727
114626.866
89302.326
109714.286
89302.326
116363.636
86292.135
98461.538
102400.0
108169.014
698181.818
102400.0
128000.0
89302.326
103783.784
102400.0
102400.0
101052.632
295384.615
247741.935
90352.941
118153.846
85333.333
114626.866
87272.727
101052.632
98461.538
112941.176
89302.326
111304.348
89302.326
120000.0
82580.645
116363.636
82580.645
111304.348
83478.261
112941.176
83478.261
116363.636
71775.701
116363.636
66782.609
130169.492
80000.0
109714.286
83478.261
106666.667
89302.326
112941.176
87272.727
108169.014
92530.12
118153.846
81702.128
120000.0
85333.333
112941.176
92530.12
120000.0
80842.105
116363.636
85333.333
98461.538
105205.479
105205.479
102400.0
112941.176
98461.538
114626.866
80842.105
116363.636
80842.105
116363.636
83478.261
114626.866
84395.604
112941.176
108169.014
307200.0
132413.793
78367.347
99740.26
97215.19
106666.667
96000.0
132413.793
264827.586
118153.846
120000.0
81702.128
120000.0
82580.645
120000.0
160000.0
142222.222
80000.0
123870.968
69818.182
118153.846
75294.118
121904.762
83478.261
111304.348
87272.727
108169.014
90352.941
114626.866
89302.326
118153.846
87272.727
118153.846
88275.862
99740.26
98461.538
103783.784
103783.784
114626.866
93658.537
120000.0
88275.862
116363.636
89302.326
121904.762
79175.258
132413.793
87272.727
102400.0
99740.26
102400.0
103783.784
102400.0
101052.632
112941.176
93658.537
120000.0
85333.333
114626.866
83478.261
120000.0
83478.261
112941.176
83478.261
91428.571
106666.667
98461.538
98461.538
101052.632
98461.538
114626.866
84395.604
123870.968
79175.258
116363.636
79175.258
120000.0
82580.645
111304.348
82580.645
116363.636
84395.604
111304.348
87272.727
116363.636
86292.135
114626.866
87272.727
116363.636
86292.135
114626.866
92530.12
99740.26
103783.784
103783.784
102400.0
240000.0
150588.235
103783.784
102400.0
101052.632
137142.857
80000.0
134736.842
142222.222
202105.263
114626.866
81702.128
111304.348
86292.135
112941.176
81702.128
106666.667
89302.326
116363.636
83478.261
111304.348
83478.261
112941.176
94814.815
116363.636
73846.154
120000.0
75294.118
114626.866
81702.128
109714.286
87272.727
96000.0
103783.784
118153.846
87272.727
121904.762
88275.862
103783.784
101052.632
125901.639
1536000.0
85333.333
130169.492
84395.604
137142.857
81702.128
128000.0
82580.645
134736.842
81702.128
134736.842
82580.645
130169.492
87272.727
105205.479
103783.784
105205.479
105205.479
103783.784
187317.073
232727.273
108169.014
102400.0
128000.0
90352.941
121904.762
87272.727
106666.667
960000.0
98461.538
101052.632
103783.784
99740.26
99740.26
101052.632
274285.714
174545.455
98461.538
97215.19
97215.19
96000.0
96000.0
94814.815
88275.862
101052.632
96000.0
90352.941
92530.12
90352.941
90352.941
232727.273
132413.793
88275.862
89302.326
91428.571
92530.12
90352.941
264827.586
160000.0
84395.604
98461.538
90352.941
89302.326
91428.571
89302.326
89302.326
89302.326
89302.326
89302.326
89302.326
88275.862
89302.326
89302.326
86292.135
88275.862
89302.326
86292.135
87272.727
87272.727
88275.862
86292.135
80842.105
94814.815
86292.135
87272.727
87272.727
80000.0
93658.537
86292.135
84395.604
85333.333
84395.604
83478.261
82580.645
77575.758
88275.862
82580.645
80842.105
80842.105
80842.105
80000.0
80842.105
80000.0
80000.0
80000.0
80000.0
79175.258
79175.258
80000.0
78367.347
78367.347
78367.347
78367.347
77575.758
79175.258
73142.857
85333.333
77575.758
73142.857
83478.261
79175.258
78367.347
80000.0
77575.758
78367.347
78367.347
78367.347
77575.758
76800.0
77575.758
75294.118
75294.118
76800.0
75294.118
78367.347
73846.154
77575.758
71775.701
83478.261
78367.347
76039.604
77575.758
76800.0
78367.347
76800.0
72452.83
83478.261
77575.758
73142.857
83478.261
94814.815
295384.615
76800.0
76039.604
75294.118
76039.604
75294.118
76039.604
76800.0
75294.118
92530.12
698181.818
76039.604
76800.0
74563.107
73846.154
74563.107
73142.857
73846.154
74563.107
73142.857
73142.857
73142.857
73142.857
73142.857
72452.83
109714.286
85333.333
111304.348
54468.085
111304.348
52244.898
111304.348
86292.135
57744.361
73142.857
73846.154
75294.118
73142.857
72452.83
72452.83
71111.111
71111.111
69818.182
69189.189
69189.189
67964.602
69189.189
67368.421
67368.421
66782.609
68571.429
67964.602
67964.602
70458.716
70458.716
69818.182
71111.111
71775.701
71111.111
71111.111
71775.701
73142.857
73142.857
71775.701
108169.014
87272.727
69189.189
66206.897
78367.347
76039.604
75294.118
76039.604
76039.604
76039.604
76039.604
70458.716
80000.0
75294.118
75294.118
73142.857
73142.857
73846.154
73846.154
83478.261
365714.286
73142.857
73142.857
73142.857
73142.857
74563.107
73846.154
73846.154
74563.107
73846.154
73846.154
74563.107
93658.537
548571.429
72452.83
75294.118
73846.154
73846.154
77575.758
76039.604
101052.632
247741.935
76800.0
76800.0
77575.758
121904.762
51543.624
333913.043
202105.263
55652.174
111304.348
60472.441
80842.105
79175.258
78367.347
121904.762
84395.604
120000.0
56888.889
109714.286
86292.135
84395.604
73846.154
96000.0
307200.0
76800.0
64537.815
68571.429
71111.111
96000.0
365714.286
72452.83
71111.111
71775.701
71775.701
70458.716
71111.111
71111.111
71775.701
71775.701
72452.83
71775.701
73142.857
73142.857
72452.83
73142.857
182857.143
109714.286
72452.83
73142.857
73846.154
73846.154
88275.862
853333.333
74563.107
73846.154
74563.107
72452.83
73142.857
73846.154
73142.857
73142.857
73846.154
73846.154
74563.107
74563.107
75294.118
74563.107
74563.107
76039.604
74563.107
75294.118
75294.118
74563.107
73846.154
75294.118
75294.118
74563.107
73846.154
75294.118
74563.107
73846.154
73846.154
73142.857
74563.107
73142.857
90352.941
295384.615
73142.857
73846.154
73846.154
73142.857
74563.107
333913.043
106666.667
75294.118
76039.604
75294.118
75294.118
75294.118
74563.107
73142.857
73142.857
73846.154
72452.83
73846.154
71775.701
72452.83
73142.857
72452.83
73142.857
73846.154
73142.857
73142.857
74563.107
75294.118
73846.154
76800.0
71111.111
82580.645
76039.604
76800.0
284444.444
94814.815
76800.0
76800.0
384000.0
94814.815
78367.347
80842.105
76039.604
82580.645
82580.645
80000.0
91428.571
451764.706
320000.0
120000.0
76800.0
114626.866
50860.927
125901.639
54084.507
112941.176
58625.954
76800.0
78367.347
77575.758
76800.0
76039.604
76039.604
73846.154
74563.107
73846.154
73846.154
73846.154
73142.857
73142.857
73142.857
72452.83
73142.857
72452.83
72452.83
73846.154
74563.107
68571.429
80000.0
74563.107
73142.857
74563.107
74563.107
74563.107
73846.154
73846.154
73142.857
73846.154
74563.107
72452.83
74563.107
73846.154
73846.154
73142.857
74563.107
73142.857
73846.154
73846.154
73142.857
72452.83
73846.154
71775.701
72452.83
73846.154
70458.716
72452.83
71775.701
71775.701
71111.111
71775.701
72452.83
73142.857
71775.701
73142.857
73846.154
75294.118
74563.107
76039.604
75294.118
76039.604
74563.107
76039.604
74563.107
75294.118
74563.107
74563.107
73846.154
73142.857
69189.189
80000.0
73142.857
75294.118
73142.857
73846.154
72452.83
121904.762
80842.105
105205.479
84395.604
69189.189
67964.602
69189.189
71111.111
71775.701
71775.701
70458.716
71775.701
71111.111
70458.716
71111.111
71111.111
70458.716
72452.83
72452.83
71111.111
71775.701
73142.857
70458.716
72452.83
71775.701
72452.83
73846.154
71775.701
73846.154
73846.154
73846.154
73846.154
74563.107
73846.154
74563.107
72452.83
74563.107
72452.83
74563.107
72452.83
72452.83
73846.154
72452.83
71775.701
71775.701
71775.701
73142.857
71111.111
72452.83
71775.701
71111.111
72452.83
71111.111
71111.111
71775.701
71111.111
72452.83
71111.111
71775.701
71775.701
72452.83
72452.83
72452.83
72452.83
73846.154
72452.83
73142.857
71775.701
73846.154
72452.83
72452.83
72452.83
106666.667
78367.347
66782.609
67368.421
72452.83
73142.857
73142.857
73142.857
73142.857
72452.83
73142.857
74563.107
73142.857
74563.107
73142.857
73142.857
74563.107
73846.154
73846.154
73142.857
108169.014
84395.604
103783.784
114626.866
111304.348
83478.261
62950.82
92530.12
67368.421
78367.347
85333.333
69818.182
68571.429
70458.716
71111.111
71775.701
71111.111
71111.111
71111.111
71111.111
72452.83
71775.701
73142.857
73142.857
74563.107
73142.857
73846.154
75294.118
74563.107
74563.107
74563.107
75294.118
74563.107
75294.118
75294.118
74563.107
74563.107
73846.154
74563.107
75294.118
75294.118
74563.107
74563.107
74563.107
73846.154
72452.83
72452.83
73142.857
71775.701
73142.857
73142.857
73846.154
73142.857
73846.154
76039.604
73142.857
74563.107
75294.118
74563.107
74563.107
74563.107
74563.107
76039.604
74563.107
76800.0
76039.604
80000.0
640000.0
77575.758
120000.0
106666.667
128000.0
72452.83
76039.604
256000.0
125901.639
75294.118
78367.347
76800.0
76800.0
77575.758
77575.758
77575.758
77575.758
79175.258
78367.347
77575.758
80000.0
78367.347
78367.347
79175.258
79175.258
78367.347
78367.347
79175.258
77575.758
80000.0
77575.758
78367.347
77575.758
103783.784
240000.0
76800.0
76800.0
76800.0
123870.968
52244.898
333913.043
196923.077
54084.507
76800.0
76039.604
78367.347
76039.604
78367.347
78367.347
76800.0
77575.758
77575.758
76800.0
111304.348
84395.604
121904.762
73846.154
71775.701
74563.107
76039.604
76039.604
75294.118
76039.604
74563.107
74563.107
74563.107
73846.154
74563.107
73846.154
74563.107
73846.154
75294.118
76039.604
74563.107
76800.0
76039.604
75294.118
74563.107
111304.348
105205.479
105205.479
50526.316
114626.866
52965.517
109714.286
57744.361
76039.604
76800.0
76800.0
76800.0
76800.0
76800.0
76039.604
76800.0
74563.107
73846.154
73846.154
74563.107
73142.857
73142.857
73142.857
71775.701
70458.716
72452.83
71775.701
72452.83
71775.701
71775.701
73142.857
72452.83
73142.857
73142.857
73142.857
72452.83
73846.154
73846.154
72452.83
73142.857
73142.857
74563.107
73142.857
73846.154
73846.154
73142.857
73142.857
72452.83
73846.154
73142.857
73142.857
72452.83
73846.154
73142.857
73142.857
74563.107
72452.83
73846.154
72452.83
74563.107
72452.83
73142.857
74563.107
73846.154
72452.83
74563.107
73846.154
74563.107
207567.568
103783.784
73846.154
73142.857
75294.118
75294.118
75294.118
76039.604
75294.118
76039.604
75294.118
74563.107
75294.118
76039.604
102400.0
384000.0
76800.0
75294.118
76800.0
75294.118
76039.604
76039.604
76039.604
76039.604
76800.0
76039.604
76039.604
77575.758
76800.0
76800.0
76039.604
94814.815
284444.444
76039.604
78367.347
76800.0
79175.258
80000.0
80842.105
78367.347
80000.0
79175.258
78367.347
77575.758
77575.758
77575.758
77575.758
76039.604
320000.0
111304.348
76800.0
76039.604
76039.604
76800.0
76039.604
76039.604
76800.0
76800.0
76800.0
77575.758
78367.347
77575.758
77575.758
79175.258
78367.347
78367.347
79175.258
77575.758
78367.347
78367.347
77575.758
76800.0
78367.347
77575.758
77575.758
77575.758
79175.258
78367.347
76800.0
78367.347
78367.347
77575.758
77575.758
77575.758
76800.0
77575.758
76800.0
76800.0
76800.0
76800.0
77575.758
76800.0
75294.118
76800.0
78367.347
76800.0
76800.0
76800.0
77575.758
76039.604
78367.347
76039.604
76039.604
98461.538
64537.815
75294.118
77575.758
76039.604
76800.0
78367.347
77575.758
76039.604
178604.651
121904.762
78367.347
78367.347
77575.758
77575.758
88275.862
2560000.0
76800.0
77575.758
79175.258
78367.347
76039.604
77575.758
80000.0
77575.758
78367.347
78367.347
79175.258
79175.258
78367.347
79175.258
77575.758
79175.258
79175.258
78367.347
76800.0
79175.258
78367.347
77575.758
79175.258
79175.258
76800.0
77575.758
77575.758
76800.0
76800.0
76039.604
76039.604
76039.604
76800.0
74563.107
76039.604
76800.0
75294.118
75294.118
76800.0
76800.0
76039.604
78367.347
77575.758
77575.758
79175.258
78367.347
78367.347
78367.347
79175.258
77575.758
78367.347
77575.758
77575.758
77575.758
76800.0
76800.0
77575.758
76039.604
76800.0
75294.118
76800.0
76800.0
76039.604
76800.0
77575.758
76800.0
320000.0
92530.12
77575.758
77575.758
77575.758
77575.758
77575.758
333913.043
112941.176
77575.758
78367.347
77575.758
78367.347
77575.758
78367.347
79175.258
79175.258
78367.347
78367.347
77575.758
78367.347
78367.347
77575.758
79175.258
77575.758
79175.258
77575.758
77575.758
79175.258
77575.758
79175.258
79175.258
78367.347
79175.258
78367.347
79175.258
79175.258
79175.258
80000.0
79175.258
80842.105
78367.347
80000.0
80000.0
79175.258
79175.258
79175.258
80000.0
79175.258
80000.0
80000.0
79175.258
80842.105
80000.0
80000.0
80842.105
80000.0
80000.0
80842.105
80000.0
80000.0
78367.347
80000.0
79175.258
76800.0
78367.347
219428.571
106666.667
78367.347
76800.0
77575.758
77575.758
78367.347
77575.758
320000.0
114626.866
77575.758
77575.758
77575.758
77575.758
76800.0
78367.347
76800.0
77575.758
75294.118
123870.968
178604.651
78367.347
78367.347
78367.347
79175.258
79175.258
80842.105
79175.258
80000.0
80842.105
80842.105
80842.105
80000.0
80000.0
80842.105
80842.105
80842.105
81702.128
80842.105
81702.128
81702.128
81702.128
82580.645
247741.935
137142.857
81702.128
80842.105
81702.128
80000.0
80000.0
80842.105
80000.0
79175.258
80000.0
80000.0
79175.258
78367.347
79175.258
187317.073
118153.846
79175.258
79175.258
78367.347
79175.258
80000.0
80842.105
81702.128
80000.0
333913.043
120000.0
80842.105
80842.105
80842.105
80842.105
80000.0
80842.105
80000.0
79175.258
80000.0
79175.258
78367.347
77575.758
78367.347
77575.758
77575.758
78367.347
78367.347
78367.347
80000.0
79175.258
80000.0
80000.0
80000.0
80000.0
79175.258
80000.0
79175.258
79175.258
78367.347
79175.258
79175.258
79175.258
78367.347
79175.258
77575.758
78367.347
78367.347
80000.0
78367.347
78367.347
80000.0
88275.862
71775.701
80000.0
76800.0
80000.0
80000.0
79175.258
78367.347
80000.0
80000.0
79175.258
79175.258
80000.0
79175.258
79175.258
80000.0
80000.0
79175.258
78367.347
79175.258
79175.258
79175.258
79175.258
78367.347
79175.258
79175.258
79175.258
78367.347
78367.347
79175.258
80000.0
79175.258
78367.347
78367.347
79175.258
78367.347
78367.347
78367.347
79175.258
78367.347
77575.758
78367.347
78367.347
78367.347
78367.347
78367.347
79175.258
78367.347
77575.758
78367.347
77575.758
79175.258
77575.758
79175.258
79175.258
79175.258
80000.0
80842.105
80000.0
81702.128
80000.0
81702.128
80842.105
80842.105
81702.128
80842.105
80842.105
80842.105
80842.105
80842.105
80842.105
80842.105
80842.105
81702.128
80000.0
80842.105
80842.105
80842.105
80842.105
80842.105
80000.0
80000.0
80842.105
80000.0
80000.0
80842.105
79175.258
80000.0
79175.258
80000.0
80000.0
79175.258
79175.258
80000.0
79175.258
79175.258
78367.347
80000.0
79175.258
78367.347
79175.258
77575.758
77575.758
76800.0
78367.347
77575.758
78367.347
78367.347
76800.0
77575.758
78367.347
78367.347
79175.258
79175.258
79175.258
80000.0
80000.0
80000.0
80000.0
80000.0
80000.0
80000.0
80000.0
80000.0
80000.0
80000.0
80000.0
80000.0
80000.0
80000.0
80842.105
80842.105
80842.105
82580.645
82580.645
82580.645
82580.645
103783.784
68571.429
83478.261
82580.645
82580.645
82580.645
81702.128
81702.128
80842.105
80842.105
80842.105
80000.0
80000.0
80000.0
80000.0
80000.0
80000.0
78367.347
79175.258
80000.0
78367.347
78367.347
79175.258
79175.258
78367.347
80000.0
79175.258
80000.0
80000.0
80000.0
80000.0
80000.0
79175.258
80000.0
79175.258
79175.258
79175.258
78367.347
80000.0
78367.347
78367.347
78367.347
77575.758
77575.758
76800.0
78367.347
77575.758
77575.758
78367.347
78367.347
77575.758
78367.347
78367.347
78367.347
78367.347
77575.758
80000.0
79175.258
80000.0
80000.0
80000.0
80842.105
80842.105
81702.128
80000.0
81702.128
80842.105
82580.645
81702.128
81702.128
81702.128
80842.105
81702.128
82580.645
81702.128
81702.128
82580.645
81702.128
81702.128
81702.128
81702.128
80842.105
80842.105
80842.105
80000.0
80000.0
78367.347
79175.258
79175.258
77575.758
76800.0
76800.0
77575.758
77575.758
77575.758
77575.758
77575.758
78367.347
79175.258
80000.0
79175.258
80000.0
79175.258
80000.0
80000.0
80000.0
80842.105
80000.0
80000.0
80000.0
80000.0
80000.0
80000.0
80000.0
80000.0
80000.0
80000.0
80000.0
80000.0
80842.105
80000.0
80842.105
80842.105
80842.105
80000.0
80842.105
80000.0
79175.258
79175.258
79175.258
80000.0
79175.258
78367.347
79175.258
79175.258
79175.258
79175.258
79175.258
79175.258
80000.0
78367.347
80842.105
78367.347
80000.0
80000.0
78367.347
80000.0
79175.258
78367.347
79175.258
78367.347
79175.258
79175.258
78367.347
77575.758
79175.258
77575.758
79175.258
79175.258
79175.258
77575.758
81702.128
79175.258
79175.258
78367.347
80842.105
79175.258
80842.105
81702.128
80000.0
80000.0
80000.0
80000.0
80000.0
80000.0
80000.0
79175.258
80000.0
79175.258
80000.0
78367.347
79175.258
78367.347
79175.258
79175.258
79175.258
79175.258
79175.258
80000.0
79175.258
80000.0
80000.0
80000.0
80842.105
80000.0
80842.105
80000.0
81702.128
81702.128
80842.105
80842.105
80842.105
81702.128
80000.0
80842.105
81702.128
80842.105
80842.105
81702.128
80842.105
81702.128
81702.128
80842.105
81702.128
81702.128
80842.105
81702.128
82580.645
82580.645
80842.105
82580.645
82580.645
81702.128
82580.645
81702.128
82580.645
81702.128
82580.645
81702.128
80842.105
80842.105
80000.0
80000.0
80000.0
78367.347
78367.347
79175.258
79175.258
77575.758
78367.347
78367.347
78367.347
78367.347
78367.347
79175.258
78367.347
79175.258
79175.258
79175.258
78367.347
79175.258
79175.258
79175.258
79175.258
79175.258
79175.258
78367.347
79175.258
79175.258
79175.258
79175.258
79175.258
79175.258
80000.0
79175.258
79175.258
80000.0
79175.258
80000.0
80000.0
80000.0
79175.258
80000.0
79175.258
79175.258
79175.258
79175.258
79175.258
80000.0
79175.258
80000.0
80842.105
80842.105
80000.0
80842.105
81702.128
80842.105
80842.105
81702.128
80842.105
80842.105
81702.128
81702.128
80842.105
81702.128
80842.105
81702.128
82580.645
81702.128
81702.128
83478.261
82580.645
81702.128
82580.645
82580.645
81702.128
81702.128
81702.128
80842.105
81702.128
80842.105
80842.105
80842.105
80842.105
80842.105
80000.0
79175.258
80842.105
79175.258
79175.258
80000.0
80000.0
79175.258
80842.105
80000.0
80842.105
80000.0
80842.105
80842.105
80842.105
80842.105
81702.128
80842.105
81702.128
81702.128
81702.128
81702.128
82580.645
81702.128
82580.645
81702.128
81702.128
81702.128
81702.128
81702.128
80842.105
81702.128
80842.105
80842.105
81702.128
80000.0
80000.0
80842.105
81702.128
81702.128
80842.105
81702.128
80842.105
80842.105
80842.105
82580.645
81702.128
81702.128
80842.105
81702.128
81702.128
81702.128
81702.128
81702.128
81702.128
82580.645
82580.645
81702.128
83478.261
82580.645
82580.645
84395.604
83478.261
82580.645
85333.333
83478.261
84395.604
84395.604
83478.261
82580.645
85333.333
83478.261
83478.261
83478.261
83478.261
82580.645
84395.604
118153.846
65641.026
81702.128
83478.261
83478.261
83478.261
82580.645
83478.261
82580.645
82580.645
82580.645
81702.128
81702.128
81702.128
81702.128
81702.128
80842.105
82580.645
80842.105
81702.128
80842.105
81702.128
80842.105
225882.353
112941.176
81702.128
81702.128
82580.645
81702.128
81702.128
82580.645
81702.128
81702.128
82580.645
81702.128
82580.645
80842.105
82580.645
247741.935
142222.222
80842.105
80842.105
81702.128
82580.645
80000.0
81702.128
80842.105
80842.105
82580.645
80000.0
80842.105
147692.308
147692.308
80000.0
79175.258
80000.0
79175.258
79175.258
256000.0
130169.492
78367.347
79175.258
79175.258
79175.258
79175.258
80000.0
79175.258
79175.258
80000.0
80000.0
79175.258
79175.258
79175.258
80000.0
79175.258
80000.0
80000.0
80000.0
213333.333
112941.176
80842.105
79175.258
80000.0
80000.0
80000.0
80000.0
256000.0
132413.793
80842.105
79175.258
80842.105
80842.105
80842.105
80842.105
80842.105
80000.0
80000.0
81702.128
79175.258
80000.0
81702.128
80000.0
80842.105
80842.105
81702.128
81702.128
153600.0
147692.308
81702.128
81702.128
81702.128
81702.128
81702.128
333913.043
121904.762
81702.128
80000.0
80842.105
82580.645
80000.0
82580.645
80000.0
81702.128
81702.128
80842.105
80842.105
80842.105
81702.128
80842.105
80000.0
80842.105
79175.258
81702.128
80000.0
80000.0
80000.0
80000.0
80000.0
80000.0
80000.0
80842.105
80000.0
80842.105
80842.105
80842.105
80842.105
80000.0
80842.105
82580.645
80842.105
80000.0
82580.645
80000.0
80842.105
81702.128
111304.348
225882.353
81702.128
81702.128
81702.128
82580.645
82580.645
81702.128
256000.0
139636.364
83478.261
82580.645
82580.645
81702.128
81702.128
108169.014
67368.421
111304.348
63471.074
111304.348
64000.0
111304.348
65084.746
108169.014
65641.026
112941.176
65084.746
83478.261
82580.645
82580.645
81702.128
83478.261
213333.333
116363.636
81702.128
82580.645
81702.128
81702.128
92530.12
7680000.0
81702.128
82580.645
82580.645
83478.261
82580.645
81702.128
82580.645
82580.645
82580.645
84395.604
84395.604
83478.261
84395.604
82580.645
82580.645
84395.604
83478.261
82580.645
81702.128
81702.128
80842.105
