94814.815
89302.326
89302.326
89302.326
90352.941
91428.571
91428.571
93658.537
88275.862
89302.326
90352.941
92530.12
89302.326
88275.862
88275.862
91428.571
88275.862
89302.326
90352.941
90352.941
89302.326
90352.941
90352.941
90352.941
90352.941
91428.571
90352.941
89302.326
90352.941
90352.941
91428.571
88275.862
88275.862
89302.326
88275.862
88275.862
88275.862
89302.326
85333.333
87272.727
86292.135
88275.862
87272.727
88275.862
87272.727
86292.135
88275.862
88275.862
86292.135
87272.727
85333.333
87272.727
83478.261
87272.727
85333.333
85333.333
85333.333
84395.604
84395.604
87272.727
85333.333
84395.604
84395.604
88275.862
86292.135
83478.261
85333.333
86292.135
86292.135
84395.604
86292.135
84395.604
86292.135
84395.604
83478.261
85333.333
86292.135
86292.135
85333.333
85333.333
84395.604
84395.604
86292.135
86292.135
84395.604
82580.645
83478.261
82580.645
84395.604
84395.604
84395.604
84395.604
85333.333
90352.941
84395.604
85333.333
87272.727
83478.261
84395.604
86292.135
89302.326
84395.604
82580.645
85333.333
83478.261
84395.604
83478.261
84395.604
81702.128
81702.128
84395.604
83478.261
82580.645
82580.645
80842.105
82580.645
84395.604
80842.105
81702.128
80000.0
82580.645
81702.128
81702.128
81702.128
80000.0
82580.645
78367.347
80842.105
79175.258
79175.258
79175.258
84395.604
89302.326
89302.326
86292.135
88275.862
90352.941
90352.941
89302.326
90352.941
90352.941
89302.326
87272.727
89302.326
86292.135
84395.604
82580.645
80842.105
84395.604
82580.645
82580.645
86292.135
81702.128
80842.105
84395.604
84395.604
83478.261
82580.645
82580.645
81702.128
83478.261
88275.862
86292.135
84395.604
81702.128
87272.727
85333.333
83478.261
83478.261
82580.645
81702.128
87272.727
87272.727
86292.135
82580.645
81702.128
80000.0
83478.261
86292.135
85333.333
87272.727
84395.604
82580.645
82580.645
83478.261
83478.261
87272.727
85333.333
81702.128
81702.128
80842.105
80842.105
83478.261
85333.333
83478.261
83478.261
85333.333
85333.333
85333.333
85333.333
84395.604
85333.333
85333.333
86292.135
85333.333
87272.727
90352.941
97215.19
90352.941
89302.326
88275.862
87272.727
89302.326
89302.326
89302.326
87272.727
84395.604
88275.862
85333.333
87272.727
87272.727
84395.604
83478.261
87272.727
83478.261
84395.604
88275.862
82580.645
83478.261
81702.128
82580.645
84395.604
86292.135
80842.105
84395.604
85333.333
83478.261
82580.645
86292.135
80842.105
80842.105
79175.258
85333.333
81702.128
80842.105
80842.105
81702.128
81702.128
81702.128
80842.105
79175.258
80000.0
84395.604
82580.645
78367.347
75294.118
76039.604
81702.128
80842.105
79175.258
78367.347
76800.0
83478.261
81702.128
81702.128
80842.105
80000.0
81702.128
85333.333
83478.261
86292.135
82580.645
80842.105
80000.0
85333.333
81702.128
81702.128
79175.258
83478.261
82580.645
83478.261
81702.128
81702.128
82580.645
83478.261
82580.645
80842.105
79175.258
80000.0
97215.19
120000.0
86292.135
97215.19
88275.862
91428.571
88275.862
88275.862
83478.261
82580.645
82580.645
73846.154
70458.716
73846.154
147692.308
49870.13
128000.0
109714.286
128000.0
130169.492
71111.111
52244.898
139636.364
71111.111
139636.364
123870.968
111304.348
128000.0
83478.261
86292.135
101052.632
106666.667
59076.923
132413.793
77575.758
85333.333
120000.0
75294.118
111304.348
71775.701
97215.19
111304.348
109714.286
83478.261
109714.286
112941.176
67368.421
73846.154
79175.258
80842.105
84395.604
87272.727
84395.604
83478.261
81702.128
80000.0
84395.604
84395.604
83478.261
81702.128
81702.128
81702.128
88275.862
84395.604
83478.261
82580.645
83478.261
83478.261
88275.862
83478.261
84395.604
81702.128
88275.862
86292.135
147692.308
88275.862
87272.727
153600.0
93658.537
80000.0
97215.19
156734.694
72452.83
112941.176
65641.026
132413.793
120000.0
93658.537
78367.347
125901.639
87272.727
98461.538
67964.602
144905.66
112941.176
112941.176
60000.0
125901.639
160000.0
116363.636
130169.492
160000.0
70458.716
130169.492
130169.492
94814.815
111304.348
153600.0
80842.105
118153.846
120000.0
156734.694
111304.348
99740.26
156734.694
132413.793
160000.0
150588.235
116363.636
170666.667
150588.235
73142.857
112941.176
80000.0
139636.364
139636.364
86292.135
112941.176
66206.897
99740.26
112941.176
81702.128
108169.014
102400.0
109714.286
112941.176
99740.26
150588.235
81702.128
84395.604
98461.538
90352.941
84395.604
77575.758
71111.111
139636.364
150588.235
98461.538
116363.636
160000.0
92530.12
120000.0
98461.538
142222.222
130169.492
153600.0
105205.479
94814.815
98461.538
60952.381
56058.394
128000.0
68571.429
106666.667
116363.636
84395.604
84395.604
89302.326
80842.105
137142.857
108169.014
144905.66
147692.308
163404.255
132413.793
112941.176
108169.014
106666.667
102400.0
160000.0
91428.571
102400.0
116363.636
132413.793
92530.12
89302.326
76039.604
81702.128
82580.645
80842.105
78367.347
78367.347
77575.758
82580.645
78367.347
80000.0
80000.0
79175.258
80842.105
80000.0
81702.128
85333.333
83478.261
82580.645
80842.105
80842.105
81702.128
84395.604
84395.604
81702.128
83478.261
85333.333
85333.333
85333.333
83478.261
86292.135
81702.128
81702.128
82580.645
81702.128
84395.604
84395.604
82580.645
83478.261
88275.862
88275.862
84395.604
84395.604
84395.604
91428.571
87272.727
86292.135
85333.333
86292.135
84395.604
84395.604
89302.326
87272.727
85333.333
83478.261
84395.604
90352.941
87272.727
87272.727
88275.862
85333.333
89302.326
86292.135
87272.727
83478.261
81702.128
84395.604
86292.135
85333.333
87272.727
83478.261
85333.333
87272.727
84395.604
85333.333
84395.604
86292.135
84395.604
80842.105
82580.645
85333.333
86292.135
89302.326
83478.261
84395.604
83478.261
83478.261
81702.128
73142.857
75294.118
78367.347
80842.105
80000.0
82580.645
79175.258
79175.258
81702.128
81702.128
84395.604
81702.128
142222.222
130169.492
109714.286
82580.645
105205.479
132413.793
163404.255
86292.135
99740.26
80000.0
150588.235
121904.762
101052.632
96000.0
105205.479
123870.968
76039.604
116363.636
102400.0
82580.645
108169.014
76800.0
137142.857
166956.522
105205.479
87272.727
116363.636
96000.0
71775.701
83478.261
134736.842
125901.639
108169.014
142222.222
89302.326
79175.258
111304.348
76039.604
99740.26
96000.0
99740.26
142222.222
121904.762
101052.632
144905.66
123870.968
101052.632
96000.0
83478.261
121904.762
128000.0
156734.694
111304.348
91428.571
121904.762
121904.762
163404.255
121904.762
91428.571
118153.846
130169.492
71775.701
132413.793
108169.014
120000.0
114626.866
70458.716
153600.0
109714.286
123870.968
134736.842
84395.604
91428.571
96000.0
102400.0
93658.537
93658.537
90352.941
98461.538
96000.0
89302.326
65084.746
75294.118
73142.857
75294.118
76800.0
77575.758
77575.758
76800.0
74563.107
76800.0
80000.0
75294.118
76039.604
77575.758
76800.0
78367.347
80000.0
76800.0
76039.604
77575.758
79175.258
78367.347
78367.347
77575.758
77575.758
79175.258
81702.128
77575.758
77575.758
77575.758
79175.258
80000.0
79175.258
79175.258
79175.258
80000.0
83478.261
78367.347
79175.258
77575.758
80842.105
78367.347
79175.258
78367.347
78367.347
77575.758
76800.0
78367.347
78367.347
76800.0
76800.0
77575.758
77575.758
79175.258
77575.758
75294.118
76800.0
76800.0
77575.758
74563.107
74563.107
75294.118
78367.347
76039.604
75294.118
80000.0
84395.604
83478.261
83478.261
87272.727
82580.645
81702.128
81702.128
81702.128
80842.105
80000.0
80842.105
79175.258
80000.0
78367.347
81702.128
80000.0
78367.347
79175.258
79175.258
78367.347
82580.645
79175.258
80000.0
78367.347
96000.0
123870.968
160000.0
65084.746
108169.014
111304.348
112941.176
118153.846
67368.421
71775.701
77575.758
79175.258
78367.347
82580.645
81702.128
80842.105
81702.128
86292.135
82580.645
80000.0
80842.105
76800.0
79175.258
83478.261
80842.105
80000.0
80000.0
78367.347
80000.0
85333.333
80842.105
79175.258
80000.0
80842.105
80000.0
84395.604
80842.105
80842.105
79175.258
80000.0
78367.347
81702.128
81702.128
144905.66
123870.968
62439.024
97215.19
111304.348
128000.0
96000.0
62950.82
67964.602
71111.111
73846.154
71111.111
74563.107
72452.83
73846.154
74563.107
144905.66
61440.0
73142.857
73846.154
76800.0
72452.83
73846.154
75294.118
73142.857
76800.0
71775.701
72452.83
73142.857
74563.107
73142.857
71775.701
73142.857
73142.857
75294.118
73142.857
71775.701
144905.66
99740.26
60952.381
71775.701
72452.83
73846.154
73846.154
73142.857
73846.154
73846.154
142222.222
91428.571
116363.636
160000.0
71111.111
66206.897
118153.846
105205.479
121904.762
160000.0
123870.968
121904.762
123870.968
71111.111
130169.492
156734.694
150588.235
73142.857
150588.235
105205.479
96000.0
89302.326
86292.135
116363.636
111304.348
153600.0
108169.014
99740.26
91428.571
83478.261
86292.135
88275.862
81702.128
77575.758
86292.135
84395.604
86292.135
81702.128
79175.258
77575.758
81702.128
88275.862
84395.604
83478.261
80000.0
76800.0
84395.604
89302.326
85333.333
84395.604
79175.258
79175.258
81702.128
89302.326
86292.135
82580.645
80842.105
80000.0
88275.862
92530.12
89302.326
85333.333
81702.128
84395.604
86292.135
86292.135
83478.261
79175.258
77575.758
87272.727
86292.135
84395.604
80842.105
77575.758
87272.727
83478.261
84395.604
82580.645
79175.258
82580.645
86292.135
85333.333
83478.261
79175.258
80000.0
86292.135
83478.261
84395.604
82580.645
79175.258
79175.258
80000.0
90352.941
88275.862
86292.135
83478.261
79175.258
80000.0
153600.0
73142.857
111304.348
70458.716
120000.0
160000.0
71111.111
109714.286
88275.862
89302.326
144905.66
93658.537
85333.333
72452.83
118153.846
121904.762
125901.639
156734.694
87272.727
90352.941
105205.479
139636.364
142222.222
139636.364
153600.0
116363.636
82580.645
96000.0
120000.0
111304.348
94814.815
153600.0
116363.636
123870.968
85333.333
71111.111
71775.701
102400.0
120000.0
118153.846
80000.0
87272.727
60952.381
65641.026
67964.602
72452.83
69189.189
69818.182
70458.716
68571.429
71775.701
71111.111
70458.716
69189.189
68571.429
72452.83
80842.105
78367.347
77575.758
75294.118
77575.758
80842.105
80842.105
78367.347
76039.604
74563.107
77575.758
81702.128
76800.0
76800.0
74563.107
76039.604
80842.105
78367.347
77575.758
76039.604
75294.118
80842.105
147692.308
120000.0
114626.866
101052.632
118153.846
102400.0
139636.364
147692.308
153600.0
121904.762
111304.348
59534.884
68571.429
134736.842
118153.846
88275.862
114626.866
91428.571
78367.347
94814.815
101052.632
147692.308
90352.941
142222.222
137142.857
92530.12
88275.862
111304.348
79175.258
137142.857
102400.0
121904.762
93658.537
52602.74
96000.0
139636.364
67368.421
144905.66
76800.0
142222.222
72452.83
94814.815
142222.222
89302.326
153600.0
123870.968
114626.866
65084.746
93658.537
88275.862
75294.118
74563.107
61440.0
69189.189
68571.429
68571.429
69189.189
69818.182
73142.857
67964.602
69818.182
71111.111
72452.83
72452.83
71775.701
79175.258
83478.261
83478.261
80842.105
78367.347
75294.118
81702.128
80000.0
79175.258
75294.118
76039.604
80000.0
76800.0
77575.758
75294.118
73846.154
80842.105
77575.758
76800.0
75294.118
73142.857
74563.107
92530.12
121904.762
76800.0
74563.107
80000.0
81702.128
83478.261
87272.727
86292.135
84395.604
82580.645
83478.261
81702.128
89302.326
88275.862
83478.261
79175.258
80000.0
79175.258
84395.604
89302.326
85333.333
85333.333
80000.0
74563.107
84395.604
85333.333
80842.105
82580.645
78367.347
83478.261
84395.604
81702.128
81702.128
76800.0
74563.107
83478.261
75294.118
79175.258
76800.0
76800.0
82580.645
80000.0
79175.258
79175.258
147692.308
123870.968
66782.609
89302.326
98461.538
137142.857
90352.941
87272.727
111304.348
160000.0
94814.815
90352.941
96000.0
73846.154
130169.492
68571.429
130169.492
160000.0
144905.66
72452.83
137142.857
76039.604
105205.479
76800.0
120000.0
84395.604
153600.0
92530.12
139636.364
153600.0
111304.348
150588.235
137142.857
67964.602
96000.0
87272.727
97215.19
121904.762
67368.421
96000.0
92530.12
78367.347
46545.455
60472.441
73142.857
76800.0
74563.107
73846.154
73142.857
77575.758
73142.857
72452.83
71775.701
74563.107
71775.701
71111.111
76039.604
75294.118
78367.347
78367.347
79175.258
76039.604
75294.118
75294.118
80000.0
77575.758
78367.347
76039.604
79175.258
80842.105
78367.347
79175.258
78367.347
76039.604
77575.758
82580.645
79175.258
78367.347
76039.604
76039.604
80000.0
80000.0
79175.258
80000.0
78367.347
83478.261
83478.261
80842.105
79175.258
82580.645
81702.128
82580.645
83478.261
81702.128
77575.758
76039.604
81702.128
78367.347
76039.604
74563.107
74563.107
94814.815
75294.118
82580.645
61440.0
66206.897
66782.609
67964.602
67964.602
70458.716
69818.182
69818.182
70458.716
70458.716
71111.111
71775.701
71775.701
71775.701
71775.701
70458.716
70458.716
73846.154
70458.716
71111.111
71111.111
70458.716
73142.857
73142.857
71111.111
71111.111
71775.701
72452.83
74563.107
71775.701
74563.107
73846.154
74563.107
78367.347
76800.0
73846.154
73846.154
73142.857
76039.604
94814.815
118153.846
73846.154
73846.154
81702.128
83478.261
87272.727
86292.135
85333.333
144905.66
92530.12
99740.26
123870.968
130169.492
88275.862
56470.588
120000.0
92530.12
73142.857
92530.12
76800.0
130169.492
89302.326
137142.857
139636.364
111304.348
109714.286
116363.636
118153.846
163404.255
73846.154
71775.701
137142.857
144905.66
116363.636
144905.66
58625.954
72452.83
99740.26
77575.758
89302.326
92530.12
109714.286
67368.421
109714.286
137142.857
80000.0
134736.842
121904.762
103783.784
142222.222
134736.842
120000.0
78367.347
106666.667
97215.19
120000.0
93658.537
118153.846
114626.866
114626.866
61935.484
144905.66
67368.421
109714.286
97215.19
114626.866
111304.348
58625.954
101052.632
103783.784
105205.479
102400.0
102400.0
101052.632
101052.632
99740.26
99740.26
102400.0
101052.632
99740.26
99740.26
99740.26
101052.632
99740.26
98461.538
98461.538
99740.26
99740.26
99740.26
102400.0
98461.538
97215.19
98461.538
101052.632
101052.632
101052.632
102400.0
103783.784
101052.632
99740.26
101052.632
103783.784
56888.889
65084.746
70458.716
75294.118
77575.758
76800.0
76800.0
75294.118
80842.105
76800.0
77575.758
78367.347
76800.0
81702.128
77575.758
78367.347
76800.0
76039.604
77575.758
78367.347
77575.758
75294.118
74563.107
71111.111
76039.604
76800.0
147692.308
128000.0
120000.0
94814.815
147692.308
147692.308
97215.19
96000.0
137142.857
147692.308
101052.632
88275.862
132413.793
84395.604
102400.0
105205.479
106666.667
108169.014
59076.923
142222.222
156734.694
134736.842
87272.727
79175.258
106666.667
114626.866
67964.602
67368.421
134736.842
132413.793
81702.128
60472.441
96000.0
112941.176
92530.12
108169.014
109714.286
130169.492
128000.0
73142.857
139636.364
150588.235
83478.261
58181.818
73846.154
76039.604
69818.182
64537.815
105205.479
108169.014
105205.479
103783.784
101052.632
102400.0
103783.784
105205.479
61440.0
57744.361
73846.154
73142.857
73846.154
73142.857
75294.118
79175.258
78367.347
76800.0
75294.118
74563.107
75294.118
74563.107
79175.258
77575.758
77575.758
76800.0
77575.758
80000.0
80000.0
78367.347
77575.758
77575.758
80000.0
147692.308
116363.636
121904.762
118153.846
120000.0
123870.968
81702.128
76800.0
116363.636
106666.667
80000.0
128000.0
78367.347
91428.571
98461.538
125901.639
57313.433
99740.26
120000.0
66206.897
70458.716
73846.154
94814.815
118153.846
123870.968
160000.0
101052.632
101052.632
64000.0
101052.632
98461.538
142222.222
134736.842
121904.762
92530.12
88275.862
82580.645
101052.632
109714.286
153600.0
62439.024
83478.261
68571.429
79175.258
57313.433
67964.602
67964.602
69818.182
70458.716
69818.182
69189.189
72452.83
80000.0
77575.758
80842.105
78367.347
80842.105
83478.261
88275.862
83478.261
80842.105
82580.645
85333.333
84395.604
81702.128
150588.235
130169.492
111304.348
120000.0
166956.522
144905.66
160000.0
144905.66
87272.727
150588.235
105205.479
116363.636
103783.784
102400.0
114626.866
123870.968
139636.364
128000.0
121904.762
74563.107
83478.261
128000.0
114626.866
84395.604
73846.154
71775.701
120000.0
97215.19
97215.19
144905.66
134736.842
64537.815
93658.537
134736.842
88275.862
106666.667
87272.727
118153.846
81702.128
85333.333
150588.235
156734.694
73142.857
90352.941
94814.815
103783.784
99740.26
84395.604
68571.429
77575.758
83478.261
96000.0
93658.537
96000.0
93658.537
106666.667
83478.261
98461.538
97215.19
98461.538
98461.538
92530.12
56888.889
66206.897
66782.609
67368.421
67368.421
66782.609
66782.609
71111.111
68571.429
67368.421
67964.602
69189.189
77575.758
80842.105
76800.0
77575.758
77575.758
76800.0
76800.0
147692.308
130169.492
114626.866
67964.602
92530.12
94814.815
80842.105
142222.222
93658.537
83478.261
137142.857
103783.784
121904.762
128000.0
71111.111
139636.364
84395.604
134736.842
73142.857
76039.604
139636.364
142222.222
121904.762
70458.716
139636.364
128000.0
153600.0
144905.66
150588.235
156734.694
86292.135
139636.364
123870.968
91428.571
102400.0
77575.758
109714.286
56058.394
103783.784
103783.784
106666.667
101052.632
101052.632
99740.26
96000.0
70458.716
59534.884
64000.0
64537.815
64537.815
66782.609
71111.111
75294.118
77575.758
76039.604
76039.604
80000.0
80000.0
76800.0
76039.604
76039.604
73846.154
80000.0
78367.347
75294.118
76039.604
76800.0
86292.135
118153.846
96000.0
123870.968
123870.968
123870.968
121904.762
120000.0
118153.846
102400.0
88275.862
111304.348
139636.364
80000.0
80842.105
125901.639
101052.632
116363.636
90352.941
134736.842
150588.235
150588.235
137142.857
147692.308
128000.0
142222.222
153600.0
139636.364
142222.222
90352.941
96000.0
139636.364
93658.537
82580.645
83478.261
75294.118
83478.261
82580.645
144905.66
83478.261
93658.537
97215.19
93658.537
160000.0
118153.846
90352.941
114626.866
163404.255
96000.0
108169.014
97215.19
83478.261
114626.866
92530.12
88275.862
91428.571
137142.857
94814.815
94814.815
118153.846
78367.347
92530.12
132413.793
90352.941
69189.189
71111.111
132413.793
150588.235
139636.364
150588.235
121904.762
54857.143
89302.326
75294.118
80000.0
80842.105
81702.128
86292.135
82580.645
80842.105
80000.0
79175.258
85333.333
82580.645
78367.347
79175.258
80842.105
82580.645
78367.347
76800.0
76800.0
79175.258
83478.261
79175.258
78367.347
77575.758
81702.128
82580.645
79175.258
78367.347
76039.604
79175.258
83478.261
82580.645
80842.105
79175.258
78367.347
80000.0
83478.261
83478.261
80000.0
78367.347
80000.0
80842.105
85333.333
81702.128
80000.0
80842.105
79175.258
84395.604
84395.604
79175.258
78367.347
77575.758
79175.258
153600.0
64000.0
61440.0
66782.609
68571.429
71775.701
68571.429
68571.429
71111.111
73142.857
72452.83
71111.111
71111.111
71111.111
71775.701
73142.857
71111.111
70458.716
71775.701
70458.716
73846.154
69189.189
71111.111
71111.111
71775.701
71775.701
76039.604
78367.347
77575.758
75294.118
80000.0
80000.0
77575.758
80000.0
77575.758
80000.0
82580.645
78367.347
78367.347
77575.758
76800.0
80842.105
78367.347
77575.758
77575.758
77575.758
83478.261
75294.118
76800.0
75294.118
76039.604
79175.258
76800.0
77575.758
76039.604
74563.107
76800.0
79175.258
73846.154
74563.107
73142.857
74563.107
79175.258
76039.604
75294.118
75294.118
74563.107
73846.154
79175.258
76800.0
76039.604
75294.118
75294.118
80000.0
76800.0
78367.347
76800.0
77575.758
80000.0
77575.758
78367.347
77575.758
80000.0
80842.105
78367.347
78367.347
76039.604
80000.0
80000.0
76039.604
76039.604
75294.118
75294.118
82580.645
76800.0
76800.0
76039.604
75294.118
80000.0
76039.604
73846.154
73846.154
73142.857
78367.347
77575.758
74563.107
75294.118
74563.107
75294.118
77575.758
73846.154
74563.107
74563.107
78367.347
75294.118
74563.107
74563.107
74563.107
93658.537
123870.968
60952.381
65084.746
68571.429
69818.182
68571.429
68571.429
71111.111
71775.701
73142.857
71111.111
71775.701
73142.857
76039.604
73846.154
139636.364
105205.479
109714.286
142222.222
166956.522
89302.326
97215.19
153600.0
103783.784
118153.846
114626.866
48000.0
75294.118
82580.645
87272.727
85333.333
82580.645
80000.0
76800.0
76800.0
79175.258
81702.128
79175.258
77575.758
73846.154
73846.154
79175.258
78367.347
76039.604
74563.107
73846.154
76800.0
78367.347
81702.128
78367.347
76039.604
77575.758
78367.347
78367.347
81702.128
81702.128
80000.0
80842.105
80842.105
81702.128
81702.128
78367.347
79175.258
80000.0
80842.105
83478.261
78367.347
80000.0
80000.0
86292.135
85333.333
81702.128
80842.105
82580.645
87272.727
84395.604
83478.261
79175.258
79175.258
85333.333
82580.645
80842.105
77575.758
77575.758
81702.128
81702.128
76800.0
76039.604
75294.118
76039.604
82580.645
78367.347
76039.604
76039.604
73846.154
76039.604
80000.0
78367.347
76039.604
76039.604
75294.118
76800.0
78367.347
80842.105
78367.347
78367.347
77575.758
78367.347
81702.128
79175.258
79175.258
79175.258
80842.105
82580.645
80000.0
80000.0
78367.347
78367.347
80842.105
82580.645
78367.347
79175.258
79175.258
80000.0
83478.261
79175.258
80000.0
80842.105
85333.333
82580.645
81702.128
80842.105
85333.333
84395.604
82580.645
81702.128
83478.261
83478.261
81702.128
80842.105
80000.0
80842.105
82580.645
80000.0
78367.347
77575.758
78367.347
82580.645
80000.0
79175.258
78367.347
76800.0
76800.0
80842.105
77575.758
78367.347
75294.118
75294.118
74563.107
80842.105
80000.0
77575.758
77575.758
75294.118
76800.0
78367.347
80842.105
78367.347
76039.604
74563.107
76800.0
76039.604
83478.261
78367.347
78367.347
80000.0
79175.258
81702.128
82580.645
77575.758
79175.258
79175.258
81702.128
82580.645
80000.0
78367.347
80000.0
80000.0
81702.128
79175.258
77575.758
77575.758
79175.258
80842.105
82580.645
80842.105
76039.604
75294.118
77575.758
79175.258
80842.105
78367.347
80000.0
77575.758
77575.758
82580.645
80000.0
78367.347
77575.758
78367.347
80000.0
80842.105
78367.347
79175.258
79175.258
82580.645
81702.128
78367.347
78367.347
79175.258
80000.0
80842.105
76800.0
76800.0
78367.347
78367.347
81702.128
76800.0
76800.0
77575.758
77575.758
80000.0
80842.105
78367.347
79175.258
78367.347
78367.347
80842.105
80842.105
79175.258
82580.645
77575.758
80000.0
81702.128
82580.645
80842.105
80842.105
81702.128
78367.347
80842.105
83478.261
82580.645
81702.128
78367.347
77575.758
81702.128
86292.135
80000.0
81702.128
79175.258
77575.758
84395.604
82580.645
81702.128
81702.128
80000.0
80000.0
85333.333
81702.128
78367.347
76800.0
76039.604
77575.758
82580.645
78367.347
76039.604
74563.107
76039.604
78367.347
80842.105
77575.758
75294.118
77575.758
76800.0
80000.0
82580.645
80000.0
76800.0
77575.758
80000.0
81702.128
83478.261
80000.0
80842.105
80842.105
79175.258
82580.645
79175.258
78367.347
79175.258
78367.347
79175.258
80000.0
80000.0
80000.0
81702.128
79175.258
79175.258
82580.645
80842.105
81702.128
80000.0
79175.258
80842.105
83478.261
79175.258
80842.105
80842.105
78367.347
82580.645
79175.258
80000.0
78367.347
79175.258
82580.645
81702.128
80842.105
81702.128
79175.258
79175.258
83478.261
82580.645
80000.0
80842.105
79175.258
79175.258
83478.261
81702.128
80842.105
78367.347
78367.347
78367.347
80000.0
84395.604
80000.0
79175.258
78367.347
78367.347
83478.261
83478.261
80000.0
79175.258
77575.758
76800.0
79175.258
82580.645
77575.758
76800.0
77575.758
80000.0
81702.128
80000.0
80000.0
78367.347
78367.347
79175.258
80842.105
80842.105
79175.258
80000.0
80000.0
84395.604
82580.645
80842.105
81702.128
80000.0
85333.333
82580.645
79175.258
80000.0
79175.258
80000.0
84395.604
80842.105
77575.758
77575.758
78367.347
77575.758
81702.128
77575.758
76800.0
77575.758
77575.758
77575.758
81702.128
76800.0
76800.0
75294.118
76039.604
79175.258
80842.105
76800.0
76039.604
76039.604
76039.604
75294.118
80842.105
79175.258
78367.347
77575.758
76039.604
78367.347
81702.128
80000.0
79175.258
78367.347
79175.258
80842.105
83478.261
83478.261
81702.128
80000.0
80842.105
86292.135
84395.604
80000.0
80000.0
80000.0
80842.105
85333.333
79175.258
79175.258
80000.0
79175.258
84395.604
80842.105
81702.128
80000.0
79175.258
80000.0
83478.261
80842.105
79175.258
77575.758
77575.758
79175.258
82580.645
79175.258
77575.758
77575.758
80000.0
82580.645
80842.105
78367.347
77575.758
78367.347
80000.0
82580.645
81702.128
78367.347
79175.258
80000.0
81702.128
83478.261
82580.645
80000.0
80842.105
80000.0
81702.128
82580.645
80000.0
80842.105
80000.0
80000.0
80842.105
81702.128
82580.645
81702.128
81702.128
80000.0
84395.604
81702.128
80842.105
82580.645
80842.105
85333.333
83478.261
79175.258
80842.105
79175.258
79175.258
80842.105
79175.258
78367.347
80000.0
78367.347
79175.258
82580.645
76800.0
78367.347
78367.347
78367.347
79175.258
81702.128
80000.0
80000.0
77575.758
75294.118
79175.258
80842.105
78367.347
78367.347
76800.0
76039.604
80842.105
80842.105
80000.0
77575.758
77575.758
76800.0
82580.645
80000.0
80842.105
78367.347
77575.758
80000.0
82580.645
83478.261
78367.347
77575.758
76800.0
79175.258
81702.128
80000.0
79175.258
80000.0
80000.0
80842.105
84395.604
85333.333
79175.258
80000.0
80842.105
80000.0
83478.261
83478.261
80000.0
80842.105
82580.645
82580.645
86292.135
80842.105
80842.105
81702.128
80000.0
84395.604
82580.645
78367.347
80000.0
80000.0
80000.0
83478.261
80000.0
80000.0
80842.105
80842.105
80842.105
84395.604
79175.258
80842.105
81702.128
80000.0
81702.128
80842.105
79175.258
80000.0
78367.347
79175.258
81702.128
81702.128
81702.128
79175.258
80000.0
80842.105
82580.645
80000.0
81702.128
80842.105
80842.105
82580.645
80842.105
80842.105
80000.0
79175.258
79175.258
81702.128
80842.105
80842.105
80000.0
80000.0
78367.347
82580.645
82580.645
80842.105
80000.0
