90361.446
89820.359
87719.298
126050.42
110294.118
88757.396
90909.091
90361.446
90361.446
89820.359
89285.714
89285.714
88757.396
87719.298
87719.298
128205.128
108695.652
88757.396
90909.091
90909.091
90909.091
90909.091
90361.446
89820.359
88235.294
86705.202
126050.42
109489.051
88757.396
90909.091
89285.714
89820.359
90361.446
89285.714
89285.714
88757.396
88235.294
125000.0
111940.299
88235.294
90909.091
90909.091
88757.396
89820.359
88757.396
88235.294
88235.294
86206.897
125000.0
111940.299
87719.298
90361.446
89820.359
86705.202
88757.396
89285.714
89285.714
88757.396
88757.396
394736.842
74626.866
263157.895
111940.299
92592.593
90909.091
89820.359
89820.359
89285.714
90909.091
88757.396
88757.396
88757.396
88235.294
87719.298
84745.763
87209.302
118110.236
117187.5
88235.294
88757.396
88235.294
87719.298
87719.298
88235.294
87719.298
85714.286
84745.763
119047.619
112781.955
85227.273
86705.202
88235.294
87209.302
86206.897
87209.302
86705.202
86206.897
83798.883
117187.5
110294.118
86206.897
86705.202
86705.202
85714.286
87209.302
83333.333
83798.883
83333.333
81521.739
81081.081
81081.081
81521.739
114503.817
107913.669
80213.904
84745.763
83798.883
82417.582
81521.739
82872.928
81967.213
81521.739
79787.234
110294.118
109489.051
80213.904
81521.739
81521.739
80645.161
78947.368
78947.368
120967.742
84745.763
76530.612
78534.031
77319.588
76923.077
75000.0
74626.866
72463.768
71090.047
70422.535
68493.151
66079.295
64935.065
64377.682
62761.506
62761.506
62500.0
63291.139
63025.21
68807.339
67567.568
63559.322
56390.977
55350.554
54945.055
53956.835
54347.826
53763.441
54347.826
53380.783
53956.835
53956.835
53956.835
53380.783
54545.455
54744.526
57034.221
57034.221
53956.835
54545.455
55147.059
56390.977
54347.826
55762.082
56390.977
56179.775
56818.182
57034.221
57251.908
57034.221
58139.535
60240.964
56179.775
57915.058
57471.264
62240.664
56818.182
57034.221
55970.149
58593.75
57251.908
57471.264
56818.182
56179.775
55970.149
55762.082
56603.774
55762.082
76530.612
176470.588
58593.75
82872.928
63291.139
53380.783
55350.554
54545.455
55762.082
54945.055
84269.663
56603.774
53571.429
54545.455
54151.625
78534.031
58593.75
52631.579
54545.455
54151.625
54744.526
80213.904
52631.579
53956.835
54151.625
82417.582
52631.579
54151.625
53956.835
68493.151
52816.901
68807.339
51724.138
64377.682
52816.901
53763.441
69767.442
52447.552
53380.783
53571.429
69444.444
53571.429
52447.552
52816.901
53003.534
53571.429
53571.429
58365.759
51903.114
58593.75
51724.138
53003.534
52631.579
61983.471
57915.058
51020.408
52816.901
51903.114
61475.41
55555.556
50847.458
52447.552
52083.333
59523.81
51369.863
51194.539
51903.114
51724.138
51546.392
51369.863
51369.863
50847.458
50675.676
50847.458
50505.051
50505.051
50675.676
54545.455
76530.612
77720.207
87209.302
53763.441
72815.534
78125.0
77319.588
89285.714
81521.739
76923.077
76530.612
74626.866
71090.047
65789.474
63829.787
45871.56
49019.608
48859.935
49180.328
49504.95
49504.95
51724.138
51369.863
51369.863
51194.539
51194.539
48859.935
49180.328
48859.935
49342.105
48859.935
47468.354
50167.224
48701.299
48387.097
48859.935
48076.923
52264.808
59523.81
48701.299
47619.048
48387.097
49019.608
60000.0
55147.059
46875.0
48231.511
48543.689
48231.511
64655.172
55762.082
46583.851
47770.701
49342.105
48231.511
48387.097
48543.689
48231.511
48231.511
48076.923
52631.579
48231.511
47318.612
47923.323
47468.354
47770.701
47468.354
47169.811
46583.851
46875.0
45592.705
46875.0
45045.045
44776.119
43227.666
44910.18
42857.143
43988.27
42492.918
43352.601
46728.972
38363.171
41436.464
42253.521
42134.831
42134.831
42372.881
42134.831
43478.261
42613.636
43227.666
42372.881
43352.601
43103.448
70093.458
36855.037
44247.788
43352.601
47923.323
49180.328
48387.097
47318.612
47169.811
45871.56
48387.097
41551.247
78125.0
39682.54
43478.261
44117.647
43604.651
44776.119
44247.788
53571.429
53763.441
55555.556
48859.935
60483.871
91463.415
111111.111
58365.759
126050.42
80645.161
73170.732
118110.236
104895.105
69444.444
53191.489
141509.434
49019.608
49833.887
98039.216
107142.857
131578.947
92024.54
263157.895
217391.304
176470.588
98684.211
119047.619
86705.202
108695.652
70093.458
107142.857
118110.236
151515.152
123966.942
145631.068
144230.769
161290.323
154639.175
156250.0
120967.742
107913.669
102739.726
120967.742
72815.534
97402.597
122950.82
50000.0
46728.972
57915.058
138888.889
58365.759
46583.851
48387.097
44776.119
41436.464
47169.811
39267.016
129310.345
150000.0
150000.0
57471.264
111111.111
25210.084
107913.669
157894.737
107142.857
104895.105
138888.889
74257.426
234375.0
67873.303
17241.379
189873.418
172413.793
250000.0
151515.152
35885.167
36945.813
98684.211
51020.408
84269.663
35714.286
42979.943
59288.538
53763.441
48543.689
53003.534
48543.689
50167.224
51194.539
46153.846
140186.916
185185.185
130434.783
107913.669
89285.714
156250.0
62500.0
47923.323
46875.0
50847.458
31779.661
39893.617
185185.185
30737.705
211267.606
26132.404
164835.165
78125.0
16375.546
100000.0
131578.947
94339.623
104895.105
144230.769
208333.333
84269.663
51546.392
48701.299
59288.538
53003.534
47770.701
120967.742
35545.024
56603.774
54945.055
53571.429
55147.059
54151.625
54945.055
55555.556
55762.082
57034.221
57251.908
59288.538
59523.81
60240.964
59760.956
58593.75
53003.534
7874.016
214285.714
