71428.571
71428.571
71428.571
71090.047
71428.571
71428.571
71428.571
71428.571
71090.047
71428.571
71428.571
71428.571
138888.889
145631.068
71770.335
71090.047
71428.571
71428.571
71428.571
71090.047
71428.571
133928.571
153061.224
71428.571
71090.047
71428.571
72463.768
70422.535
71428.571
65789.474
77720.207
71428.571
71428.571
71428.571
135135.135
151515.152
71090.047
71428.571
71428.571
71428.571
135135.135
151515.152
71090.047
71428.571
71428.571
71428.571
135135.135
151515.152
71090.047
71428.571
71428.571
71428.571
137614.679
144230.769
72115.385
71428.571
71428.571
71428.571
132743.363
156250.0
70754.717
71428.571
71428.571
71428.571
138888.889
145631.068
71428.571
71428.571
71428.571
71428.571
131578.947
156250.0
71090.047
71428.571
71428.571
71428.571
71090.047
140186.916
145631.068
71428.571
71428.571
71428.571
71090.047
71428.571
138888.889
147058.824
71428.571
71428.571
71090.047
71428.571
138888.889
147058.824
71428.571
71428.571
71090.047
71428.571
138888.889
147058.824
71428.571
71090.047
71428.571
71428.571
137614.679
148514.851
71428.571
71090.047
71428.571
71428.571
71428.571
136363.636
150000.0
71090.047
71428.571
71428.571
71428.571
71428.571
71090.047
71428.571
71428.571
71428.571
138888.889
145631.068
71428.571
71428.571
71428.571
71428.571
71428.571
136363.636
150000.0
71090.047
71428.571
71428.571
71428.571
71090.047
71428.571
71428.571
71428.571
71428.571
71090.047
138888.889
147058.824
71428.571
71428.571
71428.571
71090.047
71428.571
71428.571
71428.571
71428.571
138888.889
145631.068
71428.571
71428.571
71428.571
71090.047
71428.571
71428.571
71428.571
71428.571
138888.889
145631.068
71428.571
71428.571
71428.571
71428.571
71428.571
71090.047
71428.571
71428.571
71428.571
138888.889
145631.068
71428.571
71428.571
71428.571
71428.571
71428.571
71090.047
71428.571
71428.571
136363.636
150000.0
71428.571
71090.047
71428.571
71428.571
71428.571
137614.679
147058.824
71428.571
71428.571
71428.571
71428.571
71428.571
137614.679
147058.824
71428.571
71428.571
71428.571
71428.571
71090.047
138888.889
147058.824
71428.571
71428.571
71428.571
71090.047
71428.571
71428.571
133928.571
153061.224
71428.571
71090.047
71428.571
71428.571
71428.571
71428.571
71090.047
138888.889
147058.824
71428.571
71428.571
71428.571
71090.047
71428.571
71428.571
71428.571
71428.571
71090.047
71428.571
71428.571
137614.679
148514.851
71428.571
71090.047
71428.571
71428.571
71428.571
71428.571
71090.047
71428.571
137614.679
148514.851
71428.571
71090.047
71428.571
71428.571
71428.571
71428.571
71090.047
71428.571
137614.679
148514.851
71428.571
71428.571
71090.047
71428.571
71428.571
71428.571
71428.571
71428.571
71090.047
71428.571
71428.571
71428.571
71428.571
71090.047
71428.571
71428.571
71428.571
71090.047
71428.571
71428.571
137614.679
148514.851
71428.571
71090.047
71428.571
71428.571
71428.571
135135.135
151515.152
71090.047
71428.571
71428.571
71428.571
71428.571
71428.571
137614.679
147058.824
71428.571
71428.571
71428.571
71428.571
71090.047
71428.571
71428.571
71428.571
71428.571
136363.636
148514.851
71428.571
71428.571
71428.571
71090.047
71428.571
137614.679
148514.851
71428.571
71428.571
71428.571
71090.047
71428.571
71428.571
71428.571
137614.679
147058.824
71428.571
71428.571
71428.571
71428.571
71428.571
71090.047
71428.571
137614.679
148514.851
71428.571
71090.047
71428.571
71428.571
71428.571
71428.571
71428.571
137614.679
147058.824
71428.571
71428.571
71428.571
71428.571
71090.047
71428.571
137614.679
148514.851
71428.571
71428.571
71090.047
71428.571
71428.571
71428.571
136363.636
535714.286
308.801
9836.066
74257.426
69444.444
72463.768
70422.535
71770.335
70422.535
71090.047
71428.571
71090.047
71428.571
71428.571
71428.571
71090.047
71428.571
71428.571
71428.571
71428.571
71428.571
71090.047
71428.571
71090.047
71428.571
71428.571
73170.732
69444.444
71428.571
71428.571
71428.571
71090.047
71428.571
71428.571
71428.571
71428.571
71090.047
71428.571
71428.571
71428.571
71090.047
71428.571
71428.571
71090.047
71428.571
71428.571
71428.571
71428.571
71090.047
71428.571
71428.571
71428.571
71090.047
71428.571
71428.571
71428.571
71090.047
71428.571
71428.571
