105205.479
77575.758
83478.261
114626.866
68571.429
80842.105
96000.0
264827.586
166956.522
80000.0
96000.0
225882.353
116363.636
86292.135
114626.866
232727.273
105205.479
109714.286
77575.758
187317.073
163404.255
142222.222
137142.857
192000.0
96000.0
76039.604
109714.286
548571.429
84395.604
120000.0
94814.815
76800.0
91428.571
93658.537
80000.0
109714.286
94814.815
80000.0
114626.866
93658.537
80000.0
112941.176
90352.941
78367.347
114626.866
156734.694
58625.954
83478.261
134736.842
137142.857
112941.176
79175.258
103783.784
225882.353
207567.568
75294.118
116363.636
182857.143
192000.0
79175.258
81702.128
89302.326
101052.632
426666.667
94814.815
82580.645
90352.941
86292.135
99740.26
90352.941
160000.0
192000.0
102400.0
78367.347
96000.0
72452.83
106666.667
77575.758
105205.479
96000.0
76800.0
99740.26
114626.866
91428.571
74563.107
109714.286
79175.258
84395.604
128000.0
81702.128
83478.261
130169.492
101052.632
88275.862
86292.135
76039.604
83478.261
123870.968
81702.128
85333.333
112941.176
232727.273
112941.176
86292.135
125901.639
81702.128
86292.135
121904.762
83478.261
81702.128
137142.857
101052.632
75294.118
121904.762
80000.0
82580.645
121904.762
65641.026
91428.571
80842.105
102400.0
97215.19
225882.353
106666.667
132413.793
80000.0
105205.479
71111.111
90352.941
97215.19
232727.273
118153.846
123870.968
82580.645
88275.862
125901.639
118153.846
76800.0
105205.479
81702.128
111304.348
202105.263
125901.639
144905.66
85333.333
114626.866
106666.667
202105.263
97215.19
118153.846
182857.143
125901.639
120000.0
69189.189
111304.348
182857.143
109714.286
132413.793
187317.073
120000.0
85333.333
98461.538
192000.0
192000.0
81702.128
120000.0
225882.353
144905.66
80000.0
120000.0
240000.0
116363.636
74563.107
88275.862
134736.842
81702.128
82580.645
120000.0
80000.0
89302.326
106666.667
80842.105
103783.784
232727.273
150588.235
144905.66
91428.571
96000.0
102400.0
103783.784
103783.784
102400.0
99740.26
99740.26
98461.538
99740.26
137142.857
137142.857
80000.0
79175.258
116363.636
75294.118
78367.347
112941.176
98461.538
70458.716
102400.0
72452.83
78367.347
121904.762
76039.604
79175.258
116363.636
76800.0
80000.0
114626.866
72452.83
80000.0
125901.639
94814.815
86292.135
111304.348
73142.857
80000.0
116363.636
74563.107
80842.105
96000.0
73846.154
79175.258
125901.639
207567.568
108169.014
80842.105
118153.846
240000.0
102400.0
81702.128
112941.176
73846.154
82580.645
125901.639
72452.83
80842.105
125901.639
70458.716
80842.105
130169.492
77575.758
80000.0
123870.968
76800.0
80842.105
118153.846
219428.571
160000.0
71111.111
118153.846
76039.604
79175.258
102400.0
225882.353
94814.815
108169.014
170666.667
349090.909
76800.0
80000.0
120000.0
225882.353
109714.286
77575.758
128000.0
139636.364
93658.537
88275.862
101052.632
225882.353
114626.866
70458.716
78367.347
128000.0
72452.83
103783.784
59076.923
81702.128
73846.154
114626.866
83478.261
73142.857
86292.135
225882.353
196923.077
75294.118
106666.667
88275.862
75294.118
118153.846
225882.353
120000.0
96000.0
73142.857
105205.479
76039.604
80000.0
118153.846
76039.604
80000.0
116363.636
83478.261
69818.182
132413.793
187317.073
80000.0
78367.347
98461.538
219428.571
123870.968
73846.154
109714.286
82580.645
73846.154
112941.176
82580.645
88275.862
134736.842
187317.073
101052.632
70458.716
114626.866
240000.0
109714.286
75294.118
120000.0
137142.857
57744.361
80842.105
89302.326
74563.107
106666.667
89302.326
102400.0
70458.716
114626.866
69818.182
78367.347
121904.762
71111.111
75294.118
120000.0
60000.0
84395.604
67368.421
123870.968
182857.143
116363.636
75294.118
128000.0
137142.857
98461.538
77575.758
101052.632
56058.394
88275.862
72452.83
77575.758
125901.639
75294.118
79175.258
121904.762
102400.0
71111.111
108169.014
69189.189
78367.347
109714.286
225882.353
86292.135
114626.866
187317.073
90352.941
116363.636
71111.111
79175.258
93658.537
225882.353
101052.632
116363.636
178604.651
106666.667
87272.727
82580.645
83478.261
97215.19
76039.604
111304.348
225882.353
147692.308
144905.66
92530.12
82580.645
106666.667
82580.645
77575.758
90352.941
225882.353
174545.455
76039.604
112941.176
88275.862
97215.19
106666.667
87272.727
71775.701
80842.105
85333.333
76800.0
109714.286
225882.353
125901.639
90352.941
90352.941
219428.571
156734.694
76039.604
120000.0
81702.128
134736.842
103783.784
74563.107
89302.326
96000.0
80842.105
98461.538
102400.0
72452.83
92530.12
89302.326
99740.26
71111.111
111304.348
70458.716
77575.758
123870.968
67964.602
73142.857
114626.866
64537.815
77575.758
69818.182
116363.636
76039.604
80000.0
116363.636
73142.857
77575.758
125901.639
132413.793
97215.19
76800.0
106666.667
137142.857
56470.588
77575.758
101052.632
74563.107
94814.815
225882.353
160000.0
74563.107
108169.014
88275.862
75294.118
112941.176
78367.347
99740.26
71775.701
111304.348
156734.694
57313.433
116363.636
62950.82
81702.128
112941.176
78367.347
92530.12
106666.667
74563.107
103783.784
232727.273
134736.842
76039.604
81702.128
114626.866
76800.0
80842.105
111304.348
120000.0
225882.353
75294.118
134736.842
128000.0
96000.0
73846.154
91428.571
182857.143
307200.0
156734.694
54857.143
88275.862
72452.83
78367.347
118153.846
67964.602
77575.758
132413.793
73142.857
77575.758
128000.0
109714.286
121904.762
80842.105
101052.632
213333.333
134736.842
83478.261
132413.793
70458.716
93658.537
99740.26
98461.538
98461.538
99740.26
128000.0
98461.538
73142.857
114626.866
77575.758
125901.639
73142.857
90352.941
103783.784
89302.326
111304.348
90352.941
98461.538
96000.0
96000.0
96000.0
94814.815
97215.19
97215.19
106666.667
90352.941
96000.0
97215.19
96000.0
94814.815
97215.19
97215.19
97215.19
97215.19
98461.538
101052.632
94814.815
97215.19
97215.19
98461.538
98461.538
97215.19
97215.19
97215.19
98461.538
98461.538
109714.286
89302.326
94814.815
121904.762
61935.484
78367.347
80000.0
77575.758
76800.0
116363.636
182857.143
111304.348
78367.347
123870.968
66782.609
75294.118
121904.762
96000.0
70458.716
106666.667
178604.651
116363.636
78367.347
121904.762
76039.604
76039.604
118153.846
75294.118
78367.347
120000.0
225882.353
111304.348
78367.347
120000.0
73846.154
80000.0
123870.968
202105.263
118153.846
81702.128
108169.014
76800.0
90352.941
106666.667
85333.333
99740.26
219428.571
89302.326
73142.857
114626.866
94814.815
73142.857
105205.479
64000.0
91428.571
71775.701
84395.604
86292.135
93658.537
225882.353
123870.968
84395.604
93658.537
225882.353
101052.632
121904.762
123870.968
58625.954
108169.014
73846.154
80842.105
121904.762
74563.107
106666.667
63471.074
103783.784
72452.83
120000.0
67368.421
73142.857
116363.636
84395.604
86292.135
103783.784
83478.261
75294.118
80000.0
125901.639
76800.0
114626.866
86292.135
78367.347
121904.762
74563.107
74563.107
114626.866
232727.273
123870.968
72452.83
84395.604
121904.762
69189.189
80842.105
132413.793
114626.866
178604.651
105205.479
103783.784
78367.347
70458.716
86292.135
82580.645
84395.604
106666.667
225882.353
98461.538
114626.866
178604.651
105205.479
83478.261
83478.261
111304.348
65641.026
112941.176
178604.651
106666.667
82580.645
85333.333
86292.135
97215.19
74563.107
130169.492
76800.0
76800.0
123870.968
105205.479
128000.0
81702.128
99740.26
102400.0
101052.632
99740.26
101052.632
130169.492
87272.727
86292.135
121904.762
213333.333
116363.636
93658.537
93658.537
94814.815
96000.0
96000.0
128000.0
78367.347
88275.862
90352.941
90352.941
89302.326
89302.326
89302.326
112941.176
73846.154
97215.19
92530.12
76039.604
120000.0
73142.857
93658.537
97215.19
99740.26
106666.667
92530.12
98461.538
98461.538
97215.19
118153.846
85333.333
92530.12
121904.762
139636.364
187317.073
87272.727
94814.815
114626.866
71775.701
111304.348
78367.347
72452.83
76039.604
103783.784
116363.636
93658.537
105205.479
57313.433
118153.846
67964.602
76039.604
121904.762
60000.0
102400.0
213333.333
106666.667
94814.815
105205.479
219428.571
182857.143
78367.347
112941.176
80842.105
80842.105
69189.189
123870.968
77575.758
111304.348
225882.353
132413.793
76800.0
123870.968
160000.0
192000.0
83478.261
80842.105
96000.0
76039.604
120000.0
87272.727
76800.0
123870.968
84395.604
96000.0
105205.479
76039.604
76039.604
80842.105
96000.0
75294.118
80842.105
102400.0
75294.118
118153.846
88275.862
74563.107
120000.0
64537.815
87272.727
84395.604
88275.862
112941.176
80000.0
105205.479
98461.538
101052.632
106666.667
75294.118
118153.846
63471.074
103783.784
76039.604
120000.0
62439.024
82580.645
89302.326
109714.286
75294.118
76039.604
116363.636
178604.651
196923.077
83478.261
80842.105
98461.538
78367.347
114626.866
86292.135
75294.118
118153.846
87272.727
76039.604
80842.105
120000.0
76800.0
103783.784
91428.571
142222.222
93658.537
134736.842
98461.538
86292.135
94814.815
96000.0
96000.0
101052.632
91428.571
94814.815
103783.784
87272.727
94814.815
94814.815
121904.762
82580.645
93658.537
111304.348
83478.261
94814.815
96000.0
123870.968
86292.135
88275.862
94814.815
96000.0
111304.348
85333.333
93658.537
96000.0
125901.639
80842.105
94814.815
118153.846
84395.604
94814.815
96000.0
97215.19
96000.0
96000.0
118153.846
84395.604
91428.571
116363.636
156734.694
187317.073
182857.143
86292.135
69189.189
116363.636
166956.522
174545.455
105205.479
102400.0
82580.645
105205.479
68571.429
73846.154
116363.636
116363.636
187317.073
81702.128
89302.326
99740.26
94814.815
96000.0
75294.118
121904.762
163404.255
58625.954
120000.0
76039.604
80842.105
106666.667
74563.107
92530.12
116363.636
84395.604
71111.111
90352.941
72452.83
77575.758
99740.26
63471.074
120000.0
178604.651
232727.273
56058.394
103783.784
63471.074
99740.26
960000.0
78367.347
81702.128
125901.639
137142.857
103783.784
96000.0
91428.571
85333.333
65641.026
111304.348
178604.651
109714.286
74563.107
73142.857
81702.128
116363.636
76039.604
114626.866
85333.333
76039.604
106666.667
82580.645
98461.538
99740.26
73846.154
71775.701
77575.758
80000.0
85333.333
80000.0
76039.604
120000.0
76039.604
79175.258
80842.105
80842.105
103783.784
144905.66
76800.0
86292.135
93658.537
72452.83
121904.762
60000.0
79175.258
75294.118
84395.604
103783.784
75294.118
116363.636
82580.645
75294.118
92530.12
92530.12
76800.0
118153.846
77575.758
74563.107
111304.348
78367.347
73846.154
80842.105
109714.286
74563.107
114626.866
150588.235
192000.0
187317.073
77575.758
92530.12
125901.639
78367.347
89302.326
114626.866
225882.353
142222.222
101052.632
103783.784
105205.479
106666.667
103783.784
103783.784
102400.0
111304.348
139636.364
108169.014
75294.118
83478.261
123870.968
78367.347
92530.12
120000.0
77575.758
91428.571
114626.866
121904.762
307200.0
307200.0
232727.273
84395.604
98461.538
101052.632
232727.273
187317.073
109714.286
98461.538
103783.784
105205.479
103783.784
105205.479
103783.784
105205.479
121904.762
130169.492
75294.118
105205.479
94814.815
101052.632
103783.784
99740.26
139636.364
86292.135
98461.538
105205.479
256000.0
196923.077
98461.538
240000.0
187317.073
123870.968
123870.968
118153.846
89302.326
166956.522
284444.444
105205.479
105205.479
103783.784
105205.479
128000.0
91428.571
137142.857
116363.636
256000.0
320000.0
264827.586
92530.12
102400.0
147692.308
111304.348
118153.846
83478.261
118153.846
144905.66
75294.118
134736.842
118153.846
192000.0
105205.479
106666.667
99740.26
112941.176
96000.0
103783.784
103783.784
103783.784
142222.222
163404.255
66782.609
93658.537
101052.632
92530.12
105205.479
105205.479
108169.014
99740.26
134736.842
89302.326
99740.26
111304.348
96000.0
108169.014
96000.0
99740.26
101052.632
99740.26
114626.866
219428.571
7680000.0
147692.308
125901.639
86292.135
112941.176
256000.0
123870.968
134736.842
61440.0
79175.258
118153.846
284444.444
80000.0
87272.727
114626.866
73846.154
111304.348
81702.128
76800.0
106666.667
264827.586
121904.762
78367.347
307200.0
240000.0
83478.261
87272.727
109714.286
75294.118
88275.862
118153.846
320000.0
116363.636
82580.645
130169.492
74563.107
85333.333
118153.846
78367.347
82580.645
97215.19
86292.135
240000.0
118153.846
147692.308
123870.968
64000.0
123870.968
74563.107
102400.0
232727.273
116363.636
147692.308
76800.0
114626.866
79175.258
84395.604
92530.12
80000.0
123870.968
163404.255
196923.077
88275.862
85333.333
85333.333
91428.571
134736.842
64537.815
112941.176
79175.258
132413.793
66206.897
86292.135
89302.326
91428.571
99740.26
256000.0
118153.846
89302.326
116363.636
76039.604
82580.645
102400.0
80000.0
123870.968
142222.222
256000.0
139636.364
91428.571
111304.348
247741.935
96000.0
111304.348
80000.0
128000.0
247741.935
125901.639
79175.258
84395.604
121904.762
80000.0
85333.333
118153.846
150588.235
101052.632
83478.261
99740.26
89302.326
84395.604
132413.793
77575.758
84395.604
132413.793
111304.348
73142.857
116363.636
72452.83
94814.815
114626.866
89302.326
111304.348
97215.19
125901.639
87272.727
112941.176
123870.968
85333.333
88275.862
93658.537
93658.537
121904.762
76800.0
92530.12
125901.639
128000.0
63471.074
108169.014
87272.727
99740.26
99740.26
101052.632
101052.632
99740.26
118153.846
92530.12
105205.479
225882.353
163404.255
98461.538
99740.26
98461.538
134736.842
73142.857
87272.727
106666.667
219428.571
130169.492
92530.12
112941.176
80000.0
112941.176
240000.0
139636.364
84395.604
112941.176
79175.258
92530.12
94814.815
94814.815
92530.12
91428.571
93658.537
106666.667
142222.222
128000.0
74563.107
83478.261
121904.762
67368.421
85333.333
102400.0
89302.326
70458.716
120000.0
75294.118
79175.258
130169.492
78367.347
81702.128
118153.846
125901.639
59076.923
123870.968
77575.758
79175.258
264827.586
225882.353
66206.897
81702.128
111304.348
73846.154
108169.014
68571.429
80842.105
92530.12
75294.118
111304.348
77575.758
153600.0
73142.857
77575.758
84395.604
123870.968
103783.784
73846.154
112941.176
256000.0
108169.014
118153.846
960000.0
102400.0
75294.118
120000.0
178604.651
71111.111
72452.83
85333.333
125901.639
118153.846
80000.0
106666.667
98461.538
80000.0
82580.645
132413.793
118153.846
73846.154
125901.639
207567.568
97215.19
88275.862
108169.014
134736.842
109714.286
77575.758
89302.326
121904.762
78367.347
84395.604
132413.793
79175.258
264827.586
118153.846
128000.0
80842.105
85333.333
118153.846
240000.0
118153.846
83478.261
130169.492
144905.66
123870.968
73142.857
86292.135
125901.639
76800.0
118153.846
82580.645
106666.667
134736.842
96000.0
106666.667
106666.667
307200.0
156734.694
105205.479
105205.479
105205.479
101052.632
98461.538
98461.538
134736.842
109714.286
72452.83
77575.758
137142.857
72452.83
73142.857
93658.537
74563.107
78367.347
92530.12
87272.727
114626.866
132413.793
102400.0
105205.479
94814.815
72452.83
108169.014
76039.604
120000.0
62439.024
111304.348
192000.0
101052.632
85333.333
87272.727
120000.0
225882.353
97215.19
88275.862
88275.862
89302.326
89302.326
90352.941
139636.364
144905.66
60000.0
109714.286
77575.758
85333.333
225882.353
274285.714
80842.105
82580.645
134736.842
99740.26
75294.118
120000.0
79175.258
106666.667
108169.014
320000.0
147692.308
76800.0
92530.12
93658.537
69818.182
121904.762
187317.073
120000.0
76800.0
87272.727
111304.348
768000.0
77575.758
87272.727
96000.0
98461.538
111304.348
98461.538
144905.66
320000.0
109714.286
130169.492
134736.842
139636.364
89302.326
109714.286
240000.0
111304.348
76039.604
84395.604
118153.846
79175.258
118153.846
83478.261
76039.604
80000.0
130169.492
76039.604
121904.762
61935.484
116363.636
67368.421
87272.727
88275.862
88275.862
87272.727
87272.727
111304.348
207567.568
247741.935
307200.0
78367.347
84395.604
87272.727
87272.727
92530.12
225882.353
142222.222
84395.604
121904.762
232727.273
274285.714
160000.0
87272.727
219428.571
147692.308
137142.857
108169.014
232727.273
93658.537
240000.0
232727.273
80000.0
84395.604
120000.0
79175.258
85333.333
128000.0
320000.0
139636.364
73846.154
121904.762
187317.073
116363.636
85333.333
106666.667
74563.107
80842.105
92530.12
116363.636
90352.941
99740.26
219428.571
213333.333
73846.154
82580.645
91428.571
80000.0
120000.0
71111.111
79175.258
86292.135
89302.326
82580.645
114626.866
202105.263
120000.0
78367.347
105205.479
480000.0
101052.632
77575.758
112941.176
240000.0
150588.235
147692.308
91428.571
83478.261
89302.326
160000.0
156734.694
111304.348
232727.273
98461.538
94814.815
84395.604
88275.862
116363.636
72452.83
89302.326
91428.571
232727.273
147692.308
89302.326
118153.846
73142.857
89302.326
91428.571
219428.571
156734.694
90352.941
90352.941
89302.326
92530.12
89302.326
90352.941
103783.784
240000.0
120000.0
90352.941
91428.571
86292.135
89302.326
87272.727
87272.727
240000.0
137142.857
98461.538
247741.935
121904.762
82580.645
96000.0
240000.0
120000.0
87272.727
142222.222
79175.258
106666.667
89302.326
240000.0
102400.0
85333.333
118153.846
80000.0
116363.636
80842.105
76039.604
128000.0
202105.263
144905.66
78367.347
112941.176
196923.077
160000.0
150588.235
98461.538
320000.0
102400.0
142222.222
85333.333
192000.0
150588.235
213333.333
202105.263
77575.758
98461.538
85333.333
91428.571
105205.479
960000.0
91428.571
97215.19
101052.632
256000.0
116363.636
91428.571
92530.12
94814.815
156734.694
225882.353
114626.866
114626.866
96000.0
112941.176
247741.935
86292.135
111304.348
76039.604
114626.866
80842.105
87272.727
121904.762
76039.604
89302.326
112941.176
109714.286
225882.353
109714.286
114626.866
78367.347
120000.0
76039.604
90352.941
99740.26
85333.333
97215.19
114626.866
69818.182
90352.941
92530.12
87272.727
90352.941
139636.364
121904.762
103783.784
108169.014
74563.107
150588.235
426666.667
225882.353
116363.636
81702.128
109714.286
256000.0
101052.632
86292.135
116363.636
247741.935
114626.866
120000.0
125901.639
97215.19
73142.857
125901.639
80000.0
82580.645
121904.762
264827.586
264827.586
63471.074
79175.258
86292.135
88275.862
88275.862
121904.762
76039.604
116363.636
264827.586
128000.0
80000.0
91428.571
118153.846
80000.0
89302.326
132413.793
86292.135
79175.258
89302.326
109714.286
240000.0
128000.0
960000.0
91428.571
90352.941
91428.571
90352.941
91428.571
91428.571
139636.364
82580.645
86292.135
114626.866
101052.632
125901.639
192000.0
109714.286
85333.333
114626.866
96000.0
182857.143
134736.842
108169.014
365714.286
94814.815
88275.862
114626.866
590769.231
232727.273
137142.857
99740.26
109714.286
247741.935
103783.784
103783.784
81702.128
142222.222
256000.0
125901.639
71775.701
90352.941
90352.941
256000.0
139636.364
90352.941
91428.571
112941.176
256000.0
106666.667
89302.326
112941.176
320000.0
768000.0
139636.364
81702.128
87272.727
96000.0
84395.604
137142.857
80842.105
83478.261
123870.968
178604.651
132413.793
80842.105
139636.364
79175.258
80842.105
128000.0
80000.0
84395.604
120000.0
76800.0
80842.105
125901.639
77575.758
80842.105
106666.667
80000.0
93658.537
112941.176
247741.935
90352.941
137142.857
77575.758
82580.645
97215.19
77575.758
132413.793
192000.0
99740.26
97215.19
74563.107
85333.333
106666.667
232727.273
106666.667
121904.762
103783.784
232727.273
139636.364
105205.479
118153.846
73846.154
78367.347
132413.793
144905.66
123870.968
69189.189
88275.862
90352.941
93658.537
92530.12
98461.538
213333.333
170666.667
109714.286
82580.645
120000.0
232727.273
114626.866
94814.815
240000.0
153600.0
92530.12
94814.815
112941.176
81702.128
92530.12
96000.0
94814.815
134736.842
79175.258
98461.538
92530.12
101052.632
102400.0
102400.0
232727.273
187317.073
101052.632
102400.0
118153.846
103783.784
94814.815
101052.632
225882.353
178604.651
102400.0
144905.66
150588.235
63471.074
82580.645
130169.492
86292.135
99740.26
102400.0
102400.0
112941.176
96000.0
123870.968
90352.941
101052.632
121904.762
219428.571
163404.255
111304.348
101052.632
105205.479
163404.255
79175.258
106666.667
108169.014
256000.0
174545.455
213333.333
320000.0
137142.857
81702.128
116363.636
247741.935
147692.308
105205.479
108169.014
102400.0
105205.479
134736.842
451764.706
144905.66
89302.326
103783.784
121904.762
93658.537
105205.479
166956.522
87272.727
90352.941
123870.968
247741.935
166956.522
94814.815
103783.784
102400.0
101052.632
116363.636
93658.537
101052.632
102400.0
102400.0
106666.667
101052.632
101052.632
101052.632
99740.26
101052.632
111304.348
207567.568
307200.0
80000.0
91428.571
111304.348
109714.286
156734.694
59534.884
90352.941
134736.842
78367.347
123870.968
264827.586
116363.636
99740.26
139636.364
116363.636
71775.701
106666.667
196923.077
192000.0
130169.492
92530.12
96000.0
105205.479
105205.479
105205.479
103783.784
132413.793
121904.762
79175.258
102400.0
103783.784
103783.784
102400.0
144905.66
93658.537
118153.846
73846.154
98461.538
96000.0
99740.26
101052.632
101052.632
96000.0
118153.846
142222.222
69189.189
99740.26
142222.222
90352.941
109714.286
247741.935
112941.176
98461.538
111304.348
264827.586
187317.073
91428.571
125901.639
90352.941
101052.632
125901.639
256000.0
134736.842
102400.0
108169.014
125901.639
89302.326
111304.348
108169.014
147692.308
116363.636
71775.701
106666.667
81702.128
74563.107
84395.604
120000.0
70458.716
118153.846
73846.154
68571.429
123870.968
62950.82
106666.667
137142.857
93658.537
103783.784
62439.024
76039.604
89302.326
97215.19
240000.0
102400.0
130169.492
187317.073
109714.286
98461.538
97215.19
79175.258
86292.135
112941.176
213333.333
128000.0
320000.0
202105.263
84395.604
79175.258
121904.762
85333.333
80000.0
137142.857
768000.0
82580.645
87272.727
114626.866
256000.0
101052.632
85333.333
116363.636
77575.758
103783.784
256000.0
120000.0
80000.0
118153.846
170666.667
74563.107
114626.866
81702.128
80842.105
103783.784
240000.0
174545.455
82580.645
125901.639
284444.444
1920000.0
144905.66
81702.128
102400.0
97215.19
80000.0
86292.135
86292.135
98461.538
82580.645
84395.604
103783.784
80842.105
112941.176
247741.935
128000.0
80842.105
264827.586
232727.273
156734.694
196923.077
114626.866
76039.604
112941.176
83478.261
109714.286
232727.273
166956.522
83478.261
96000.0
123870.968
96000.0
99740.26
139636.364
61935.484
81702.128
86292.135
92530.12
76800.0
137142.857
105205.479
232727.273
92530.12
114626.866
103783.784
349090.909
98461.538
256000.0
99740.26
125901.639
81702.128
86292.135
125901.639
264827.586
320000.0
3840000.0
101052.632
80000.0
88275.862
118153.846
111304.348
256000.0
120000.0
67964.602
87272.727
87272.727
91428.571
121904.762
156734.694
187317.073
114626.866
156734.694
590769.231
66206.897
108169.014
192000.0
130169.492
132413.793
232727.273
128000.0
78367.347
160000.0
76800.0
156734.694
128000.0
213333.333
91428.571
114626.866
67964.602
163404.255
174545.455
87272.727
109714.286
174545.455
59076.923
101052.632
81702.128
320000.0
112941.176
91428.571
91428.571
90352.941
116363.636
247741.935
109714.286
101052.632
83478.261
93658.537
91428.571
90352.941
91428.571
91428.571
108169.014
78367.347
90352.941
98461.538
240000.0
3840000.0
139636.364
91428.571
134736.842
82580.645
84395.604
111304.348
112941.176
365714.286
112941.176
103783.784
114626.866
105205.479
73846.154
102400.0
80842.105
77575.758
121904.762
81702.128
85333.333
112941.176
142222.222
109714.286
79175.258
128000.0
92530.12
105205.479
69818.182
128000.0
66782.609
85333.333
118153.846
320000.0
274285.714
137142.857
89302.326
92530.12
142222.222
264827.586
121904.762
108169.014
80842.105
196923.077
134736.842
116363.636
80842.105
86292.135
125901.639
213333.333
106666.667
88275.862
90352.941
92530.12
112941.176
77575.758
97215.19
81702.128
89302.326
130169.492
150588.235
103783.784
320000.0
102400.0
120000.0
240000.0
160000.0
153600.0
101052.632
153600.0
225882.353
94814.815
99740.26
76800.0
93658.537
77575.758
108169.014
512000.0
86292.135
77575.758
144905.66
79175.258
87272.727
225882.353
114626.866
101052.632
74563.107
112941.176
87272.727
97215.19
247741.935
90352.941
81702.128
99740.26
232727.273
102400.0
80842.105
123870.968
240000.0
92530.12
91428.571
232727.273
101052.632
134736.842
187317.073
121904.762
106666.667
232727.273
106666.667
76039.604
74563.107
106666.667
96000.0
73846.154
79175.258
80842.105
93658.537
77575.758
75294.118
121904.762
240000.0
86292.135
77575.758
99740.26
101052.632
111304.348
73846.154
89302.326
74563.107
71111.111
77575.758
98461.538
73142.857
120000.0
240000.0
134736.842
73846.154
71111.111
76800.0
103783.784
73142.857
78367.347
118153.846
225882.353
88275.862
112941.176
202105.263
102400.0
123870.968
73846.154
92530.12
219428.571
89302.326
83478.261
76039.604
80842.105
125901.639
69818.182
79175.258
80842.105
92530.12
89302.326
71111.111
130169.492
144905.66
93658.537
72452.83
112941.176
264827.586
130169.492
105205.479
256000.0
88275.862
116363.636
274285.714
99740.26
79175.258
134736.842
86292.135
590769.231
80842.105
125901.639
106666.667
74563.107
105205.479
79175.258
111304.348
81702.128
284444.444
130169.492
240000.0
106666.667
128000.0
187317.073
147692.308
72452.83
108169.014
232727.273
97215.19
88275.862
88275.862
121904.762
240000.0
103783.784
82580.645
109714.286
240000.0
108169.014
88275.862
121904.762
240000.0
7680000.0
99740.26
89302.326
116363.636
114626.866
247741.935
118153.846
225882.353
163404.255
79175.258
264827.586
240000.0
240000.0
349090.909
3840000.0
192000.0
213333.333
93658.537
77575.758
92530.12
219428.571
128000.0
120000.0
207567.568
116363.636
91428.571
98461.538
114626.866
240000.0
103783.784
130169.492
225882.353
1280000.0
60000.0
112941.176
94814.815
73846.154
103783.784
213333.333
134736.842
80000.0
139636.364
65641.026
2560000.0
96000.0
219428.571
150588.235
86292.135
91428.571
90352.941
90352.941
111304.348
192000.0
130169.492
89302.326
132413.793
78367.347
108169.014
240000.0
207567.568
69189.189
134736.842
85333.333
76039.604
130169.492
130169.492
307200.0
105205.479
99740.26
247741.935
101052.632
80000.0
86292.135
130169.492
156734.694
118153.846
76039.604
137142.857
240000.0
134736.842
80842.105
108169.014
247741.935
99740.26
88275.862
111304.348
79175.258
105205.479
81702.128
123870.968
106666.667
256000.0
94814.815
106666.667
232727.273
187317.073
80000.0
102400.0
120000.0
320000.0
106666.667
80000.0
103783.784
85333.333
114626.866
256000.0
142222.222
96000.0
116363.636
295384.615
274285.714
118153.846
284444.444
247741.935
82580.645
144905.66
192000.0
89302.326
96000.0
88275.862
111304.348
333913.043
1280000.0
163404.255
82580.645
88275.862
88275.862
91428.571
93658.537
121904.762
256000.0
116363.636
101052.632
264827.586
202105.263
97215.19
109714.286
240000.0
96000.0
82580.645
88275.862
232727.273
163404.255
94814.815
232727.273
150588.235
92530.12
109714.286
90352.941
86292.135
134736.842
82580.645
130169.492
274285.714
225882.353
207567.568
178604.651
150588.235
102400.0
111304.348
170666.667
349090.909
80000.0
112941.176
77575.758
88275.862
99740.26
92530.12
99740.26
105205.479
247741.935
137142.857
79175.258
142222.222
76800.0
76039.604
83478.261
128000.0
73142.857
82580.645
84395.604
121904.762
74563.107
114626.866
333913.043
512000.0
142222.222
71775.701
87272.727
97215.19
103783.784
75294.118
163404.255
202105.263
192000.0
166956.522
84395.604
101052.632
256000.0
284444.444
333913.043
80000.0
86292.135
134736.842
77575.758
120000.0
240000.0
94814.815
111304.348
202105.263
102400.0
90352.941
94814.815
87272.727
90352.941
101052.632
80842.105
89302.326
123870.968
111304.348
72452.83
120000.0
75294.118
80842.105
121904.762
247741.935
91428.571
93658.537
232727.273
121904.762
99740.26
114626.866
67964.602
118153.846
70458.716
86292.135
128000.0
72452.83
105205.479
174545.455
70458.716
101052.632
264827.586
147692.308
73142.857
81702.128
85333.333
78367.347
87272.727
116363.636
232727.273
98461.538
86292.135
96000.0
240000.0
118153.846
132413.793
118153.846
207567.568
120000.0
72452.83
118153.846
192000.0
90352.941
99740.26
74563.107
112941.176
240000.0
144905.66
72452.83
232727.273
219428.571
240000.0
156734.694
89302.326
105205.479
256000.0
108169.014
73142.857
187317.073
174545.455
98461.538
69189.189
82580.645
121904.762
76039.604
142222.222
404210.526
256000.0
112941.176
72452.83
121904.762
70458.716
87272.727
125901.639
120000.0
698181.818
240000.0
84395.604
112941.176
71775.701
116363.636
68571.429
82580.645
87272.727
85333.333
85333.333
84395.604
83478.261
83478.261
84395.604
81702.128
83478.261
106666.667
219428.571
99740.26
82580.645
82580.645
81702.128
81702.128
80842.105
81702.128
80842.105
102400.0
232727.273
96000.0
84395.604
137142.857
79175.258
150588.235
60000.0
103783.784
284444.444
75294.118
125901.639
96000.0
142222.222
80000.0
101052.632
102400.0
97215.19
105205.479
82580.645
112941.176
232727.273
108169.014
93658.537
130169.492
73142.857
73142.857
120000.0
61935.484
106666.667
225882.353
88275.862
106666.667
67964.602
121904.762
202105.263
150588.235
74563.107
72452.83
80842.105
82580.645
84395.604
81702.128
90352.941
78367.347
82580.645
118153.846
66782.609
80000.0
121904.762
106666.667
62439.024
123870.968
67964.602
78367.347
112941.176
232727.273
82580.645
118153.846
128000.0
68571.429
111304.348
79175.258
67964.602
125901.639
59534.884
89302.326
219428.571
105205.479
120000.0
202105.263
97215.19
85333.333
85333.333
108169.014
225882.353
101052.632
123870.968
207567.568
92530.12
88275.862
80842.105
128000.0
256000.0
118153.846
74563.107
125901.639
232727.273
108169.014
75294.118
86292.135
116363.636
76039.604
116363.636
232727.273
120000.0
77575.758
121904.762
207567.568
111304.348
89302.326
123870.968
196923.077
105205.479
114626.866
118153.846
98461.538
71775.701
109714.286
70458.716
82580.645
106666.667
232727.273
101052.632
98461.538
87272.727
192000.0
121904.762
91428.571
120000.0
202105.263
98461.538
94814.815
219428.571
103783.784
125901.639
70458.716
80000.0
99740.26
86292.135
213333.333
106666.667
120000.0
192000.0
101052.632
80000.0
128000.0
69818.182
125901.639
202105.263
80000.0
108169.014
219428.571
97215.19
120000.0
207567.568
92530.12
82580.645
85333.333
108169.014
192000.0
99740.26
134736.842
98461.538
62950.82
121904.762
68571.429
79175.258
125901.639
144905.66
85333.333
93658.537
128000.0
88275.862
114626.866
219428.571
57744.361
86292.135
114626.866
90352.941
67964.602
125901.639
202105.263
120000.0
75294.118
111304.348
202105.263
120000.0
73142.857
84395.604
106666.667
240000.0
101052.632
85333.333
97215.19
74563.107
105205.479
247741.935
120000.0
72452.83
121904.762
225882.353
114626.866
72452.83
123870.968
207567.568
123870.968
71111.111
128000.0
207567.568
116363.636
74563.107
116363.636
202105.263
118153.846
76039.604
120000.0
202105.263
112941.176
76039.604
121904.762
202105.263
121904.762
73142.857
118153.846
225882.353
116363.636
75294.118
116363.636
202105.263
112941.176
78367.347
120000.0
207567.568
108169.014
78367.347
111304.348
232727.273
105205.479
82580.645
109714.286
232727.273
98461.538
85333.333
99740.26
219428.571
114626.866
103783.784
116363.636
89302.326
69189.189
116363.636
69189.189
112941.176
75294.118
74563.107
83478.261
105205.479
83478.261
102400.0
79175.258
109714.286
187317.073
80000.0
103783.784
71111.111
116363.636
202105.263
153600.0
232727.273
96000.0
109714.286
232727.273
349090.909
240000.0
67368.421
125901.639
202105.263
137142.857
66782.609
78367.347
284444.444
202105.263
68571.429
118153.846
80000.0
103783.784
225882.353
93658.537
116363.636
207567.568
108169.014
88275.862
87272.727
132413.793
103783.784
960000.0
69189.189
82580.645
112941.176
79175.258
71775.701
112941.176
68571.429
97215.19
240000.0
170666.667
142222.222
85333.333
67368.421
89302.326
219428.571
192000.0
73846.154
71111.111
80000.0
82580.645
84395.604
101052.632
225882.353
108169.014
84395.604
240000.0
284444.444
69818.182
88275.862
116363.636
144905.66
94814.815
68571.429
320000.0
105205.479
83478.261
111304.348
68571.429
82580.645
84395.604
85333.333
90352.941
207567.568
130169.492
82580.645
109714.286
225882.353
101052.632
85333.333
112941.176
225882.353
96000.0
84395.604
